CHR	POS	DEPTH	REF	R+	R-	A+	A-	C+	C-	T+	T-	G+	G-	PAD	MOTIF
chr7	1585081	1	T	1	0	0	0	0	0	0	0	0	0	0	CTGGT	nan	nan	nan	nan
chr7	55241706	12	G	8	4	0	0	0	0	0	0	0	0	0	TGGGC
chr7	55241707	11	G	7	4	0	0	0	0	0	0	0	0	0	GGGCT
chr7	55241708	12	G	8	4	0	0	0	0	0	0	0	0	0	GGCTC
chr7	55241709	12	C	8	4	0	0	0	0	0	0	0	0	0	GCTCC
chr7	55242415	10	G	5	5	0	0	0	0	0	0	0	0	0	GGGAC
chr7	55242416	11	G	5	6	0	0	0	0	0	0	0	0	0	GGACT
chr7	55242417	12	A	5	7	0	0	0	0	0	0	0	0	0	GACTC
chr7	55242418	12	C	5	7	0	0	0	0	0	0	0	0	0	ACTCT
chr7	55242419	11	T	4	7	0	0	0	0	0	0	0	0	0	CTCTG
chr7	55242420	12	C	5	7	0	0	0	0	0	0	0	0	0	TCTGG
chr7	55242421	12	T	5	7	0	0	0	0	0	0	0	0	0	CTGGA
chr7	55242422	12	G	5	7	0	0	0	0	0	0	0	0	0	TGGAT
chr7	55242423	12	G	5	7	0	0	0	0	0	0	0	0	0	GGATC
chr7	55242424	12	A	5	7	0	0	0	0	0	0	0	0	0	GATCC
chr7	55242425	11	T	4	7	0	0	0	0	0	0	0	0	0	ATCCC
chr7	55242426	13	C	6	7	0	0	0	0	0	0	0	0	0	TCCCA
chr7	55242427	12	C	6	6	0	0	0	0	0	0	0	0	0	CCCAG
chr7	55242428	12	C	6	6	0	0	0	0	0	0	0	0	0	CCAGA
chr7	55242429	12	A	6	6	0	0	0	0	0	0	0	0	0	CAGAA
chr7	55242430	12	G	6	6	0	0	0	0	0	0	0	0	0	AGAAG
chr7	55242431	12	A	6	6	0	0	0	0	0	0	0	0	0	GAAGG
chr7	55242432	12	A	6	6	0	0	0	0	0	0	0	0	0	AAGGT
chr7	55242433	12	G	6	6	0	0	0	0	0	0	0	0	0	AGGTG
chr7	55242434	12	G	6	6	0	0	0	0	0	0	0	0	0	GGTGA
chr7	55242435	12	T	6	6	0	0	0	0	0	0	0	0	0	GTGAG
chr7	55242436	12	G	6	6	0	0	0	0	0	0	0	0	0	TGAGA
chr7	55242437	12	A	6	6	0	0	0	0	0	0	0	0	0	GAGAA
chr7	55242438	12	G	6	6	0	0	0	0	0	0	0	0	0	AGAAA
chr7	55242439	12	A	6	6	0	0	0	0	0	0	0	0	0	GAAAG
chr7	55242440	12	A	6	6	0	0	0	0	0	0	0	0	0	AAAGT
chr7	55242441	11	A	6	5	0	0	0	0	0	0	0	0	0	AAGTT
chr7	55242442	11	G	6	5	0	0	0	0	0	0	0	0	0	AGTTA
chr7	55242443	10	T	6	4	0	0	0	0	0	0	0	0	0	GTTAA
chr7	55242444	8	T	4	4	0	0	0	0	0	0	0	0	0	TTAAA
chr7	55242445	8	A	4	4	0	0	0	0	0	0	0	0	0	TAAAA
chr7	55242446	8	A	4	4	0	0	0	0	0	0	0	0	0	AAAAT
chr7	55242447	8	A	4	4	0	0	0	0	0	0	0	0	0	AAATT
chr7	55242448	8	A	4	4	0	0	0	0	0	0	0	0	0	AATTC
chr7	55242449	8	T	4	4	0	0	0	0	0	0	0	0	0	ATTCC
chr7	55242450	8	T	4	4	0	0	0	0	0	0	0	0	0	TTCCC
chr7	55242451	8	C	4	4	0	0	0	0	0	0	0	0	0	TCCCG
chr7	55242452	8	C	4	4	0	0	0	0	0	0	0	0	0	CCCGT
chr7	55242453	9	C	5	4	0	0	0	0	0	0	0	0	0	CCGTC
chr7	55242454	9	G	5	4	0	0	0	0	0	0	0	0	0	CGTCG
chr7	55242455	9	T	5	4	0	0	0	0	0	0	0	0	0	GTCGC
chr7	55242456	9	C	5	4	0	0	0	0	0	0	0	0	0	TCGCT
chr7	55242457	9	G	5	4	0	0	0	0	0	0	0	0	0	CGCTA
chr7	55242458	10	C	5	5	0	0	0	0	0	0	0	0	0	GCTAT
chr7	55242459	10	T	5	5	0	0	0	0	0	0	0	0	0	CTATC
chr7	55242460	10	A	5	5	0	0	0	0	0	0	0	0	0	TATCA
chr7	55242461	10	T	5	5	0	0	0	0	0	0	0	0	0	ATCAA
chr7	55242462	10	C	5	5	0	0	0	0	0	0	0	0	0	TCAAG
chr7	55242463	10	A	5	5	0	0	0	0	0	0	0	0	0	CAAGG
chr7	55242464	10	A	5	5	0	0	0	0	0	0	0	0	0	AAGGA
chr7	55242465	10	G	5	5	0	0	0	0	0	0	0	0	0	AGGAA
chr7	55242466	10	G	3	5	0	0	0	0	0	0	0	0	0	GGAAT
chr7	55242467	10	A	3	5	0	0	0	0	0	0	0	0	0	GAATT
chr7	55242468	10	A	3	5	0	0	0	0	0	0	0	0	0	AATTA
chr7	55242469	9	T	3	4	0	0	0	0	0	0	0	0	0	ATTAA
chr7	55242470	9	T	3	4	0	0	0	0	0	0	0	0	0	TTAAG
chr7	55242471	9	A	3	4	0	0	0	0	0	0	0	0	0	TAAGA
chr7	55242472	9	A	3	4	0	0	0	0	0	0	0	0	0	AAGAG
chr7	55242473	8	G	2	4	0	0	0	0	0	0	0	0	0	AGAGA
chr7	55242474	8	A	2	4	0	0	0	0	0	0	0	0	0	GAGAA
chr7	55242475	9	G	5	4	0	0	0	0	0	0	0	0	0	AGAAG
chr7	55242476	9	A	5	4	0	0	0	0	0	0	0	0	0	GAAGC
chr7	55242477	9	A	5	4	0	0	0	0	0	0	0	0	0	AAGCA
chr7	55242478	9	G	2	4	0	0	3	0	0	0	0	0	0	AGCAA
chr7	55242479	9	C	5	4	0	0	0	0	0	0	0	0	0	GCAAC
chr7	55242480	9	A	5	4	0	0	0	0	0	0	0	0	0	CAACA
chr7	55242481	9	A	5	4	0	0	0	0	0	0	0	0	0	AACAT
chr7	55242482	9	C	5	4	0	0	0	0	0	0	0	0	0	ACATC
chr7	55242483	9	A	5	4	0	0	0	0	0	0	0	0	0	CATCT
chr7	55242484	9	T	5	4	0	0	0	0	0	0	0	0	0	ATCTC
chr7	55242485	9	C	5	4	0	0	0	0	0	0	0	0	0	TCTCC
chr7	55242486	9	T	5	4	0	0	0	0	0	0	0	0	0	CTCCG
chr7	55242487	9	C	5	4	0	0	0	0	0	0	0	0	0	TCCGA
chr7	55242488	9	C	5	4	0	0	0	0	0	0	0	0	0	CCGAA
chr7	55242489	9	G	5	4	0	0	0	0	0	0	0	0	0	CGAAA
chr7	55242490	8	A	4	4	0	0	0	0	0	0	0	0	0	GAAAG
chr7	55242491	8	A	4	4	0	0	0	0	0	0	0	0	0	AAAGC
chr7	55242492	8	A	4	4	0	0	0	0	0	0	0	0	0	AAGCC
chr7	55242493	7	G	4	3	0	0	0	0	0	0	0	0	0	AGCCA
chr7	55242494	8	C	4	4	0	0	0	0	0	0	0	0	0	GCCAA
chr7	55242495	8	C	4	4	0	0	0	0	0	0	0	0	0	CCAAC
chr7	55242496	8	A	4	4	0	0	0	0	0	0	0	0	0	CAACA
chr7	55242497	8	A	4	4	0	0	0	0	0	0	0	0	0	AACAA
chr7	55242498	8	C	4	4	0	0	0	0	0	0	0	0	0	ACAAG
chr7	55242499	9	A	5	4	0	0	0	0	0	0	0	0	0	CAAGG
chr7	55242500	9	A	5	4	0	0	0	0	0	0	0	0	0	AAGGA
chr7	55242501	9	G	6	3	0	0	0	0	0	0	0	0	0	AGGAA
chr7	55242502	9	G	6	3	0	0	0	0	0	0	0	0	0	GGAAA
chr7	55242503	9	A	6	3	0	0	0	0	0	0	0	0	0	GAAAT
chr7	55242504	9	A	6	3	0	0	0	0	0	0	0	0	0	AAATC
chr7	55242505	9	A	6	3	0	0	0	0	0	0	0	0	0	AATCC
chr7	55242506	9	T	6	3	0	0	0	0	0	0	0	0	0	ATCCT
chr7	55242507	9	C	6	3	0	0	0	0	0	0	0	0	0	TCCTC
chr7	55242508	9	C	6	3	0	0	0	0	0	0	0	0	0	CCTCG
chr7	55242509	9	T	6	3	0	0	0	0	0	0	0	0	0	CTCGA
chr7	55242510	10	C	6	4	0	0	0	0	0	0	0	0	0	TCGAT
chr7	55242511	9	G	5	4	0	0	0	0	0	0	0	0	0	CGATG
chr7	55242512	9	A	5	4	0	0	0	0	0	0	0	0	0	GATGT
chr7	55242513	9	T	5	4	0	0	0	0	0	0	0	0	0	ATGTG
chr7	55248986	9	G	5	4	0	0	0	0	0	0	0	0	0	GGAAG
chr7	55248987	9	A	5	4	0	0	0	0	0	0	0	0	0	GAAGC
chr7	55248988	9	A	5	4	0	0	0	0	0	0	0	0	0	AAGCC
chr7	55248989	10	G	6	4	0	0	0	0	0	0	0	0	0	AGCCT
chr7	55248990	10	C	6	4	0	0	0	0	0	0	0	0	0	GCCTA
chr7	55248991	10	C	6	4	0	0	0	0	0	0	0	0	0	CCTAC
chr7	55248992	10	T	6	4	0	0	0	0	0	0	0	0	0	CTACG
chr7	55248993	10	A	6	4	0	0	0	0	0	0	0	0	0	TACGT
chr7	55248994	10	C	6	4	0	0	0	0	0	0	0	0	0	ACGTG
chr7	55248995	10	G	6	4	0	0	0	0	0	0	0	0	0	CGTGA
chr7	55248996	11	T	7	4	0	0	0	0	0	0	0	0	0	GTGAT
chr7	55248997	11	G	7	4	0	0	0	0	0	0	0	0	0	TGATG
chr7	55248998	11	A	7	4	0	0	0	0	0	0	0	0	0	GATGG
chr7	55248999	11	T	7	4	0	0	0	0	0	0	0	0	0	ATGGC
chr7	55249000	12	G	7	5	0	0	0	0	0	0	0	0	0	TGGCC
chr7	55249001	12	G	7	5	0	0	0	0	0	0	0	0	0	GGCCA
chr7	55249002	12	C	7	5	0	0	0	0	0	0	0	0	0	GCCAG
chr7	55249003	12	C	7	5	0	0	0	0	0	0	0	0	0	CCAGC
chr7	55249004	12	A	7	5	0	0	0	0	0	0	0	0	0	CAGCG
chr7	55249005	12	G	7	5	0	0	0	0	0	0	0	0	0	AGCGT
chr7	55249006	12	C	7	5	0	0	0	0	0	0	0	0	0	GCGTG
chr7	55249007	12	G	7	5	0	0	0	0	0	0	0	0	0	CGTGG
chr7	55249008	11	T	7	4	0	0	0	0	0	0	0	0	0	GTGGA
chr7	55249009	11	G	7	4	0	0	0	0	0	0	0	0	0	TGGAC
chr7	55249010	11	G	7	4	0	0	0	0	0	0	0	0	0	GGACA
chr7	55249011	11	A	7	4	0	0	0	0	0	0	0	0	0	GACAA
chr7	55249012	11	C	7	4	0	0	0	0	0	0	0	0	0	ACAAC
chr7	55249013	11	A	7	4	0	0	0	0	0	0	0	0	0	CAACC
chr7	55249014	11	A	7	4	0	0	0	0	0	0	0	0	0	AACCC
chr7	55249015	11	C	7	4	0	0	0	0	0	0	0	0	0	ACCCC
chr7	55249016	11	C	7	4	0	0	0	0	0	0	0	0	0	CCCCC
chr7	55249017	11	C	7	4	0	0	0	0	0	0	0	0	0	CCCCA
chr7	55249018	11	C	7	4	0	0	0	0	0	0	0	0	0	CCCAC
chr7	55249019	11	C	7	4	0	0	0	0	0	0	0	0	0	CCACG
chr7	55249020	11	A	7	4	0	0	0	0	0	0	0	0	0	CACGT
chr7	55249021	11	C	7	4	0	0	0	0	0	0	0	0	0	ACGTG
chr7	55249022	11	G	7	4	0	0	0	0	0	0	0	0	0	CGTGT
chr7	55249023	11	T	7	4	0	0	0	0	0	0	0	0	0	GTGTG
chr7	55249024	12	G	8	4	0	0	0	0	0	0	0	0	0	TGTGC
chr7	55249025	14	T	10	4	0	0	0	0	0	0	0	0	0	GTGCC
chr7	55249026	16	G	10	6	0	0	0	0	0	0	0	0	0	TGCCG
chr7	55249027	16	C	10	6	0	0	0	0	0	0	0	0	0	GCCGC
chr7	55249028	17	C	10	7	0	0	0	0	0	0	0	0	0	CCGCC
chr7	55249029	17	G	10	7	0	0	0	0	0	0	0	0	0	CGCCT
chr7	55249030	16	C	10	6	0	0	0	0	0	0	0	0	0	GCCTG
chr7	55249031	16	C	10	6	0	0	0	0	0	0	0	0	0	CCTGC
chr7	55249032	16	T	10	6	0	0	0	0	0	0	0	0	0	CTGCT
chr7	55249033	16	G	10	6	0	0	0	0	0	0	0	0	0	TGCTG
chr7	55249034	17	C	11	6	0	0	0	0	0	0	0	0	0	GCTGG
chr7	55249035	17	T	11	6	0	0	0	0	0	0	0	0	0	CTGGG
chr7	55249036	16	G	11	5	0	0	0	0	0	0	0	0	0	TGGGC
chr7	55249037	16	G	11	5	0	0	0	0	0	0	0	0	0	GGGCA
chr7	55249038	16	G	11	5	0	0	0	0	0	0	0	0	0	GGCAT
chr7	55249039	16	C	11	5	0	0	0	0	0	0	0	0	0	GCATC
chr7	55249040	16	A	11	5	0	0	0	0	0	0	0	0	0	CATCT
chr7	55249041	16	T	11	5	0	0	0	0	0	0	0	0	0	ATCTG
chr7	55249042	16	C	11	5	0	0	0	0	0	0	0	0	0	TCTGC
chr7	55249043	16	T	11	5	0	0	0	0	0	0	0	0	0	CTGCC
chr7	55249044	15	G	10	5	0	0	0	0	0	0	0	0	0	TGCCT
chr7	55249045	15	C	10	5	0	0	0	0	0	0	0	0	0	GCCTC
chr7	55249046	15	C	10	5	0	0	0	0	0	0	0	0	0	CCTCA
chr7	55249047	15	T	10	5	0	0	0	0	0	0	0	0	0	CTCAC
chr7	55249048	15	C	10	5	0	0	0	0	0	0	0	0	0	TCACC
chr7	55249049	15	A	10	5	0	0	0	0	0	0	0	0	0	CACCT
chr7	55249050	15	C	10	5	0	0	0	0	0	0	0	0	0	ACCTC
chr7	55249051	14	C	10	4	0	0	0	0	0	0	0	0	0	CCTCC
chr7	55249052	14	T	10	4	0	0	0	0	0	0	0	0	0	CTCCA
chr7	55249053	14	C	9	5	0	0	0	0	0	0	0	0	0	TCCAC
chr7	55249054	14	C	9	5	0	0	0	0	0	0	0	0	0	CCACC
chr7	55249055	14	A	9	5	0	0	0	0	0	0	0	0	0	CACCG
chr7	55249056	14	C	9	5	0	0	0	0	0	0	0	0	0	ACCGT
chr7	55249057	14	C	9	5	0	0	0	0	0	0	0	0	0	CCGTG
chr7	55249058	15	G	10	5	0	0	0	0	0	0	0	0	0	CGTGC
chr7	55249059	14	T	9	5	0	0	0	0	0	0	0	0	0	GTGCA
chr7	55249060	15	G	10	5	0	0	0	0	0	0	0	0	0	TGCAG
chr7	55249061	15	C	10	5	0	0	0	0	0	0	0	0	0	GCAGC
chr7	55249062	15	A	10	5	0	0	0	0	0	0	0	0	0	CAGCT
chr7	55249063	15	G	0	0	10	5	0	0	0	0	0	0	0	AGCTC
chr7	55249064	15	C	10	5	0	0	0	0	0	0	0	0	0	GCTCA
chr7	55249065	15	T	10	5	0	0	0	0	0	0	0	0	0	CTCAT
chr7	55249066	15	C	10	5	0	0	0	0	0	0	0	0	0	TCATC
chr7	55249067	16	A	11	5	0	0	0	0	0	0	0	0	0	CATCA
chr7	55249068	16	T	11	5	0	0	0	0	0	0	0	0	0	ATCAC
chr7	55249069	16	C	11	5	0	0	0	0	0	0	0	0	0	TCACG
chr7	55249070	17	A	11	6	0	0	0	0	0	0	0	0	0	CACGC
chr7	55249071	17	C	10	6	0	0	0	0	1	0	0	0	0	ACGCA
chr7	55249072	17	G	11	6	0	0	0	0	0	0	0	0	0	CGCAG
chr7	55249073	17	C	11	6	0	0	0	0	0	0	0	0	0	GCAGC
chr7	55249074	17	A	11	6	0	0	0	0	0	0	0	0	0	CAGCT
chr7	55249075	17	G	11	6	0	0	0	0	0	0	0	0	0	AGCTC
chr7	55249076	17	C	11	6	0	0	0	0	0	0	0	0	0	GCTCA
chr7	55249077	17	T	11	6	0	0	0	0	0	0	0	0	0	CTCAT
chr7	55249078	17	C	11	6	0	0	0	0	0	0	0	0	0	TCATG
chr7	55249079	17	A	11	6	0	0	0	0	0	0	0	0	0	CATGC
chr7	55249080	16	T	11	5	0	0	0	0	0	0	0	0	0	ATGCC
chr7	55249081	17	G	11	6	0	0	0	0	0	0	0	0	0	TGCCC
chr7	55249082	17	C	11	6	0	0	0	0	0	0	0	0	0	GCCCT
chr7	55249083	17	C	11	6	0	0	0	0	0	0	0	0	0	CCCTT
chr7	55249084	17	C	11	6	0	0	0	0	0	0	0	0	0	CCTTC
chr7	55249085	17	T	11	6	0	0	0	0	0	0	0	0	0	CTTCG
chr7	55249086	17	T	11	6	0	0	0	0	0	0	0	0	0	TTCGG
chr7	55249087	17	C	11	6	0	0	0	0	0	0	0	0	0	TCGGC
chr7	55249088	17	G	11	6	0	0	0	0	0	0	0	0	0	CGGCT
chr7	55249089	17	G	11	6	0	0	0	0	0	0	0	0	0	GGCTG
chr7	55249090	17	C	10	7	0	0	0	0	0	0	0	0	0	GCTGC
chr7	55249091	17	T	10	7	0	0	0	0	0	0	0	0	0	CTGCC
chr7	55249092	17	G	10	7	0	0	0	0	0	0	0	0	0	TGCCT
chr7	55249093	17	C	10	7	0	0	0	0	0	0	0	0	0	GCCTC
chr7	55249094	17	C	10	7	0	0	0	0	0	0	0	0	0	CCTCC
chr7	55249095	16	T	10	6	0	0	0	0	0	0	0	0	0	CTCCT
chr7	55249096	17	C	10	7	0	0	0	0	0	0	0	0	0	TCCTG
chr7	55249097	17	C	10	7	0	0	0	0	0	0	0	0	0	CCTGG
chr7	55249098	17	T	10	7	0	0	0	0	0	0	0	0	0	CTGGA
chr7	55249099	17	G	10	7	0	0	0	0	0	0	0	0	0	TGGAC
chr7	55249100	17	G	10	7	0	0	0	0	0	0	0	0	0	GGACT
chr7	55249101	17	A	9	8	0	0	0	0	0	0	0	0	0	GACTA
chr7	55249102	17	C	9	8	0	0	0	0	0	0	0	0	0	ACTAT
chr7	55249103	17	T	9	8	0	0	0	0	0	0	0	0	0	CTATG
chr7	55249104	16	A	9	7	0	0	0	0	0	0	0	0	0	TATGT
chr7	55249105	17	T	8	9	0	0	0	0	0	0	0	0	0	ATGTC
chr7	55249106	17	G	8	9	0	0	0	0	0	0	0	0	0	TGTCC
chr7	55249107	17	T	8	9	0	0	0	0	0	0	0	0	0	GTCCG
chr7	55249108	17	C	8	9	0	0	0	0	0	0	0	0	0	TCCGG
chr7	55249109	17	C	8	9	0	0	0	0	0	0	0	0	0	CCGGG
chr7	55249110	17	G	8	9	0	0	0	0	0	0	0	0	0	CGGGA
chr7	55249111	17	G	8	9	0	0	0	0	0	0	0	0	0	GGGAA
chr7	55249112	17	G	8	9	0	0	0	0	0	0	0	0	0	GGAAC
chr7	55249113	17	A	8	9	0	0	0	0	0	0	0	0	0	GAACA
chr7	55249114	17	A	8	9	0	0	0	0	0	0	0	0	0	AACAC
chr7	55249115	17	C	8	9	0	0	0	0	0	0	0	0	0	ACACA
chr7	55249116	17	A	8	9	0	0	0	0	0	0	0	0	0	CACAA
chr7	55249117	17	C	8	9	0	0	0	0	0	0	0	0	0	ACAAA
chr7	55249118	17	A	8	9	0	0	0	0	0	0	0	0	0	CAAAG
chr7	55249119	17	A	8	9	0	0	0	0	0	0	0	0	0	AAAGA
chr7	55249120	17	A	8	9	0	0	0	0	0	0	0	0	0	AAGAC
chr7	55249121	18	G	8	10	0	0	0	0	0	0	0	0	0	AGACA
chr7	55249122	18	A	8	10	0	0	0	0	0	0	0	0	0	GACAA
chr7	55249123	17	C	9	8	0	0	0	0	0	0	0	0	0	ACAAT
chr7	55249124	17	A	9	8	0	0	0	0	0	0	0	0	0	CAATA
chr7	55249125	17	A	9	8	0	0	0	0	0	0	0	0	0	AATAT
chr7	55249126	17	T	9	8	0	0	0	0	0	0	0	0	0	ATATT
chr7	55249127	17	A	9	8	0	0	0	0	0	0	0	0	0	TATTG
chr7	55249128	16	T	10	6	0	0	0	0	0	0	0	0	0	ATTGG
chr7	55249129	16	T	11	5	0	0	0	0	0	0	0	0	0	TTGGC
chr7	55249130	16	G	11	5	0	0	0	0	0	0	0	0	0	TGGCT
chr7	55249131	16	G	11	5	0	0	0	0	0	0	0	0	0	GGCTC
chr7	55249132	16	C	11	5	0	0	0	0	0	0	0	0	0	GCTCC
chr7	55249133	15	T	10	5	0	0	0	0	0	0	0	0	0	CTCCC
chr7	55249134	15	C	10	5	0	0	0	0	0	0	0	0	0	TCCCA
chr7	55249135	15	C	10	5	0	0	0	0	0	0	0	0	0	CCCAG
chr7	55249136	15	C	10	5	0	0	0	0	0	0	0	0	0	CCAGT
chr7	55249137	15	A	10	5	0	0	0	0	0	0	0	0	0	CAGTA
chr7	55249138	15	G	10	5	0	0	0	0	0	0	0	0	0	AGTAC
chr7	55249139	14	T	9	5	0	0	0	0	0	0	0	0	0	GTACC
chr7	55249140	14	A	9	5	0	0	0	0	0	0	0	0	0	TACCT
chr7	55249141	14	C	9	5	0	0	0	0	0	0	0	0	0	ACCTG
chr7	55249142	14	C	9	5	0	0	0	0	0	0	0	0	0	CCTGC
chr7	55249143	13	T	8	5	0	0	0	0	0	0	0	0	0	CTGCT
chr7	55249144	13	G	7	6	0	0	0	0	0	0	0	0	0	TGCTC
chr7	55249145	13	C	6	7	0	0	0	0	0	0	0	0	0	GCTCA
chr7	55249146	13	T	5	8	0	0	0	0	0	0	0	0	0	CTCAA
chr7	55249147	13	C	5	8	0	0	0	0	0	0	0	0	0	TCAAC
chr7	55249148	13	A	5	8	0	0	0	0	0	0	0	0	0	CAACT
chr7	55249149	13	A	5	8	0	0	0	0	0	0	0	0	0	AACTG
chr7	55249150	13	C	4	9	0	0	0	0	0	0	0	0	0	ACTGG
chr7	55249151	13	T	4	9	0	0	0	0	0	0	0	0	0	CTGGT
chr7	55249152	13	G	4	9	0	0	0	0	0	0	0	0	0	TGGTG
chr7	55249153	13	G	4	9	0	0	0	0	0	0	0	0	0	GGTGT
chr7	55249154	13	T	4	9	0	0	0	0	0	0	0	0	0	GTGTG
chr7	55249155	13	G	3	10	0	0	0	0	0	0	0	0	0	TGTGT
chr7	55249156	13	T	3	10	0	0	0	0	0	0	0	0	0	GTGTG
chr7	55249157	13	G	3	10	0	0	0	0	0	0	0	0	0	TGTGC
chr7	55249158	13	T	3	10	0	0	0	0	0	0	0	0	0	GTGCA
chr7	55249159	12	G	3	9	0	0	0	0	0	0	0	0	0	TGCAG
chr7	55249160	12	C	3	9	0	0	0	0	0	0	0	0	0	GCAGA
chr7	55249161	12	A	3	9	0	0	0	0	0	0	0	0	0	CAGAT
chr7	55249162	12	G	3	9	0	0	0	0	0	0	0	0	0	AGATC
chr7	55249163	12	A	3	9	0	0	0	0	0	0	0	0	0	GATCG
chr7	55249164	12	T	3	9	0	0	0	0	0	0	0	0	0	ATCGC
chr7	55249165	12	C	3	9	0	0	0	0	0	0	0	0	0	TCGCA
chr7	55249166	10	G	3	7	0	0	0	0	0	0	0	0	0	CGCAA
chr7	55249167	11	C	3	8	0	0	0	0	0	0	0	0	0	GCAAA
chr7	55249168	11	A	3	8	0	0	0	0	0	0	0	0	0	CAAAG
chr7	55249169	11	A	3	8	0	0	0	0	0	0	0	0	0	AAAGG
chr7	55249170	10	A	2	8	0	0	0	0	0	0	0	0	0	AAGGT
chr7	55249171	10	G	3	7	0	0	0	0	0	0	0	0	0	AGGTA
chr7	55259514	7	C	4	3	0	0	0	0	0	0	0	0	0	GCTGG
chr7	55259515	7	T	4	3	0	0	0	0	0	0	0	0	0	CTGGC
chr7	55259516	7	G	4	3	0	0	0	0	0	0	0	0	0	TGGCC
chr7	55259523	8	C	5	3	0	0	0	0	0	0	0	0	0	ACTGC
chr7	55259524	9	T	6	3	0	0	0	0	0	0	0	0	0	CTGCT
chr7	55259525	9	G	6	3	0	0	0	0	0	0	0	0	0	TGCTG
chr7	140453135	521	C	201	318	0	0	0	0	1	0	0	0	0	TCACT
chr7	140453136	519	A	204	313	0	0	0	0	0	1	0	0	0	CACTG
chr7	140453137	507	C	207	293	0	0	0	0	0	6	0	0	0	ACTGT
chr12	330460	1	C	1	0	0	0	0	0	0	0	0	0	81	GCGCC	nan	nan	nan	nan
chr12	25380274	1066	C	596	470	0	0	0	0	0	0	0	0	0	TCTTG
chr12	25380275	1067	T	599	468	0	0	0	0	0	0	0	0	0	CTTGA
chr12	25380276	1079	T	594	474	0	0	11	0	0	0	0	0	0	TTGAC
chr12	25380277	1077	G	605	472	0	0	0	0	0	0	0	0	0	TGACC
chr12	25380278	1070	A	600	469	0	0	0	0	0	0	0	1	0	GACCT
chr12	25398283	741	A	280	459	0	0	0	0	0	0	0	2	0	CACCA
chr12	25398284	750	C	276	474	0	0	0	0	0	0	0	0	0	ACCAG
chr12	25398285	755	C	275	480	0	0	0	0	0	0	0	0	0	CCAGC
chr12	25398286	759	A	275	484	0	0	0	0	0	0	0	0	0	CAGCT
