CHR	POS	DEPTH	REF	R+	R-	A+	A-	C+	C-	T+	T-	G+	G-	PAD	MOTIF
chr7	1586241	1	A	1	0	0	0	0	0	0	0	0	0	0	CAGCT
chr7	55241706	1	G	1	0	0	0	0	0	0	0	0	0	0	TGGGC
chr7	55241707	1	G	1	0	0	0	0	0	0	0	0	0	0	GGGCT
chr7	55241708	1	G	1	0	0	0	0	0	0	0	0	0	0	GGCTC
chr7	55241709	1	C	1	0	0	0	0	0	0	0	0	0	0	GCTCC
chr7	55242415	1	G	1	0	0	0	0	0	0	0	0	0	0	GGGAC
chr7	55242416	1	G	1	0	0	0	0	0	0	0	0	0	0	GGACT
chr7	55242417	1	A	1	0	0	0	0	0	0	0	0	0	0	GACTC
chr7	55242418	1	C	1	0	0	0	0	0	0	0	0	0	0	ACTCT
chr7	55242419	1	T	1	0	0	0	0	0	0	0	0	0	0	CTCTG
chr7	55242420	1	C	1	0	0	0	0	0	0	0	0	0	0	TCTGG
chr7	55242421	1	T	1	0	0	0	0	0	0	0	0	0	0	CTGGA
chr7	55242422	1	G	1	0	0	0	0	0	0	0	0	0	0	TGGAT
chr7	55242423	1	G	1	0	0	0	0	0	0	0	0	0	0	GGATC
chr7	55242424	1	A	1	0	0	0	0	0	0	0	0	0	0	GATCC
chr7	55242425	1	T	1	0	0	0	0	0	0	0	0	0	0	ATCCC
chr7	55242426	1	C	1	0	0	0	0	0	0	0	0	0	0	TCCCA
chr7	55242427	1	C	1	0	0	0	0	0	0	0	0	0	0	CCCAG
chr7	55242428	1	C	1	0	0	0	0	0	0	0	0	0	0	CCAGA
chr7	55242429	1	A	1	0	0	0	0	0	0	0	0	0	0	CAGAA
chr7	55242430	1	G	1	0	0	0	0	0	0	0	0	0	0	AGAAG
chr7	55242431	1	A	1	0	0	0	0	0	0	0	0	0	0	GAAGG
chr7	55242432	1	A	1	0	0	0	0	0	0	0	0	0	0	AAGGT
chr7	55242433	1	G	1	0	0	0	0	0	0	0	0	0	0	AGGTG
chr7	55242434	1	G	1	0	0	0	0	0	0	0	0	0	0	GGTGA
chr7	55242435	1	T	1	0	0	0	0	0	0	0	0	0	0	GTGAG
chr7	55242436	1	G	1	0	0	0	0	0	0	0	0	0	0	TGAGA
chr7	55242437	1	A	1	0	0	0	0	0	0	0	0	0	0	GAGAA
chr7	55242438	1	G	1	0	0	0	0	0	0	0	0	0	0	AGAAA
chr7	55242439	1	A	1	0	0	0	0	0	0	0	0	0	0	GAAAG
chr7	55242440	1	A	1	0	0	0	0	0	0	0	0	0	0	AAAGT
chr7	55242441	1	A	1	0	0	0	0	0	0	0	0	0	0	AAGTT
chr7	55242442	1	G	1	0	0	0	0	0	0	0	0	0	0	AGTTA
chr7	55242443	1	T	1	0	0	0	0	0	0	0	0	0	0	GTTAA
chr7	55242444	1	T	1	0	0	0	0	0	0	0	0	0	0	TTAAA
chr7	55242445	1	A	1	0	0	0	0	0	0	0	0	0	0	TAAAA
chr7	55242446	1	A	1	0	0	0	0	0	0	0	0	0	0	AAAAT
chr7	55242447	1	A	1	0	0	0	0	0	0	0	0	0	0	AAATT
chr7	55242448	1	A	1	0	0	0	0	0	0	0	0	0	0	AATTC
chr7	55242449	1	T	1	0	0	0	0	0	0	0	0	0	0	ATTCC
chr7	55242450	1	T	1	0	0	0	0	0	0	0	0	0	0	TTCCC
chr7	55242451	1	C	1	0	0	0	0	0	0	0	0	0	0	TCCCG
chr7	55242452	1	C	1	0	0	0	0	0	0	0	0	0	0	CCCGT
chr7	55242453	1	C	1	0	0	0	0	0	0	0	0	0	0	CCGTC
chr7	55242454	1	G	1	0	0	0	0	0	0	0	0	0	0	CGTCG
chr7	55242455	1	T	1	0	0	0	0	0	0	0	0	0	0	GTCGC
chr7	55242456	1	C	1	0	0	0	0	0	0	0	0	0	0	TCGCT
chr7	55242457	1	G	1	0	0	0	0	0	0	0	0	0	0	CGCTA
chr7	55242458	1	C	1	0	0	0	0	0	0	0	0	0	0	GCTAT
chr7	55242459	1	T	1	0	0	0	0	0	0	0	0	0	0	CTATC
chr7	55242460	1	A	1	0	0	0	0	0	0	0	0	0	0	TATCA
chr7	55242461	1	T	1	0	0	0	0	0	0	0	0	0	0	ATCAA
chr7	55242462	1	C	1	0	0	0	0	0	0	0	0	0	0	TCAAG
chr7	55242463	1	A	1	0	0	0	0	0	0	0	0	0	0	CAAGG
chr7	55242464	1	A	1	0	0	0	0	0	0	0	0	0	0	AAGGA
chr7	55242465	1	G	1	0	0	0	0	0	0	0	0	0	0	AGGAA
chr7	55242466	1	G	1	0	0	0	0	0	0	0	0	0	0	GGAAT
chr7	55242467	1	A	1	0	0	0	0	0	0	0	0	0	0	GAATT
chr7	55242468	1	A	1	0	0	0	0	0	0	0	0	0	0	AATTA
chr7	55242469	1	T	1	0	0	0	0	0	0	0	0	0	0	ATTAA
chr7	55242470	1	T	1	0	0	0	0	0	0	0	0	0	0	TTAAG
chr7	55242471	1	A	1	0	0	0	0	0	0	0	0	0	0	TAAGA
chr7	55242472	1	A	1	0	0	0	0	0	0	0	0	0	0	AAGAG
chr7	55242473	1	G	1	0	0	0	0	0	0	0	0	0	0	AGAGA
chr7	55242474	1	A	1	0	0	0	0	0	0	0	0	0	0	GAGAA
chr7	55242475	1	G	1	0	0	0	0	0	0	0	0	0	0	AGAAG
chr7	55242476	1	A	1	0	0	0	0	0	0	0	0	0	0	GAAGC
chr7	55242477	1	A	1	0	0	0	0	0	0	0	0	0	0	AAGCA
chr7	55242478	1	G	1	0	0	0	0	0	0	0	0	0	0	AGCAA
chr7	55242479	1	C	1	0	0	0	0	0	0	0	0	0	0	GCAAC
chr7	55242480	1	A	1	0	0	0	0	0	0	0	0	0	0	CAACA
chr7	55242481	1	A	1	0	0	0	0	0	0	0	0	0	0	AACAT
chr7	55242482	1	C	1	0	0	0	0	0	0	0	0	0	0	ACATC
chr7	55242483	1	A	1	0	0	0	0	0	0	0	0	0	0	CATCT
chr7	55242484	1	T	1	0	0	0	0	0	0	0	0	0	0	ATCTC
chr7	55242485	1	C	1	0	0	0	0	0	0	0	0	0	0	TCTCC
chr7	55242486	1	T	1	0	0	0	0	0	0	0	0	0	0	CTCCG
chr7	55242487	1	C	1	0	0	0	0	0	0	0	0	0	0	TCCGA
chr7	55242488	1	C	1	0	0	0	0	0	0	0	0	0	0	CCGAA
chr7	55242489	1	G	1	0	0	0	0	0	0	0	0	0	0	CGAAA
chr7	55242490	1	A	1	0	0	0	0	0	0	0	0	0	0	GAAAG
chr7	55242491	1	A	1	0	0	0	0	0	0	0	0	0	0	AAAGC
chr7	55242492	1	A	1	0	0	0	0	0	0	0	0	0	0	AAGCC
chr7	55242493	1	G	1	0	0	0	0	0	0	0	0	0	0	AGCCA
chr7	55249086	1	T	0	1	0	0	0	0	0	0	0	0	0	TTCGG
chr7	55249087	1	C	0	1	0	0	0	0	0	0	0	0	0	TCGGC
chr7	55249088	1	G	0	1	0	0	0	0	0	0	0	0	0	CGGCT
chr7	55249089	1	G	0	1	0	0	0	0	0	0	0	0	0	GGCTG
chr7	55249090	1	C	0	1	0	0	0	0	0	0	0	0	0	GCTGC
chr7	55249091	1	T	0	1	0	0	0	0	0	0	0	0	0	CTGCC
chr7	55249092	1	G	0	1	0	0	0	0	0	0	0	0	0	TGCCT
chr7	55249093	1	C	0	1	0	0	0	0	0	0	0	0	0	GCCTC
chr7	55249094	1	C	0	1	0	0	0	0	0	0	0	0	0	CCTCC
chr7	55249095	1	T	0	1	0	0	0	0	0	0	0	0	0	CTCCT
chr7	55249096	1	C	0	1	0	0	0	0	0	0	0	0	0	TCCTG
chr7	55249097	1	C	0	1	0	0	0	0	0	0	0	0	0	CCTGG
chr7	55249098	1	T	0	1	0	0	0	0	0	0	0	0	0	CTGGA
chr7	55249099	1	G	0	1	0	0	0	0	0	0	0	0	0	TGGAC
chr7	55249100	1	G	0	1	0	0	0	0	0	0	0	0	0	GGACT
chr7	55249101	1	A	0	1	0	0	0	0	0	0	0	0	0	GACTA
chr7	55249102	1	C	0	1	0	0	0	0	0	0	0	0	0	ACTAT
chr7	55249103	1	T	0	1	0	0	0	0	0	0	0	0	0	CTATG
chr7	55249104	1	A	0	1	0	0	0	0	0	0	0	0	0	TATGT
chr7	55249105	1	T	0	1	0	0	0	0	0	0	0	0	0	ATGTC
chr7	55249106	1	G	0	1	0	0	0	0	0	0	0	0	0	TGTCC
chr7	55249107	1	T	0	1	0	0	0	0	0	0	0	0	0	GTCCG
chr7	55249108	1	C	0	1	0	0	0	0	0	0	0	0	0	TCCGG
chr7	55249109	1	C	0	1	0	0	0	0	0	0	0	0	0	CCGGG
chr7	55249110	1	G	0	1	0	0	0	0	0	0	0	0	0	CGGGA
chr7	55249111	1	G	0	1	0	0	0	0	0	0	0	0	0	GGGAA
chr7	55249112	1	G	0	1	0	0	0	0	0	0	0	0	0	GGAAC
chr7	55249113	1	A	0	1	0	0	0	0	0	0	0	0	0	GAACA
chr7	55249114	1	A	0	1	0	0	0	0	0	0	0	0	0	AACAC
chr7	55249115	1	C	0	1	0	0	0	0	0	0	0	0	0	ACACA
chr7	55249116	1	A	0	1	0	0	0	0	0	0	0	0	0	CACAA
chr7	55249117	1	C	0	1	0	0	0	0	0	0	0	0	0	ACAAA
chr7	55249118	1	A	0	1	0	0	0	0	0	0	0	0	0	CAAAG
chr7	55249119	1	A	0	1	0	0	0	0	0	0	0	0	0	AAAGA
chr7	55249120	1	A	0	1	0	0	0	0	0	0	0	0	0	AAGAC
chr7	55249121	1	G	0	1	0	0	0	0	0	0	0	0	0	AGACA
chr7	55249122	1	A	0	1	0	0	0	0	0	0	0	0	0	GACAA
chr7	55249123	1	C	0	1	0	0	0	0	0	0	0	0	0	ACAAT
chr7	55249124	1	A	0	1	0	0	0	0	0	0	0	0	0	CAATA
chr7	55249125	1	A	0	1	0	0	0	0	0	0	0	0	0	AATAT
chr7	55249126	1	T	0	1	0	0	0	0	0	0	0	0	0	ATATT
chr7	55249127	1	A	0	1	0	0	0	0	0	0	0	0	0	TATTG
chr7	55249128	1	T	0	1	0	0	0	0	0	0	0	0	0	ATTGG
chr7	55249129	1	T	0	1	0	0	0	0	0	0	0	0	0	TTGGC
chr7	55249130	1	G	0	1	0	0	0	0	0	0	0	0	0	TGGCT
chr7	55249131	1	G	0	1	0	0	0	0	0	0	0	0	0	GGCTC
chr7	55249132	1	C	0	1	0	0	0	0	0	0	0	0	0	GCTCC
chr7	55249133	1	T	0	1	0	0	0	0	0	0	0	0	0	CTCCC
chr7	55249134	1	C	0	1	0	0	0	0	0	0	0	0	0	TCCCA
chr7	55249135	1	C	0	1	0	0	0	0	0	0	0	0	0	CCCAG
chr7	55249136	1	C	0	1	0	0	0	0	0	0	0	0	0	CCAGT
chr7	55249137	1	A	0	1	0	0	0	0	0	0	0	0	0	CAGTA
chr7	55249138	1	G	0	1	0	0	0	0	0	0	0	0	0	AGTAC
chr7	55249139	1	T	0	1	0	0	0	0	0	0	0	0	0	GTACC
chr7	55249140	1	A	0	1	0	0	0	0	0	0	0	0	0	TACCT
chr7	55249141	1	C	0	1	0	0	0	0	0	0	0	0	0	ACCTG
chr7	55249142	1	C	0	1	0	0	0	0	0	0	0	0	0	CCTGC
chr7	55249143	1	T	0	1	0	0	0	0	0	0	0	0	0	CTGCT
chr7	55249144	1	G	0	1	0	0	0	0	0	0	0	0	0	TGCTC
chr7	55249145	1	C	0	1	0	0	0	0	0	0	0	0	0	GCTCA
chr7	55249146	1	T	0	1	0	0	0	0	0	0	0	0	0	CTCAA
chr7	55249147	1	C	0	1	0	0	0	0	0	0	0	0	0	TCAAC
chr7	55249148	1	A	0	1	0	0	0	0	0	0	0	0	0	CAACT
chr7	55249149	1	A	0	1	0	0	0	0	0	0	0	0	0	AACTG
chr7	55249150	1	C	0	1	0	0	0	0	0	0	0	0	0	ACTGG
chr7	55249151	1	T	0	1	0	0	0	0	0	0	0	0	0	CTGGT
chr7	55249152	1	G	0	1	0	0	0	0	0	0	0	0	0	TGGTG
chr7	55249153	1	G	0	1	0	0	0	0	0	0	0	0	0	GGTGT
chr7	55249154	1	T	0	1	0	0	0	0	0	0	0	0	0	GTGTG
chr7	55249155	1	G	0	1	0	0	0	0	0	0	0	0	0	TGTGT
chr7	55249156	1	T	0	1	0	0	0	0	0	0	0	0	0	GTGTG
chr7	55249157	1	G	0	1	0	0	0	0	0	0	0	0	0	TGTGC
chr7	55249158	1	T	0	1	0	0	0	0	0	0	0	0	0	GTGCA
chr7	55249159	1	G	0	1	0	0	0	0	0	0	0	0	0	TGCAG
chr7	55249160	1	C	0	1	0	0	0	0	0	0	0	0	0	GCAGA
chr7	55249161	1	A	0	1	0	0	0	0	0	0	0	0	0	CAGAT
chr7	55249162	1	G	0	1	0	0	0	0	0	0	0	0	0	AGATC
chr7	55249163	1	A	0	1	0	0	0	0	0	0	0	0	0	GATCG
chr7	55249164	1	T	0	1	0	0	0	0	0	0	0	0	0	ATCGC
chr7	55249165	1	C	0	1	0	0	0	0	0	0	0	0	0	TCGCA
chr7	55249166	1	G	0	1	0	0	0	0	0	0	0	0	0	CGCAA
chr7	55249167	1	C	0	1	0	0	0	0	0	0	0	0	0	GCAAA
chr7	55249168	1	A	0	1	0	0	0	0	0	0	0	0	0	CAAAG
chr7	55249169	1	A	0	1	0	0	0	0	0	0	0	0	0	AAAGG
chr7	55249170	1	A	0	1	0	0	0	0	0	0	0	0	0	AAGGT
chr7	55249171	1	G	0	1	0	0	0	0	0	0	0	0	0	AGGTA
chr7	140453135	333	C	121	212	0	0	0	0	0	0	0	0	0	TCACT
chr7	140453136	330	A	120	210	0	0	0	0	0	0	0	0	0	CACTG
chr7	140453137	325	C	121	201	0	0	0	0	0	3	0	0	0	ACTGT
chr12	330189	1	G	1	0	0	0	0	0	0	0	0	0	0	GGTTC
chr12	25380274	976	C	558	417	0	0	0	0	1	0	0	0	0	TCTTG
chr12	25380275	971	T	557	413	0	0	0	1	0	0	0	0	0	CTTGA
chr12	25380276	982	T	553	416	0	0	13	0	0	0	0	0	0	TTGAC
chr12	25380277	984	G	564	420	0	0	0	0	0	0	0	0	0	TGACC
chr12	25380278	980	A	562	411	0	0	0	1	0	0	0	6	0	GACCT
chr12	25398283	628	A	209	419	0	0	0	0	0	0	0	0	0	CACCA
chr12	25398284	633	C	206	427	0	0	0	0	0	0	0	0	0	ACCAG
chr12	25398285	631	C	205	426	0	0	0	0	0	0	0	0	0	CCAGC
chr12	25398286	631	A	204	427	0	0	0	0	0	0	0	0	0	CAGCT
