CHR	POS	DEPTH	REF	R+	R-	A+	A-	C+	C-	T+	T-	G+	G-	PAD	MOTIF
chr7	1585262	1	A	0	1	0	0	0	0	0	0	0	0	0	AACTG
chr7	55242415	1	G	1	0	0	0	0	0	0	0	0	0	0	GGGAC
chr7	55242416	1	G	1	0	0	0	0	0	0	0	0	0	0	GGACT
chr7	55242417	1	A	1	0	0	0	0	0	0	0	0	0	0	GACTC
chr7	55242418	1	C	1	0	0	0	0	0	0	0	0	0	0	ACTCT
chr7	55242419	1	T	1	0	0	0	0	0	0	0	0	0	0	CTCTG
chr7	55242420	1	C	1	0	0	0	0	0	0	0	0	0	0	TCTGG
chr7	55242421	1	T	1	0	0	0	0	0	0	0	0	0	0	CTGGA
chr7	55242422	1	G	1	0	0	0	0	0	0	0	0	0	0	TGGAT
chr7	55242423	1	G	1	0	0	0	0	0	0	0	0	0	0	GGATC
chr7	55242424	1	A	1	0	0	0	0	0	0	0	0	0	0	GATCC
chr7	55242425	1	T	1	0	0	0	0	0	0	0	0	0	0	ATCCC
chr7	55242426	1	C	1	0	0	0	0	0	0	0	0	0	0	TCCCA
chr7	55242427	1	C	1	0	0	0	0	0	0	0	0	0	0	CCCAG
chr7	55242428	1	C	1	0	0	0	0	0	0	0	0	0	0	CCAGA
chr7	55242429	1	A	1	0	0	0	0	0	0	0	0	0	0	CAGAA
chr7	55242430	1	G	1	0	0	0	0	0	0	0	0	0	0	AGAAG
chr7	55242431	1	A	1	0	0	0	0	0	0	0	0	0	0	GAAGG
chr7	55242432	1	A	1	0	0	0	0	0	0	0	0	0	0	AAGGT
chr7	55242433	1	G	1	0	0	0	0	0	0	0	0	0	0	AGGTG
chr7	55242434	1	G	1	0	0	0	0	0	0	0	0	0	0	GGTGA
chr7	55242435	1	T	1	0	0	0	0	0	0	0	0	0	0	GTGAG
chr7	55242436	1	G	1	0	0	0	0	0	0	0	0	0	0	TGAGA
chr7	55242437	1	A	1	0	0	0	0	0	0	0	0	0	0	GAGAA
chr7	55242438	1	G	1	0	0	0	0	0	0	0	0	0	0	AGAAA
chr7	55242439	1	A	1	0	0	0	0	0	0	0	0	0	0	GAAAG
chr7	55242440	1	A	1	0	0	0	0	0	0	0	0	0	0	AAAGT
chr7	55242441	1	A	1	0	0	0	0	0	0	0	0	0	0	AAGTT
chr7	55242442	1	G	1	0	0	0	0	0	0	0	0	0	0	AGTTA
chr7	55242443	1	T	1	0	0	0	0	0	0	0	0	0	0	GTTAA
chr7	55242444	1	T	1	0	0	0	0	0	0	0	0	0	0	TTAAA
chr7	55242445	1	A	1	0	0	0	0	0	0	0	0	0	0	TAAAA
chr7	55242446	1	A	1	0	0	0	0	0	0	0	0	0	0	AAAAT
chr7	55242447	1	A	1	0	0	0	0	0	0	0	0	0	0	AAATT
chr7	55242448	1	A	1	0	0	0	0	0	0	0	0	0	0	AATTC
chr7	55242449	1	T	1	0	0	0	0	0	0	0	0	0	0	ATTCC
chr7	55242450	1	T	1	0	0	0	0	0	0	0	0	0	0	TTCCC
chr7	55242451	1	C	0	1	0	0	0	0	0	0	0	0	0	TCCCG
chr7	55242452	1	C	0	1	0	0	0	0	0	0	0	0	0	CCCGT
chr7	55242453	1	C	0	1	0	0	0	0	0	0	0	0	0	CCGTC
chr7	55242454	1	G	0	1	0	0	0	0	0	0	0	0	0	CGTCG
chr7	55242455	1	T	0	1	0	0	0	0	0	0	0	0	0	GTCGC
chr7	55242456	1	C	0	1	0	0	0	0	0	0	0	0	0	TCGCT
chr7	55242458	1	C	0	1	0	0	0	0	0	0	0	0	0	GCTAT
chr7	55242459	1	T	0	1	0	0	0	0	0	0	0	0	0	CTATC
chr7	55242460	1	A	0	1	0	0	0	0	0	0	0	0	0	TATCA
chr7	55249168	1	A	1	0	0	0	0	0	0	0	0	0	0	CAAAG
chr7	55249169	1	A	1	0	0	0	0	0	0	0	0	0	0	AAAGG
chr7	55249170	1	A	1	0	0	0	0	0	0	0	0	0	0	AAGGT
chr7	55249171	1	G	1	0	0	0	0	0	0	0	0	0	0	AGGTA
chr7	55259514	2	C	2	0	0	0	0	0	0	0	0	0	0	GCTGG
chr7	55259515	2	T	2	0	0	0	0	0	0	0	0	0	0	CTGGC
chr7	55259516	2	G	2	0	0	0	0	0	0	0	0	0	0	TGGCC
chr7	55259523	4	C	4	0	0	0	0	0	0	0	0	0	0	ACTGC
chr7	55259524	4	T	4	0	0	0	0	0	0	0	0	0	0	CTGCT
chr7	55259525	4	G	4	0	0	0	0	0	0	0	0	0	0	TGCTG
chr7	140453135	225	C	84	141	0	0	0	0	0	0	0	0	0	TCACT
chr7	140453136	226	A	86	140	0	0	0	0	0	0	0	0	0	CACTG
chr7	140453137	217	C	85	132	0	0	0	0	0	0	0	0	0	ACTGT
chr12	330626	1	G	1	0	0	0	0	0	0	0	0	0	0	AGCCC
chr12	25380274	473	C	261	212	0	0	0	0	0	0	0	0	0	TCTTG
chr12	25380275	467	T	257	210	0	0	0	0	0	0	0	0	0	CTTGA
chr12	25380276	471	T	258	211	0	0	1	0	0	0	1	0	0	TTGAC
chr12	25380277	469	G	262	207	0	0	0	0	0	0	0	0	0	TGACC
chr12	25380278	465	A	258	205	0	0	0	0	0	0	0	2	0	GACCT
chr12	25398283	537	A	220	315	0	0	0	0	0	0	1	1	0	CACCA
chr12	25398284	536	C	219	317	0	0	0	0	0	0	0	0	0	ACCAG
chr12	25398285	537	C	217	319	0	0	0	0	1	0	0	0	0	CCAGC
chr12	25398286	540	A	218	321	0	0	0	0	0	0	1	0	0	CAGCT
