CHR	POS	DEPTH	REF	R+	R-	A+	A-	C+	C-	T+	T-	G+	G-	PAD	MOTIF
chr7	1024115	1	G	0	1	0	0	0	0	0	0	0	0	0	GGGTT
chr7	55248986	1	G	1	0	0	0	0	0	0	0	0	0	0	GGAAG
chr7	55248987	1	A	1	0	0	0	0	0	0	0	0	0	0	GAAGC
chr7	55248988	1	A	1	0	0	0	0	0	0	0	0	0	0	AAGCC
chr7	55248989	1	G	1	0	0	0	0	0	0	0	0	0	0	AGCCT
chr7	55248990	1	C	1	0	0	0	0	0	0	0	0	0	0	GCCTA
chr7	55248991	1	C	1	0	0	0	0	0	0	0	0	0	0	CCTAC
chr7	55248992	1	T	1	0	0	0	0	0	0	0	0	0	0	CTACG
chr7	55248993	1	A	1	0	0	0	0	0	0	0	0	0	0	TACGT
chr7	55248994	1	C	1	0	0	0	0	0	0	0	0	0	0	ACGTG
chr7	55248995	1	G	1	0	0	0	0	0	0	0	0	0	0	CGTGA
chr7	55248996	1	T	1	0	0	0	0	0	0	0	0	0	0	GTGAT
chr7	55248997	1	G	1	0	0	0	0	0	0	0	0	0	0	TGATG
chr7	55248998	1	A	1	0	0	0	0	0	0	0	0	0	0	GATGG
chr7	55248999	1	T	1	0	0	0	0	0	0	0	0	0	0	ATGGC
chr7	55249000	1	G	1	0	0	0	0	0	0	0	0	0	0	TGGCC
chr7	55249001	1	G	1	0	0	0	0	0	0	0	0	0	0	GGCCA
chr7	55249002	1	C	1	0	0	0	0	0	0	0	0	0	0	GCCAG
chr7	55249003	1	C	1	0	0	0	0	0	0	0	0	0	0	CCAGC
chr7	55249004	1	A	1	0	0	0	0	0	0	0	0	0	0	CAGCG
chr7	55249005	1	G	1	0	0	0	0	0	0	0	0	0	0	AGCGT
chr7	55249006	1	C	1	0	0	0	0	0	0	0	0	0	0	GCGTG
chr7	55249007	1	G	1	0	0	0	0	0	0	0	0	0	0	CGTGG
chr7	55249008	1	T	1	0	0	0	0	0	0	0	0	0	0	GTGGA
chr7	55249009	1	G	1	0	0	0	0	0	0	0	0	0	0	TGGAC
chr7	55249010	1	G	1	0	0	0	0	0	0	0	0	0	0	GGACA
chr7	55249011	1	A	1	0	0	0	0	0	0	0	0	0	0	GACAA
chr7	55249012	1	C	1	0	0	0	0	0	0	0	0	0	0	ACAAC
chr7	55249013	1	A	1	0	0	0	0	0	0	0	0	0	0	CAACC
chr7	55249014	1	A	1	0	0	0	0	0	0	0	0	0	0	AACCC
chr7	55249015	1	C	1	0	0	0	0	0	0	0	0	0	0	ACCCC
chr7	55249016	1	C	1	0	0	0	0	0	0	0	0	0	0	CCCCC
chr7	55249017	1	C	1	0	0	0	0	0	0	0	0	0	0	CCCCA
chr7	55249018	1	C	1	0	0	0	0	0	0	0	0	0	0	CCCAC
chr7	55249019	1	C	1	0	0	0	0	0	0	0	0	0	0	CCACG
chr7	55249020	1	A	1	0	0	0	0	0	0	0	0	0	0	CACGT
chr7	55249021	1	C	1	0	0	0	0	0	0	0	0	0	0	ACGTG
chr7	55249022	1	G	1	0	0	0	0	0	0	0	0	0	0	CGTGT
chr7	55249023	1	T	1	0	0	0	0	0	0	0	0	0	0	GTGTG
chr7	55249024	1	G	1	0	0	0	0	0	0	0	0	0	0	TGTGC
chr7	55249025	1	T	1	0	0	0	0	0	0	0	0	0	0	GTGCC
chr7	55249026	1	G	1	0	0	0	0	0	0	0	0	0	0	TGCCG
chr7	55249027	1	C	1	0	0	0	0	0	0	0	0	0	0	GCCGC
chr7	55249028	1	C	1	0	0	0	0	0	0	0	0	0	0	CCGCC
chr7	55249029	1	G	1	0	0	0	0	0	0	0	0	0	0	CGCCT
chr7	55249030	1	C	1	0	0	0	0	0	0	0	0	0	0	GCCTG
chr7	55249031	1	C	1	0	0	0	0	0	0	0	0	0	0	CCTGC
chr7	55249032	1	T	1	0	0	0	0	0	0	0	0	0	0	CTGCT
chr7	55249033	1	G	1	0	0	0	0	0	0	0	0	0	0	TGCTG
chr7	55249034	1	C	1	0	0	0	0	0	0	0	0	0	0	GCTGG
chr7	55249035	1	T	1	0	0	0	0	0	0	0	0	0	0	CTGGG
chr7	55249036	1	G	1	0	0	0	0	0	0	0	0	0	0	TGGGC
chr7	55249037	1	G	1	0	0	0	0	0	0	0	0	0	0	GGGCA
chr7	55249038	1	G	1	0	0	0	0	0	0	0	0	0	0	GGCAT
chr7	55249039	1	C	1	0	0	0	0	0	0	0	0	0	0	GCATC
chr7	55249040	1	A	1	0	0	0	0	0	0	0	0	0	0	CATCT
chr7	55249041	1	T	1	0	0	0	0	0	0	0	0	0	0	ATCTG
chr7	55249042	1	C	1	0	0	0	0	0	0	0	0	0	0	TCTGC
chr7	55249043	1	T	1	0	0	0	0	0	0	0	0	0	0	CTGCC
chr7	55249044	1	G	1	0	0	0	0	0	0	0	0	0	0	TGCCT
chr7	55249045	1	C	1	0	0	0	0	0	0	0	0	0	0	GCCTC
chr7	55249046	1	C	1	0	0	0	0	0	0	0	0	0	0	CCTCA
chr7	55249047	1	T	1	0	0	0	0	0	0	0	0	0	0	CTCAC
chr7	55249048	1	C	1	0	0	0	0	0	0	0	0	0	0	TCACC
chr7	55249049	1	A	1	0	0	0	0	0	0	0	0	0	0	CACCT
chr7	55249050	1	C	1	0	0	0	0	0	0	0	0	0	0	ACCTC
chr7	55249051	1	C	1	0	0	0	0	0	0	0	0	0	0	CCTCC
chr7	55249052	1	T	1	0	0	0	0	0	0	0	0	0	0	CTCCA
chr7	55249123	1	C	0	1	0	0	0	0	0	0	0	0	0	ACAAT
chr7	55249124	1	A	0	1	0	0	0	0	0	0	0	0	0	CAATA
chr7	55249125	1	A	0	1	0	0	0	0	0	0	0	0	0	AATAT
chr7	55249126	1	T	0	1	0	0	0	0	0	0	0	0	0	ATATT
chr7	55249127	1	A	0	1	0	0	0	0	0	0	0	0	0	TATTG
chr7	55249128	1	T	0	1	0	0	0	0	0	0	0	0	0	ATTGG
chr7	55249129	1	T	0	1	0	0	0	0	0	0	0	0	0	TTGGC
chr7	55249130	1	G	0	1	0	0	0	0	0	0	0	0	0	TGGCT
chr7	55249131	1	G	0	1	0	0	0	0	0	0	0	0	0	GGCTC
chr7	55249132	1	C	0	1	0	0	0	0	0	0	0	0	0	GCTCC
chr7	55249133	1	T	0	1	0	0	0	0	0	0	0	0	0	CTCCC
chr7	55249134	1	C	0	1	0	0	0	0	0	0	0	0	0	TCCCA
chr7	55249135	1	C	0	1	0	0	0	0	0	0	0	0	0	CCCAG
chr7	55249136	1	C	0	1	0	0	0	0	0	0	0	0	0	CCAGT
chr7	55249137	1	A	0	1	0	0	0	0	0	0	0	0	0	CAGTA
chr7	55249138	1	G	0	1	0	0	0	0	0	0	0	0	0	AGTAC
chr7	55249139	1	T	0	1	0	0	0	0	0	0	0	0	0	GTACC
chr7	55249140	1	A	0	1	0	0	0	0	0	0	0	0	0	TACCT
chr7	55249141	1	C	0	1	0	0	0	0	0	0	0	0	0	ACCTG
chr7	55249142	1	C	0	1	0	0	0	0	0	0	0	0	0	CCTGC
chr7	55249143	1	T	0	1	0	0	0	0	0	0	0	0	0	CTGCT
chr7	55249144	1	G	0	1	0	0	0	0	0	0	0	0	0	TGCTC
chr7	55249145	1	C	0	1	0	0	0	0	0	0	0	0	0	GCTCA
chr7	55249146	1	T	0	1	0	0	0	0	0	0	0	0	0	CTCAA
chr7	55249147	1	C	0	1	0	0	0	0	0	0	0	0	0	TCAAC
chr7	55249148	1	A	0	1	0	0	0	0	0	0	0	0	0	CAACT
chr7	55249149	1	A	0	1	0	0	0	0	0	0	0	0	0	AACTG
chr7	55249150	1	C	0	1	0	0	0	0	0	0	0	0	0	ACTGG
chr7	55249151	1	T	0	1	0	0	0	0	0	0	0	0	0	CTGGT
chr7	55249152	1	G	0	1	0	0	0	0	0	0	0	0	0	TGGTG
chr7	55249153	1	G	0	1	0	0	0	0	0	0	0	0	0	GGTGT
chr7	55249154	1	T	0	1	0	0	0	0	0	0	0	0	0	GTGTG
chr7	55249155	1	G	0	1	0	0	0	0	0	0	0	0	0	TGTGT
chr7	55249156	1	T	0	1	0	0	0	0	0	0	0	0	0	GTGTG
chr7	55249157	1	G	0	1	0	0	0	0	0	0	0	0	0	TGTGC
chr7	55249158	1	T	0	1	0	0	0	0	0	0	0	0	0	GTGCA
chr7	55249159	1	G	0	1	0	0	0	0	0	0	0	0	0	TGCAG
chr7	55249160	1	C	0	1	0	0	0	0	0	0	0	0	0	GCAGA
chr7	55249161	1	A	0	1	0	0	0	0	0	0	0	0	0	CAGAT
chr7	55249162	1	G	0	1	0	0	0	0	0	0	0	0	0	AGATC
chr7	55249163	1	A	0	1	0	0	0	0	0	0	0	0	0	GATCG
chr7	55249164	1	T	0	1	0	0	0	0	0	0	0	0	0	ATCGC
chr7	55249165	1	C	0	1	0	0	0	0	0	0	0	0	0	TCGCA
chr7	55249166	1	G	0	1	0	0	0	0	0	0	0	0	0	CGCAA
chr7	55249167	1	C	0	1	0	0	0	0	0	0	0	0	0	GCAAA
chr7	55249168	1	A	0	1	0	0	0	0	0	0	0	0	0	CAAAG
chr7	55249169	1	A	0	1	0	0	0	0	0	0	0	0	0	AAAGG
chr7	55249170	1	A	0	1	0	0	0	0	0	0	0	0	0	AAGGT
chr7	55249171	1	G	0	1	0	0	0	0	0	0	0	0	0	AGGTA
chr7	140453135	394	C	145	249	0	0	0	0	0	0	0	0	0	TCACT
chr7	140453136	395	A	146	248	0	0	0	0	0	0	1	0	0	CACTG
chr7	140453137	392	C	153	236	0	0	0	0	0	3	0	0	0	ACTGT
chr12	330025	1	C	1	0	0	0	0	0	0	0	0	0	89	GCAGG
chr12	25380274	1262	C	646	615	0	0	0	0	1	0	0	0	0	TCTTG
chr12	25380275	1267	T	651	616	0	0	0	0	0	0	0	0	0	CTTGA
chr12	25380276	1275	T	657	615	0	0	3	0	0	0	0	0	0	TTGAC
chr12	25380277	1278	G	661	617	0	0	0	0	0	0	0	0	0	TGACC
chr12	25380278	1279	A	660	617	0	0	0	0	0	0	0	2	0	GACCT
chr12	25398283	694	A	244	448	0	0	0	0	0	0	0	2	0	CACCA
chr12	25398284	706	C	248	458	0	0	0	0	0	0	0	0	0	ACCAG
chr12	25398285	701	C	250	451	0	0	0	0	0	0	0	0	0	CCAGC
chr12	25398286	700	A	248	452	0	0	0	0	0	0	0	0	0	CAGCT
