CHR	POS	DEPTH	REF	R+	R-	A+	A-	C+	C-	T+	T-	G+	G-	PAD	MOTIF
chr7	1022656	1	G	1	0	0	0	0	0	0	0	0	0	191	GGCCT	nan	nan	nan	nan
chr7	140453135	280	C	119	161	0	0	0	0	0	0	0	0	0	TCACT
chr7	140453136	278	A	118	160	0	0	0	0	0	0	0	0	0	CACTG
chr7	140453137	275	C	116	157	0	0	0	0	1	1	0	0	0	ACTGT
chr12	351613	1	C	1	0	0	0	0	0	0	0	0	0	166	GCCTG	nan	nan	nan	nan
chr12	25380274	327	C	198	129	0	0	0	0	0	0	0	0	0	TCTTG
chr12	25380275	325	T	194	131	0	0	0	0	0	0	0	0	0	CTTGA
chr12	25380276	327	T	197	130	0	0	0	0	0	0	0	0	0	TTGAC
chr12	25380277	329	G	200	129	0	0	0	0	0	0	0	0	0	TGACC
chr12	25380278	325	A	200	123	0	0	0	0	0	0	0	2	0	GACCT
chr12	25398283	377	A	136	240	0	0	0	0	1	0	0	0	0	CACCA
chr12	25398284	379	C	137	241	1	0	0	0	0	0	0	0	0	ACCAG
chr12	25398285	376	C	136	240	0	0	0	0	0	0	0	0	0	CCAGC
chr12	25398286	380	A	137	243	0	0	0	0	0	0	0	0	0	CAGCT
