CHR	POS	DEPTH	REF	R+	R-	A+	A-	C+	C-	T+	T-	G+	G-	PAD	MOTIF
chr7	1022640	1	C	1	0	0	0	0	0	0	0	0	0	207	TCCCC
chr7	55259514	1	C	1	0	0	0	0	0	0	0	0	0	0	GCTGG
chr7	55259515	1	T	1	0	0	0	0	0	0	0	0	0	0	CTGGC
chr7	55259516	1	G	1	0	0	0	0	0	0	0	0	0	0	TGGCC
chr7	55259523	1	C	1	0	0	0	0	0	0	0	0	0	0	ACTGC
chr7	55259524	1	T	1	0	0	0	0	0	0	0	0	0	0	CTGCT
chr7	55259525	1	G	1	0	0	0	0	0	0	0	0	0	0	TGCTG
chr7	140453135	562	C	176	384	0	0	0	0	0	2	0	0	0	TCACT
chr7	140453136	557	A	176	381	0	0	0	0	0	0	0	0	0	CACTG
chr7	140453137	537	C	178	358	0	0	0	0	0	1	0	0	0	ACTGT
chr12	330542	1	C	0	1	0	0	0	0	0	0	0	0	0	CCTCT
chr12	25380274	1201	C	547	654	0	0	0	0	0	0	0	0	0	TCTTG
chr12	25380275	1194	T	545	648	0	0	0	1	0	0	0	0	0	CTTGA
chr12	25380276	1194	T	538	642	0	1	13	0	0	0	0	0	0	TTGAC
chr12	25380277	1183	G	552	630	0	1	0	0	0	0	0	0	0	TGACC
chr12	25380278	1183	A	550	631	0	0	0	0	0	0	0	2	0	GACCT
chr12	25398283	649	A	277	371	0	0	0	1	0	0	0	0	0	CACCA
chr12	25398284	651	C	275	376	0	0	0	0	0	0	0	0	0	ACCAG
chr12	25398285	654	C	277	377	0	0	0	0	0	0	0	0	0	CCAGC
chr12	25398286	658	A	277	378	0	0	0	0	1	2	0	0	0	CAGCT
