CHR	POS	DEPTH	REF	R+	R-	A+	A-	C+	C-	T+	T-	G+	G-	PAD	MOTIF
chr7	1026265	1	C	0	1	0	0	0	0	0	0	0	0	0	TCAAC	nan	nan	nan	nan
chr7	55241706	1	G	0	1	0	0	0	0	0	0	0	0	0	TGGGC
chr7	55241707	1	G	0	1	0	0	0	0	0	0	0	0	0	GGGCT
chr7	55241708	1	G	0	1	0	0	0	0	0	0	0	0	0	GGCTC
chr7	55241709	1	C	0	1	0	0	0	0	0	0	0	0	0	GCTCC
chr7	55259514	1	C	1	0	0	0	0	0	0	0	0	0	0	GCTGG
chr7	55259515	1	T	1	0	0	0	0	0	0	0	0	0	0	CTGGC
chr7	55259516	1	G	1	0	0	0	0	0	0	0	0	0	0	TGGCC
chr7	55259523	1	C	1	0	0	0	0	0	0	0	0	0	0	ACTGC
chr7	55259524	1	T	1	0	0	0	0	0	0	0	0	0	0	CTGCT
chr7	55259525	1	G	1	0	0	0	0	0	0	0	0	0	0	TGCTG
chr7	140453135	512	C	192	318	0	0	0	0	1	1	0	0	0	TCACT
chr7	140453136	511	A	196	315	0	0	0	0	0	0	0	0	0	CACTG
chr7	140453137	513	C	205	305	0	0	0	0	0	3	0	0	0	ACTGT
chr12	330099	1	C	1	0	0	0	0	0	0	0	0	0	14	TCCAA	nan	nan	nan	nan
chr12	25380274	1198	C	772	426	0	0	0	0	0	0	0	0	0	TCTTG
chr12	25380275	1208	T	775	432	0	0	0	1	0	0	0	0	0	CTTGA
chr12	25380276	1219	T	779	436	0	1	3	0	0	0	0	0	0	TTGAC
chr12	25380277	1206	G	781	423	2	0	0	0	0	0	0	0	0	TGACC
chr12	25380278	1205	A	788	412	0	0	0	0	0	0	0	5	0	GACCT
chr12	25398283	1146	A	400	746	0	0	0	0	0	0	0	0	0	CACCA
chr12	25398284	1154	C	397	757	0	0	0	0	0	0	0	0	0	ACCAG
chr12	25398285	1161	C	399	762	0	0	0	0	0	0	0	0	0	CCAGC
chr12	25398286	1158	A	397	760	0	0	0	0	0	0	0	0	0	CAGCT
