CHR	POS	DEPTH	REF	R+	R-	A+	A-	C+	C-	T+	T-	G+	G-	PAD	MOTIF
chr7	1022805	1	A	0	1	0	0	0	0	0	0	0	0	42	GACGG	nan	nan	nan	nan
chr7	55249155	1	G	1	0	0	0	0	0	0	0	0	0	0	TGTGT
chr7	55249156	1	T	1	0	0	0	0	0	0	0	0	0	0	GTGTG
chr7	55249157	1	G	1	0	0	0	0	0	0	0	0	0	0	TGTGC
chr7	55249158	1	T	1	0	0	0	0	0	0	0	0	0	0	GTGCA
chr7	55249159	1	G	1	0	0	0	0	0	0	0	0	0	0	TGCAG
chr7	55249160	1	C	1	0	0	0	0	0	0	0	0	0	0	GCAGA
chr7	55249161	1	A	1	0	0	0	0	0	0	0	0	0	0	CAGAT
chr7	55249162	1	G	1	0	0	0	0	0	0	0	0	0	0	AGATC
chr7	55249163	1	A	1	0	0	0	0	0	0	0	0	0	0	GATCG
chr7	55249164	1	T	1	0	0	0	0	0	0	0	0	0	0	ATCGC
chr7	55249165	1	C	1	0	0	0	0	0	0	0	0	0	0	TCGCA
chr7	55249166	1	G	1	0	0	0	0	0	0	0	0	0	0	CGCAA
chr7	55249167	1	C	1	0	0	0	0	0	0	0	0	0	0	GCAAA
chr7	55249168	1	A	1	0	0	0	0	0	0	0	0	0	0	CAAAG
chr7	55249169	1	A	1	0	0	0	0	0	0	0	0	0	0	AAAGG
chr7	55249170	1	A	1	0	0	0	0	0	0	0	0	0	0	AAGGT
chr7	55249171	1	G	1	0	0	0	0	0	0	0	0	0	0	AGGTA
chr7	55259514	1	C	1	0	0	0	0	0	0	0	0	0	0	GCTGG
chr7	55259515	1	T	1	0	0	0	0	0	0	0	0	0	0	CTGGC
chr7	55259516	1	G	0	1	0	0	0	0	0	0	0	0	0	TGGCC
chr7	55259523	1	C	0	1	0	0	0	0	0	0	0	0	0	ACTGC
chr7	55259524	1	T	0	1	0	0	0	0	0	0	0	0	0	CTGCT
chr7	55259525	1	G	0	1	0	0	0	0	0	0	0	0	0	TGCTG
chr7	140453135	613	C	206	407	0	0	0	0	0	0	0	0	0	TCACT
chr7	140453136	616	A	207	408	0	0	0	0	0	1	0	0	0	CACTG
chr7	140453137	595	C	205	382	0	0	0	0	0	8	0	0	0	ACTGT
chr12	330170	1	G	1	0	0	0	0	0	0	0	0	0	0	GGAGC	nan	nan	nan	nan
chr12	25380274	689	C	442	247	0	0	0	0	0	0	0	0	0	TCTTG
chr12	25380275	688	T	443	245	0	0	0	0	0	0	0	0	0	CTTGA
chr12	25380276	691	T	444	243	0	0	3	0	0	0	1	0	0	TTGAC
chr12	25380277	689	G	448	241	0	0	0	0	0	0	0	0	0	TGACC
chr12	25380278	687	A	446	238	0	0	0	0	0	0	0	3	0	GACCT
chr12	25398283	657	A	237	420	0	0	0	0	0	0	0	0	0	CACCA
chr12	25398284	658	C	235	423	0	0	0	0	0	0	0	0	0	ACCAG
chr12	25398285	661	C	236	425	0	0	0	0	0	0	0	0	0	CCAGC
chr12	25398286	660	A	236	422	0	0	0	0	0	2	0	0	0	CAGCT
