CHR	POS	DEPTH	REF	R+	R-	A+	A-	C+	C-	T+	T-	G+	G-	PAD	MOTIF
chr7	1579575	3	A	0	3	0	0	0	0	0	0	0	0	1	CAGGT	nan	nan	nan	nan
chr7	55241706	1	G	0	1	0	0	0	0	0	0	0	0	0	TGGGC
chr7	55241707	1	G	0	1	0	0	0	0	0	0	0	0	0	GGGCT
chr7	55241708	1	G	0	1	0	0	0	0	0	0	0	0	0	GGCTC
chr7	55241709	1	C	0	1	0	0	0	0	0	0	0	0	0	GCTCC
chr7	55242415	1	G	0	1	0	0	0	0	0	0	0	0	0	GGGAC
chr7	55242416	1	G	0	1	0	0	0	0	0	0	0	0	0	GGACT
chr7	55242417	1	A	0	1	0	0	0	0	0	0	0	0	0	GACTC
chr7	55242418	1	C	0	1	0	0	0	0	0	0	0	0	0	ACTCT
chr7	55242419	1	T	0	1	0	0	0	0	0	0	0	0	0	CTCTG
chr7	55242420	1	C	0	1	0	0	0	0	0	0	0	0	0	TCTGG
chr7	55242421	1	T	0	1	0	0	0	0	0	0	0	0	0	CTGGA
chr7	55242422	1	G	0	1	0	0	0	0	0	0	0	0	0	TGGAT
chr7	55242423	1	G	0	1	0	0	0	0	0	0	0	0	0	GGATC
chr7	55242424	1	A	0	1	0	0	0	0	0	0	0	0	0	GATCC
chr7	55242425	1	T	0	1	0	0	0	0	0	0	0	0	0	ATCCC
chr7	55242426	1	C	0	1	0	0	0	0	0	0	0	0	0	TCCCA
chr7	55242427	1	C	0	1	0	0	0	0	0	0	0	0	0	CCCAG
chr7	55242428	1	C	0	1	0	0	0	0	0	0	0	0	0	CCAGA
chr7	55242429	1	A	0	1	0	0	0	0	0	0	0	0	0	CAGAA
chr7	55242430	1	G	0	1	0	0	0	0	0	0	0	0	0	AGAAG
chr7	55242431	1	A	0	1	0	0	0	0	0	0	0	0	0	GAAGG
chr7	55242432	1	A	0	1	0	0	0	0	0	0	0	0	0	AAGGT
chr7	55242433	1	G	0	1	0	0	0	0	0	0	0	0	0	AGGTG
chr7	55242434	1	G	0	1	0	0	0	0	0	0	0	0	0	GGTGA
chr7	55242435	1	T	0	1	0	0	0	0	0	0	0	0	0	GTGAG
chr7	55242436	1	G	0	1	0	0	0	0	0	0	0	0	0	TGAGA
chr7	55242437	1	A	0	1	0	0	0	0	0	0	0	0	0	GAGAA
chr7	55242438	1	G	0	1	0	0	0	0	0	0	0	0	0	AGAAA
chr7	55242439	1	A	0	1	0	0	0	0	0	0	0	0	0	GAAAG
chr7	55242440	1	A	0	1	0	0	0	0	0	0	0	0	0	AAAGT
chr7	55242441	1	A	0	1	0	0	0	0	0	0	0	0	0	AAGTT
chr7	55242442	1	G	0	1	0	0	0	0	0	0	0	0	0	AGTTA
chr7	55248986	1	G	0	1	0	0	0	0	0	0	0	0	0	GGAAG
chr7	55248987	1	A	1	0	0	0	0	0	0	0	0	0	0	GAAGC
chr7	55248988	1	A	1	0	0	0	0	0	0	0	0	0	0	AAGCC
chr7	55248989	1	G	1	0	0	0	0	0	0	0	0	0	0	AGCCT
chr7	55248990	1	C	1	0	0	0	0	0	0	0	0	0	0	GCCTA
chr7	55248991	1	C	1	0	0	0	0	0	0	0	0	0	0	CCTAC
chr7	55248992	1	T	1	0	0	0	0	0	0	0	0	0	0	CTACG
chr7	55248994	1	C	1	0	0	0	0	0	0	0	0	0	0	ACGTG
chr7	55248995	1	G	1	0	0	0	0	0	0	0	0	0	0	CGTGA
chr7	55248996	1	T	1	0	0	0	0	0	0	0	0	0	0	GTGAT
chr7	55249089	1	G	0	1	0	0	0	0	0	0	0	0	0	GGCTG
chr7	55249090	1	C	0	1	0	0	0	0	0	0	0	0	0	GCTGC
chr7	55249092	1	G	0	1	0	0	0	0	0	0	0	0	0	TGCCT
chr7	55249093	1	C	0	1	0	0	0	0	0	0	0	0	0	GCCTC
chr7	55249094	1	C	0	1	0	0	0	0	0	0	0	0	0	CCTCC
chr7	55249095	1	T	0	1	0	0	0	0	0	0	0	0	0	CTCCT
chr7	55249096	1	C	0	1	0	0	0	0	0	0	0	0	0	TCCTG
chr7	55249097	1	C	0	1	0	0	0	0	0	0	0	0	0	CCTGG
chr7	55249098	1	T	0	1	0	0	0	0	0	0	0	0	0	CTGGA
chr7	55249099	1	G	0	1	0	0	0	0	0	0	0	0	0	TGGAC
chr7	55249100	1	G	0	1	0	0	0	0	0	0	0	0	0	GGACT
chr7	55249101	1	A	0	1	0	0	0	0	0	0	0	0	0	GACTA
chr7	55249102	1	C	0	1	0	0	0	0	0	0	0	0	0	ACTAT
chr7	55249103	1	T	0	1	0	0	0	0	0	0	0	0	0	CTATG
chr7	55249104	1	A	0	1	0	0	0	0	0	0	0	0	0	TATGT
chr7	55249105	1	T	0	1	0	0	0	0	0	0	0	0	0	ATGTC
chr7	55249106	1	G	0	1	0	0	0	0	0	0	0	0	0	TGTCC
chr7	55249107	1	T	0	1	0	0	0	0	0	0	0	0	0	GTCCG
chr7	55249108	1	C	0	1	0	0	0	0	0	0	0	0	0	TCCGG
chr7	55249109	1	C	0	1	0	0	0	0	0	0	0	0	0	CCGGG
chr7	55249110	1	G	0	1	0	0	0	0	0	0	0	0	0	CGGGA
chr7	55249111	1	G	0	1	0	0	0	0	0	0	0	0	0	GGGAA
chr7	55249112	1	G	0	1	0	0	0	0	0	0	0	0	0	GGAAC
chr7	55249113	1	A	0	1	0	0	0	0	0	0	0	0	0	GAACA
chr7	55249114	1	A	0	1	0	0	0	0	0	0	0	0	0	AACAC
chr7	55249115	1	C	0	1	0	0	0	0	0	0	0	0	0	ACACA
chr7	55249116	1	A	0	1	0	0	0	0	0	0	0	0	0	CACAA
chr7	55249117	2	C	0	2	0	0	0	0	0	0	0	0	0	ACAAA
chr7	55249118	2	A	0	2	0	0	0	0	0	0	0	0	0	CAAAG
chr7	55249119	2	A	0	2	0	0	0	0	0	0	0	0	0	AAAGA
chr7	55249120	2	A	0	2	0	0	0	0	0	0	0	0	0	AAGAC
chr7	55249121	2	G	0	2	0	0	0	0	0	0	0	0	0	AGACA
chr7	55249122	2	A	0	2	0	0	0	0	0	0	0	0	0	GACAA
chr7	55249123	2	C	0	2	0	0	0	0	0	0	0	0	0	ACAAT
chr7	55249124	2	A	0	2	0	0	0	0	0	0	0	0	0	CAATA
chr7	55249125	2	A	0	2	0	0	0	0	0	0	0	0	0	AATAT
chr7	55249126	2	T	0	2	0	0	0	0	0	0	0	0	0	ATATT
chr7	55249127	2	A	0	2	0	0	0	0	0	0	0	0	0	TATTG
chr7	55249128	2	T	0	2	0	0	0	0	0	0	0	0	0	ATTGG
chr7	55249129	2	T	0	2	0	0	0	0	0	0	0	0	0	TTGGC
chr7	55249130	2	G	0	2	0	0	0	0	0	0	0	0	0	TGGCT
chr7	55249131	2	G	0	2	0	0	0	0	0	0	0	0	0	GGCTC
chr7	55249132	2	C	0	2	0	0	0	0	0	0	0	0	0	GCTCC
chr7	55249133	2	T	0	2	0	0	0	0	0	0	0	0	0	CTCCC
chr7	55249134	2	C	0	2	0	0	0	0	0	0	0	0	0	TCCCA
chr7	55249135	2	C	0	2	0	0	0	0	0	0	0	0	0	CCCAG
chr7	55249136	2	C	0	2	0	0	0	0	0	0	0	0	0	CCAGT
chr7	55249137	2	A	0	2	0	0	0	0	0	0	0	0	0	CAGTA
chr7	55249138	2	G	0	2	0	0	0	0	0	0	0	0	0	AGTAC
chr7	55249139	2	T	0	2	0	0	0	0	0	0	0	0	0	GTACC
chr7	55249140	2	A	0	2	0	0	0	0	0	0	0	0	0	TACCT
chr7	55249141	2	C	0	2	0	0	0	0	0	0	0	0	0	ACCTG
chr7	55249142	2	C	0	2	0	0	0	0	0	0	0	0	0	CCTGC
chr7	55249143	2	T	0	2	0	0	0	0	0	0	0	0	0	CTGCT
chr7	55249144	2	G	0	2	0	0	0	0	0	0	0	0	0	TGCTC
chr7	55249145	2	C	0	2	0	0	0	0	0	0	0	0	0	GCTCA
chr7	55249146	2	T	0	2	0	0	0	0	0	0	0	0	0	CTCAA
chr7	55249147	2	C	0	2	0	0	0	0	0	0	0	0	0	TCAAC
chr7	55249148	2	A	0	2	0	0	0	0	0	0	0	0	0	CAACT
chr7	55249149	2	A	0	2	0	0	0	0	0	0	0	0	0	AACTG
chr7	55249150	2	C	0	2	0	0	0	0	0	0	0	0	0	ACTGG
chr7	55249151	2	T	0	2	0	0	0	0	0	0	0	0	0	CTGGT
chr7	55249152	2	G	0	2	0	0	0	0	0	0	0	0	0	TGGTG
chr7	55249153	2	G	0	2	0	0	0	0	0	0	0	0	0	GGTGT
chr7	55249154	2	T	0	2	0	0	0	0	0	0	0	0	0	GTGTG
chr7	55249155	2	G	0	2	0	0	0	0	0	0	0	0	0	TGTGT
chr7	55249156	2	T	0	2	0	0	0	0	0	0	0	0	0	GTGTG
chr7	55249157	2	G	0	2	0	0	0	0	0	0	0	0	0	TGTGC
chr7	55249158	2	T	0	2	0	0	0	0	0	0	0	0	0	GTGCA
chr7	55249159	2	G	0	2	0	0	0	0	0	0	0	0	0	TGCAG
chr7	55249160	2	C	0	1	0	0	0	0	0	1	0	0	0	GCAGA
chr7	55249161	2	A	0	2	0	0	0	0	0	0	0	0	0	CAGAT
chr7	55249162	2	G	0	2	0	0	0	0	0	0	0	0	0	AGATC
chr7	55249163	2	A	0	2	0	0	0	0	0	0	0	0	0	GATCG
chr7	55249164	2	T	0	2	0	0	0	0	0	0	0	0	0	ATCGC
chr7	55249165	2	C	0	2	0	0	0	0	0	0	0	0	0	TCGCA
chr7	55249166	2	G	0	2	0	0	0	0	0	0	0	0	0	CGCAA
chr7	55249167	2	C	0	2	0	0	0	0	0	0	0	0	0	GCAAA
chr7	55249168	2	A	0	2	0	0	0	0	0	0	0	0	0	CAAAG
chr7	55249169	2	A	0	2	0	0	0	0	0	0	0	0	0	AAAGG
chr7	55249170	2	A	0	2	0	0	0	0	0	0	0	0	0	AAGGT
chr7	55249171	2	G	0	2	0	0	0	0	0	0	0	0	0	AGGTA
chr7	55259514	1	C	0	1	0	0	0	0	0	0	0	0	0	GCTGG
chr7	55259515	1	T	0	1	0	0	0	0	0	0	0	0	0	CTGGC
chr7	55259516	1	G	0	1	0	0	0	0	0	0	0	0	0	TGGCC
chr7	55259523	1	C	0	1	0	0	0	0	0	0	0	0	0	ACTGC
chr7	55259524	1	T	0	1	0	0	0	0	0	0	0	0	0	CTGCT
chr7	55259525	1	G	0	1	0	0	0	0	0	0	0	0	0	TGCTG
chr7	140453135	420	C	171	249	0	0	0	0	0	0	0	0	0	TCACT
chr7	140453136	417	A	168	249	0	0	0	0	0	0	0	0	0	CACTG
chr7	140453137	403	C	172	226	0	1	0	0	0	4	0	0	0	ACTGT
chr12	331779	1	G	0	1	0	0	0	0	0	0	0	0	0	TGTCG	nan	nan	nan	nan
chr12	25380274	571	C	353	218	0	0	0	0	0	0	0	0	0	TCTTG
chr12	25380275	574	T	357	217	0	0	0	0	0	0	0	0	0	CTTGA
chr12	25380276	576	T	359	216	0	0	1	0	0	0	0	0	0	TTGAC
chr12	25380277	575	G	360	215	0	0	0	0	0	0	0	0	0	TGACC
chr12	25380278	575	A	359	214	0	0	1	0	0	0	0	1	0	GACCT
chr12	25398283	532	A	214	317	0	0	0	0	0	0	0	1	0	CACCA
chr12	25398284	536	C	212	322	0	0	0	0	0	0	2	0	0	ACCAG
chr12	25398285	534	C	209	325	0	0	0	0	0	0	0	0	0	CCAGC
chr12	25398286	534	A	207	326	0	0	0	1	0	0	0	0	0	CAGCT
