CHR	POS	DEPTH	REF	R+	R-	A+	A-	C+	C-	T+	T-	G+	G-	PAD	MOTIF
chr7	1027991	1	G	0	1	0	0	0	0	0	0	0	0	0	CGGCC	nan	nan	nan	nan
chr7	55241706	1	G	0	1	0	0	0	0	0	0	0	0	0	TGGGC
chr7	55241707	1	G	0	1	0	0	0	0	0	0	0	0	0	GGGCT
chr7	55241708	1	G	0	1	0	0	0	0	0	0	0	0	0	GGCTC
chr7	55241709	1	C	0	1	0	0	0	0	0	0	0	0	0	GCTCC
chr7	55242415	1	G	0	1	0	0	0	0	0	0	0	0	0	GGGAC
chr7	55242416	1	G	0	1	0	0	0	0	0	0	0	0	0	GGACT
chr7	55242417	1	A	0	1	0	0	0	0	0	0	0	0	0	GACTC
chr7	55242418	1	C	0	1	0	0	0	0	0	0	0	0	0	ACTCT
chr7	55242419	1	T	0	1	0	0	0	0	0	0	0	0	0	CTCTG
chr7	55242420	1	C	0	1	0	0	0	0	0	0	0	0	0	TCTGG
chr7	55242421	1	T	0	1	0	0	0	0	0	0	0	0	0	CTGGA
chr7	55242422	1	G	0	1	0	0	0	0	0	0	0	0	0	TGGAT
chr7	55242423	1	G	0	1	0	0	0	0	0	0	0	0	0	GGATC
chr7	55242424	1	A	0	1	0	0	0	0	0	0	0	0	0	GATCC
chr7	55242425	1	T	0	1	0	0	0	0	0	0	0	0	0	ATCCC
chr7	55242426	1	C	0	1	0	0	0	0	0	0	0	0	0	TCCCA
chr7	55242427	1	C	0	1	0	0	0	0	0	0	0	0	0	CCCAG
chr7	55242428	1	C	0	1	0	0	0	0	0	0	0	0	0	CCAGA
chr7	55242429	1	A	0	1	0	0	0	0	0	0	0	0	0	CAGAA
chr7	55242430	1	G	0	1	0	0	0	0	0	0	0	0	0	AGAAG
chr7	55242431	1	A	0	1	0	0	0	0	0	0	0	0	0	GAAGG
chr7	55242432	1	A	0	1	0	0	0	0	0	0	0	0	0	AAGGT
chr7	55242433	1	G	0	1	0	0	0	0	0	0	0	0	0	AGGTG
chr7	55242434	1	G	0	1	0	0	0	0	0	0	0	0	0	GGTGA
chr7	55242435	1	T	0	1	0	0	0	0	0	0	0	0	0	GTGAG
chr7	55242436	1	G	0	1	0	0	0	0	0	0	0	0	0	TGAGA
chr7	55242437	1	A	0	1	0	0	0	0	0	0	0	0	0	GAGAA
chr7	55242438	1	G	0	1	0	0	0	0	0	0	0	0	0	AGAAA
chr7	55242439	1	A	0	1	0	0	0	0	0	0	0	0	0	GAAAG
chr7	55242440	1	A	0	1	0	0	0	0	0	0	0	0	0	AAAGT
chr7	55242441	1	A	0	1	0	0	0	0	0	0	0	0	0	AAGTT
chr7	55242442	1	G	0	1	0	0	0	0	0	0	0	0	0	AGTTA
chr7	55242443	1	T	0	1	0	0	0	0	0	0	0	0	0	GTTAA
chr7	55242444	1	T	0	1	0	0	0	0	0	0	0	0	0	TTAAA
chr7	55242445	1	A	0	1	0	0	0	0	0	0	0	0	0	TAAAA
chr7	55242446	1	A	0	1	0	0	0	0	0	0	0	0	0	AAAAT
chr7	55242447	1	A	0	1	0	0	0	0	0	0	0	0	0	AAATT
chr7	55249148	1	A	1	0	0	0	0	0	0	0	0	0	0	CAACT
chr7	55249149	1	A	1	0	0	0	0	0	0	0	0	0	0	AACTG
chr7	55249150	1	C	1	0	0	0	0	0	0	0	0	0	0	ACTGG
chr7	55249151	1	T	1	0	0	0	0	0	0	0	0	0	0	CTGGT
chr7	55249152	1	G	1	0	0	0	0	0	0	0	0	0	0	TGGTG
chr7	55249153	1	G	1	0	0	0	0	0	0	0	0	0	0	GGTGT
chr7	55249154	1	T	1	0	0	0	0	0	0	0	0	0	0	GTGTG
chr7	55249155	1	G	1	0	0	0	0	0	0	0	0	0	0	TGTGT
chr7	55249156	1	T	1	0	0	0	0	0	0	0	0	0	0	GTGTG
chr7	55249157	1	G	1	0	0	0	0	0	0	0	0	0	0	TGTGC
chr7	55249158	1	T	1	0	0	0	0	0	0	0	0	0	0	GTGCA
chr7	55249159	1	G	1	0	0	0	0	0	0	0	0	0	0	TGCAG
chr7	55249160	1	C	1	0	0	0	0	0	0	0	0	0	0	GCAGA
chr7	55249161	1	A	1	0	0	0	0	0	0	0	0	0	0	CAGAT
chr7	55249162	1	G	1	0	0	0	0	0	0	0	0	0	0	AGATC
chr7	55249163	1	A	1	0	0	0	0	0	0	0	0	0	0	GATCG
chr7	55249164	1	T	1	0	0	0	0	0	0	0	0	0	0	ATCGC
chr7	55249165	1	C	1	0	0	0	0	0	0	0	0	0	0	TCGCA
chr7	55249166	1	G	1	0	0	0	0	0	0	0	0	0	0	CGCAA
chr7	55249167	1	C	1	0	0	0	0	0	0	0	0	0	0	GCAAA
chr7	55249168	1	A	1	0	0	0	0	0	0	0	0	0	0	CAAAG
chr7	55249169	1	A	1	0	0	0	0	0	0	0	0	0	0	AAAGG
chr7	55249170	1	A	1	0	0	0	0	0	0	0	0	0	0	AAGGT
chr7	55249171	1	G	1	0	0	0	0	0	0	0	0	0	0	AGGTA
chr7	55259514	2	C	0	2	0	0	0	0	0	0	0	0	0	GCTGG
chr7	55259515	2	T	0	2	0	0	0	0	0	0	0	0	0	CTGGC
chr7	55259516	2	G	0	2	0	0	0	0	0	0	0	0	0	TGGCC
chr7	55259523	2	C	0	2	0	0	0	0	0	0	0	0	0	ACTGC
chr7	55259524	2	T	0	2	0	0	0	0	0	0	0	0	0	CTGCT
chr7	55259525	2	G	0	2	0	0	0	0	0	0	0	0	0	TGCTG
chr7	140453135	411	C	162	248	0	0	0	0	0	1	0	0	0	TCACT
chr7	140453136	412	A	164	248	0	0	0	0	0	0	0	0	0	CACTG
chr7	140453137	402	C	167	234	0	0	0	0	0	1	0	0	0	ACTGT
chr12	329968	1	A	1	0	0	0	0	0	0	0	0	0	145	CAGCT	nan	nan	nan	nan
chr12	25380274	673	C	394	279	0	0	0	0	0	0	0	0	0	TCTTG
chr12	25380275	670	T	393	277	0	0	0	0	0	0	0	0	0	CTTGA
chr12	25380276	671	T	395	272	0	0	4	0	0	0	0	0	0	TTGAC
chr12	25380277	676	G	400	275	0	1	0	0	0	0	0	0	0	TGACC
chr12	25380278	672	A	397	273	0	0	0	0	0	0	1	0	0	GACCT
chr12	25398283	597	A	220	377	0	0	0	0	0	0	0	0	0	CACCA
chr12	25398284	599	C	216	383	0	0	0	0	0	0	0	0	0	ACCAG
chr12	25398285	592	C	218	374	0	0	0	0	0	0	0	0	0	CCAGC
chr12	25398286	595	A	218	377	0	0	0	0	0	0	0	0	0	CAGCT
