CHR	POS	DEPTH	REF	R+	R-	A+	A-	C+	C-	T+	T-	G+	G-	PAD	MOTIF
chr7	1024841	1	C	1	0	0	0	0	0	0	0	0	0	0	TCCAA	nan	nan	nan	nan
chr7	55241706	5	G	1	4	0	0	0	0	0	0	0	0	0	TGGGC
chr7	55241707	5	G	1	4	0	0	0	0	0	0	0	0	0	GGGCT
chr7	55241708	5	G	1	4	0	0	0	0	0	0	0	0	0	GGCTC
chr7	55241709	5	C	1	4	0	0	0	0	0	0	0	0	0	GCTCC
chr7	55242415	3	G	0	3	0	0	0	0	0	0	0	0	0	GGGAC
chr7	55242416	3	G	0	3	0	0	0	0	0	0	0	0	0	GGACT
chr7	55242417	3	A	0	3	0	0	0	0	0	0	0	0	0	GACTC
chr7	55242418	3	C	0	3	0	0	0	0	0	0	0	0	0	ACTCT
chr7	55242419	3	T	0	3	0	0	0	0	0	0	0	0	0	CTCTG
chr7	55242420	3	C	0	3	0	0	0	0	0	0	0	0	0	TCTGG
chr7	55242421	3	T	0	3	0	0	0	0	0	0	0	0	0	CTGGA
chr7	55242422	3	G	0	3	0	0	0	0	0	0	0	0	0	TGGAT
chr7	55242423	3	G	0	3	0	0	0	0	0	0	0	0	0	GGATC
chr7	55242424	3	A	0	3	0	0	0	0	0	0	0	0	0	GATCC
chr7	55242425	2	T	0	2	0	0	0	0	0	0	0	0	0	ATCCC
chr7	55242426	3	C	0	3	0	0	0	0	0	0	0	0	0	TCCCA
chr7	55242427	3	C	0	3	0	0	0	0	0	0	0	0	0	CCCAG
chr7	55242428	3	C	0	3	0	0	0	0	0	0	0	0	0	CCAGA
chr7	55242429	3	A	0	3	0	0	0	0	0	0	0	0	0	CAGAA
chr7	55242430	3	G	0	3	0	0	0	0	0	0	0	0	0	AGAAG
chr7	55242431	3	A	0	3	0	0	0	0	0	0	0	0	0	GAAGG
chr7	55242432	3	A	0	3	0	0	0	0	0	0	0	0	0	AAGGT
chr7	55242433	3	G	0	3	0	0	0	0	0	0	0	0	0	AGGTG
chr7	55242434	3	G	0	3	0	0	0	0	0	0	0	0	0	GGTGA
chr7	55242435	3	T	0	3	0	0	0	0	0	0	0	0	0	GTGAG
chr7	55242436	3	G	0	3	0	0	0	0	0	0	0	0	0	TGAGA
chr7	55242437	3	A	0	3	0	0	0	0	0	0	0	0	0	GAGAA
chr7	55242438	3	G	0	3	0	0	0	0	0	0	0	0	0	AGAAA
chr7	55242439	3	A	0	3	0	0	0	0	0	0	0	0	0	GAAAG
chr7	55242440	3	A	0	3	0	0	0	0	0	0	0	0	0	AAAGT
chr7	55242441	2	A	0	2	0	0	0	0	0	0	0	0	0	AAGTT
chr7	55242442	2	G	0	2	0	0	0	0	0	0	0	0	0	AGTTA
chr7	55242443	1	T	0	1	0	0	0	0	0	0	0	0	0	GTTAA
chr7	55242444	1	T	0	1	0	0	0	0	0	0	0	0	0	TTAAA
chr7	55242445	1	A	0	1	0	0	0	0	0	0	0	0	0	TAAAA
chr7	55242446	1	A	0	1	0	0	0	0	0	0	0	0	0	AAAAT
chr7	55242447	1	A	0	1	0	0	0	0	0	0	0	0	0	AAATT
chr7	55242448	1	A	0	1	0	0	0	0	0	0	0	0	0	AATTC
chr7	55242449	1	T	0	1	0	0	0	0	0	0	0	0	0	ATTCC
chr7	55242450	1	T	0	1	0	0	0	0	0	0	0	0	0	TTCCC
chr7	55242451	1	C	0	1	0	0	0	0	0	0	0	0	0	TCCCG
chr7	55242452	1	C	0	1	0	0	0	0	0	0	0	0	0	CCCGT
chr7	55242453	1	C	0	1	0	0	0	0	0	0	0	0	0	CCGTC
chr7	55242454	1	G	0	1	0	0	0	0	0	0	0	0	0	CGTCG
chr7	55242455	1	T	0	1	0	0	0	0	0	0	0	0	0	GTCGC
chr7	55242456	2	C	1	1	0	0	0	0	0	0	0	0	0	TCGCT
chr7	55242457	1	G	1	0	0	0	0	0	0	0	0	0	0	CGCTA
chr7	55242458	1	C	1	0	0	0	0	0	0	0	0	0	0	GCTAT
chr7	55242459	1	T	1	0	0	0	0	0	0	0	0	0	0	CTATC
chr7	55242460	1	A	1	0	0	0	0	0	0	0	0	0	0	TATCA
chr7	55242461	1	T	1	0	0	0	0	0	0	0	0	0	0	ATCAA
chr7	55242462	1	C	1	0	0	0	0	0	0	0	0	0	0	TCAAG
chr7	55242463	1	A	1	0	0	0	0	0	0	0	0	0	0	CAAGG
chr7	55242464	1	A	1	0	0	0	0	0	0	0	0	0	0	AAGGA
chr7	55242465	1	G	1	0	0	0	0	0	0	0	0	0	0	AGGAA
chr7	55242466	1	G	1	0	0	0	0	0	0	0	0	0	0	GGAAT
chr7	55242496	1	A	0	1	0	0	0	0	0	0	0	0	0	CAACA
chr7	55242497	1	A	0	1	0	0	0	0	0	0	0	0	0	AACAA
chr7	55242498	1	C	0	1	0	0	0	0	0	0	0	0	0	ACAAG
chr7	55242499	1	A	0	1	0	0	0	0	0	0	0	0	0	CAAGG
chr7	55242500	1	A	0	1	0	0	0	0	0	0	0	0	0	AAGGA
chr7	55242501	1	G	0	1	0	0	0	0	0	0	0	0	0	AGGAA
chr7	55242502	1	G	0	1	0	0	0	0	0	0	0	0	0	GGAAA
chr7	55242503	1	A	0	1	0	0	0	0	0	0	0	0	0	GAAAT
chr7	55242504	1	A	0	1	0	0	0	0	0	0	0	0	0	AAATC
chr7	55242505	1	A	0	1	0	0	0	0	0	0	0	0	0	AATCC
chr7	55242506	1	T	0	1	0	0	0	0	0	0	0	0	0	ATCCT
chr7	55242507	1	C	0	1	0	0	0	0	0	0	0	0	0	TCCTC
chr7	55242508	1	C	0	1	0	0	0	0	0	0	0	0	0	CCTCG
chr7	55242509	1	T	0	1	0	0	0	0	0	0	0	0	0	CTCGA
chr7	55242510	1	C	0	1	0	0	0	0	0	0	0	0	0	TCGAT
chr7	55242511	1	G	0	1	0	0	0	0	0	0	0	0	0	CGATG
chr7	55242512	1	A	0	1	0	0	0	0	0	0	0	0	0	GATGT
chr7	55242513	1	T	0	1	0	0	0	0	0	0	0	0	0	ATGTG
chr7	55248986	1	G	0	1	0	0	0	0	0	0	0	0	0	GGAAG
chr7	55248987	1	A	0	1	0	0	0	0	0	0	0	0	0	GAAGC
chr7	55248988	1	A	0	1	0	0	0	0	0	0	0	0	0	AAGCC
chr7	55248989	1	G	0	1	0	0	0	0	0	0	0	0	0	AGCCT
chr7	55248990	1	C	0	1	0	0	0	0	0	0	0	0	0	GCCTA
chr7	55248991	1	C	0	1	0	0	0	0	0	0	0	0	0	CCTAC
chr7	55248992	1	T	0	1	0	0	0	0	0	0	0	0	0	CTACG
chr7	55248993	1	A	0	1	0	0	0	0	0	0	0	0	0	TACGT
chr7	55248994	1	C	0	1	0	0	0	0	0	0	0	0	0	ACGTG
chr7	55248995	1	G	0	1	0	0	0	0	0	0	0	0	0	CGTGA
chr7	55248996	1	T	0	1	0	0	0	0	0	0	0	0	0	GTGAT
chr7	55248997	1	G	0	1	0	0	0	0	0	0	0	0	0	TGATG
chr7	55248998	1	A	0	1	0	0	0	0	0	0	0	0	0	GATGG
chr7	55248999	1	T	0	1	0	0	0	0	0	0	0	0	0	ATGGC
chr7	55249000	1	G	0	1	0	0	0	0	0	0	0	0	0	TGGCC
chr7	55249001	1	G	0	1	0	0	0	0	0	0	0	0	0	GGCCA
chr7	55249002	1	C	0	1	0	0	0	0	0	0	0	0	0	GCCAG
chr7	55249003	1	C	0	1	0	0	0	0	0	0	0	0	0	CCAGC
chr7	55249004	1	A	0	1	0	0	0	0	0	0	0	0	0	CAGCG
chr7	55249005	1	G	0	1	0	0	0	0	0	0	0	0	0	AGCGT
chr7	55249006	1	C	0	1	0	0	0	0	0	0	0	0	0	GCGTG
chr7	55249007	1	G	0	1	0	0	0	0	0	0	0	0	0	CGTGG
chr7	55249008	1	T	0	1	0	0	0	0	0	0	0	0	0	GTGGA
chr7	55249009	1	G	0	1	0	0	0	0	0	0	0	0	0	TGGAC
chr7	55249010	1	G	0	1	0	0	0	0	0	0	0	0	0	GGACA
chr7	55249011	1	A	0	1	0	0	0	0	0	0	0	0	0	GACAA
chr7	55249012	1	C	0	1	0	0	0	0	0	0	0	0	0	ACAAC
chr7	55249013	1	A	0	1	0	0	0	0	0	0	0	0	0	CAACC
chr7	55249014	1	A	0	1	0	0	0	0	0	0	0	0	0	AACCC
chr7	55249015	1	C	0	1	0	0	0	0	0	0	0	0	0	ACCCC
chr7	55249016	1	C	0	1	0	0	0	0	0	0	0	0	0	CCCCC
chr7	55249017	1	C	0	1	0	0	0	0	0	0	0	0	0	CCCCA
chr7	55249018	1	C	0	1	0	0	0	0	0	0	0	0	0	CCCAC
chr7	55249019	1	C	0	1	0	0	0	0	0	0	0	0	0	CCACG
chr7	55249020	1	A	0	1	0	0	0	0	0	0	0	0	0	CACGT
chr7	55249021	1	C	0	1	0	0	0	0	0	0	0	0	0	ACGTG
chr7	55249022	1	G	0	1	0	0	0	0	0	0	0	0	0	CGTGT
chr7	55249023	1	T	0	1	0	0	0	0	0	0	0	0	0	GTGTG
chr7	55249024	1	G	0	1	0	0	0	0	0	0	0	0	0	TGTGC
chr7	55249025	1	T	0	1	0	0	0	0	0	0	0	0	0	GTGCC
chr7	55249026	1	G	0	1	0	0	0	0	0	0	0	0	0	TGCCG
chr7	55249027	1	C	0	1	0	0	0	0	0	0	0	0	0	GCCGC
chr7	55249028	1	C	0	1	0	0	0	0	0	0	0	0	0	CCGCC
chr7	55249029	1	G	0	1	0	0	0	0	0	0	0	0	0	CGCCT
chr7	55249030	1	C	0	1	0	0	0	0	0	0	0	0	0	GCCTG
chr7	55249031	1	C	0	1	0	0	0	0	0	0	0	0	0	CCTGC
chr7	55249032	1	T	0	1	0	0	0	0	0	0	0	0	0	CTGCT
chr7	55249033	1	G	0	1	0	0	0	0	0	0	0	0	0	TGCTG
chr7	55249034	1	C	0	1	0	0	0	0	0	0	0	0	0	GCTGG
chr7	55249035	1	T	0	1	0	0	0	0	0	0	0	0	0	CTGGG
chr7	55249036	1	G	0	1	0	0	0	0	0	0	0	0	0	TGGGC
chr7	55249037	1	G	0	1	0	0	0	0	0	0	0	0	0	GGGCA
chr7	55249038	1	G	0	1	0	0	0	0	0	0	0	0	0	GGCAT
chr7	55249039	1	C	0	1	0	0	0	0	0	0	0	0	0	GCATC
chr7	55249040	1	A	0	1	0	0	0	0	0	0	0	0	0	CATCT
chr7	55249041	1	T	0	1	0	0	0	0	0	0	0	0	0	ATCTG
chr7	55249042	1	C	0	1	0	0	0	0	0	0	0	0	0	TCTGC
chr7	55249043	1	T	0	1	0	0	0	0	0	0	0	0	0	CTGCC
chr7	55249044	1	G	0	1	0	0	0	0	0	0	0	0	0	TGCCT
chr7	55249045	1	C	0	1	0	0	0	0	0	0	0	0	0	GCCTC
chr7	55249046	1	C	0	1	0	0	0	0	0	0	0	0	0	CCTCA
chr7	55249047	1	T	0	1	0	0	0	0	0	0	0	0	0	CTCAC
chr7	55249048	1	C	0	1	0	0	0	0	0	0	0	0	0	TCACC
chr7	55249049	1	A	0	1	0	0	0	0	0	0	0	0	0	CACCT
chr7	55249050	1	C	0	1	0	0	0	0	0	0	0	0	0	ACCTC
chr7	55249051	1	C	0	1	0	0	0	0	0	0	0	0	0	CCTCC
chr7	55249052	1	T	0	1	0	0	0	0	0	0	0	0	0	CTCCA
chr7	55249053	1	C	0	1	0	0	0	0	0	0	0	0	0	TCCAC
chr7	55249054	1	C	0	1	0	0	0	0	0	0	0	0	0	CCACC
chr7	55249055	1	A	0	1	0	0	0	0	0	0	0	0	0	CACCG
chr7	55249056	1	C	0	1	0	0	0	0	0	0	0	0	0	ACCGT
chr7	55249057	1	C	0	1	0	0	0	0	0	0	0	0	0	CCGTG
chr7	55249058	1	G	0	1	0	0	0	0	0	0	0	0	0	CGTGC
chr7	55249059	1	T	0	1	0	0	0	0	0	0	0	0	0	GTGCA
chr7	55249060	1	G	0	1	0	0	0	0	0	0	0	0	0	TGCAG
chr7	55249061	1	C	0	1	0	0	0	0	0	0	0	0	0	GCAGC
chr7	55249062	1	A	0	1	0	0	0	0	0	0	0	0	0	CAGCT
chr7	55249063	1	G	0	1	0	0	0	0	0	0	0	0	0	AGCTC
chr7	55249064	1	C	0	1	0	0	0	0	0	0	0	0	0	GCTCA
chr7	55249065	1	T	0	1	0	0	0	0	0	0	0	0	0	CTCAT
chr7	55249066	1	C	0	1	0	0	0	0	0	0	0	0	0	TCATC
chr7	55249067	1	A	0	1	0	0	0	0	0	0	0	0	0	CATCA
chr7	55249068	1	T	0	1	0	0	0	0	0	0	0	0	0	ATCAC
chr7	55249069	1	C	0	1	0	0	0	0	0	0	0	0	0	TCACG
chr7	55249070	1	A	0	1	0	0	0	0	0	0	0	0	0	CACGC
chr7	55249071	1	C	0	1	0	0	0	0	0	0	0	0	0	ACGCA
chr7	55249072	2	G	1	1	0	0	0	0	0	0	0	0	0	CGCAG
chr7	55249073	1	C	1	0	0	0	0	0	0	0	0	0	0	GCAGC
chr7	55249074	1	A	1	0	0	0	0	0	0	0	0	0	0	CAGCT
chr7	55249075	1	G	1	0	0	0	0	0	0	0	0	0	0	AGCTC
chr7	55249076	1	C	1	0	0	0	0	0	0	0	0	0	0	GCTCA
chr7	55249077	1	T	1	0	0	0	0	0	0	0	0	0	0	CTCAT
chr7	55249078	1	C	1	0	0	0	0	0	0	0	0	0	0	TCATG
chr7	55249079	1	A	1	0	0	0	0	0	0	0	0	0	0	CATGC
chr7	55249080	1	T	1	0	0	0	0	0	0	0	0	0	0	ATGCC
chr7	55249081	1	G	1	0	0	0	0	0	0	0	0	0	0	TGCCC
chr7	55249082	1	C	1	0	0	0	0	0	0	0	0	0	0	GCCCT
chr7	55259514	2	C	1	1	0	0	0	0	0	0	0	0	0	GCTGG
chr7	55259515	2	T	1	1	0	0	0	0	0	0	0	0	0	CTGGC
chr7	55259516	2	G	1	1	0	0	0	0	0	0	0	0	0	TGGCC
chr7	55259523	2	C	1	1	0	0	0	0	0	0	0	0	0	ACTGC
chr7	55259524	2	T	1	1	0	0	0	0	0	0	0	0	0	CTGCT
chr7	55259525	2	G	1	1	0	0	0	0	0	0	0	0	0	TGCTG
chr7	140453135	256	C	106	149	0	0	0	0	0	1	0	0	0	TCACT
chr7	140453136	255	A	106	149	0	0	0	0	0	0	0	0	0	CACTG
chr7	140453137	255	C	108	145	0	0	0	0	0	2	0	0	0	ACTGT
chr12	330544	1	C	0	1	0	0	0	0	0	0	0	0	0	TCTCT	nan	nan	nan	nan
chr12	25380274	463	C	277	186	0	0	0	0	0	0	0	0	0	TCTTG
chr12	25380275	464	T	278	186	0	0	0	0	0	0	0	0	0	CTTGA
chr12	25380276	468	T	282	186	0	0	0	0	0	0	0	0	0	TTGAC
chr12	25380277	461	G	283	178	0	0	0	0	0	0	0	0	0	TGACC
chr12	25380278	457	A	281	175	0	0	0	0	0	0	0	1	0	GACCT
chr12	25398283	486	A	214	271	0	0	0	0	1	0	0	0	0	CACCA
chr12	25398284	493	C	214	277	2	0	0	0	0	0	0	0	0	ACCAG
chr12	25398285	487	C	214	273	0	0	0	0	0	0	0	0	0	CCAGC
chr12	25398286	485	A	214	270	0	0	0	0	0	0	1	0	0	CAGCT
