CHR	POS	DEPTH	REF	R+	R-	A+	A-	C+	C-	T+	T-	G+	G-	PAD	MOTIF
chr7	1022939	1	G	0	1	0	0	0	0	0	0	0	0	0	TGGCC	nan	nan	nan	nan
chr7	55249131	1	G	0	1	0	0	0	0	0	0	0	0	0	GGCTC
chr7	55249132	1	C	0	0	0	0	0	0	0	1	0	0	0	GCTCC
chr7	55249133	1	T	0	1	0	0	0	0	0	0	0	0	0	CTCCC
chr7	55249134	1	C	0	1	0	0	0	0	0	0	0	0	0	TCCCA
chr7	55249135	1	C	0	1	0	0	0	0	0	0	0	0	0	CCCAG
chr7	55249136	1	C	0	1	0	0	0	0	0	0	0	0	0	CCAGT
chr7	55249137	1	A	0	1	0	0	0	0	0	0	0	0	0	CAGTA
chr7	55249138	1	G	0	1	0	0	0	0	0	0	0	0	0	AGTAC
chr7	55249139	1	T	0	1	0	0	0	0	0	0	0	0	0	GTACC
chr7	55249140	1	A	0	1	0	0	0	0	0	0	0	0	0	TACCT
chr7	55249141	1	C	0	1	0	0	0	0	0	0	0	0	0	ACCTG
chr7	55249142	1	C	0	1	0	0	0	0	0	0	0	0	0	CCTGC
chr7	55249143	1	T	0	1	0	0	0	0	0	0	0	0	0	CTGCT
chr7	55249144	1	G	0	1	0	0	0	0	0	0	0	0	0	TGCTC
chr7	55249145	1	C	0	1	0	0	0	0	0	0	0	0	0	GCTCA
chr7	55249146	1	T	0	1	0	0	0	0	0	0	0	0	0	CTCAA
chr7	55249147	1	C	0	1	0	0	0	0	0	0	0	0	0	TCAAC
chr7	55249148	1	A	0	1	0	0	0	0	0	0	0	0	0	CAACT
chr7	55249149	1	A	0	1	0	0	0	0	0	0	0	0	0	AACTG
chr7	55249150	1	C	0	1	0	0	0	0	0	0	0	0	0	ACTGG
chr7	55249151	1	T	0	1	0	0	0	0	0	0	0	0	0	CTGGT
chr7	55249152	1	G	0	1	0	0	0	0	0	0	0	0	0	TGGTG
chr7	55249153	1	G	0	1	0	0	0	0	0	0	0	0	0	GGTGT
chr7	55249154	1	T	0	1	0	0	0	0	0	0	0	0	0	GTGTG
chr7	55249155	1	G	0	1	0	0	0	0	0	0	0	0	0	TGTGT
chr7	55249156	1	T	0	1	0	0	0	0	0	0	0	0	0	GTGTG
chr7	55249157	1	G	0	1	0	0	0	0	0	0	0	0	0	TGTGC
chr7	55249158	1	T	0	1	0	0	0	0	0	0	0	0	0	GTGCA
chr7	55249159	1	G	0	1	0	0	0	0	0	0	0	0	0	TGCAG
chr7	55249160	1	C	0	1	0	0	0	0	0	0	0	0	0	GCAGA
chr7	55249161	1	A	0	1	0	0	0	0	0	0	0	0	0	CAGAT
chr7	55249162	1	G	0	1	0	0	0	0	0	0	0	0	0	AGATC
chr7	55249163	1	A	0	1	0	0	0	0	0	0	0	0	0	GATCG
chr7	55249164	1	T	0	1	0	0	0	0	0	0	0	0	0	ATCGC
chr7	55249165	1	C	0	1	0	0	0	0	0	0	0	0	0	TCGCA
chr7	55249166	1	G	0	1	0	0	0	0	0	0	0	0	0	CGCAA
chr7	55249167	1	C	0	1	0	0	0	0	0	0	0	0	0	GCAAA
chr7	55249168	1	A	0	1	0	0	0	0	0	0	0	0	0	CAAAG
chr7	55249169	1	A	0	1	0	0	0	0	0	0	0	0	0	AAAGG
chr7	55249170	1	A	0	1	0	0	0	0	0	0	0	0	0	AAGGT
chr7	55249171	1	G	0	1	0	0	0	0	0	0	0	0	0	AGGTA
chr7	55259514	1	C	1	0	0	0	0	0	0	0	0	0	0	GCTGG
chr7	55259515	1	T	1	0	0	0	0	0	0	0	0	0	0	CTGGC
chr7	55259516	1	G	1	0	0	0	0	0	0	0	0	0	0	TGGCC
chr7	55259523	1	C	1	0	0	0	0	0	0	0	0	0	0	ACTGC
chr7	140453135	748	C	241	505	0	1	0	0	0	0	0	0	0	TCACT
chr7	140453136	747	A	242	504	0	0	0	0	0	0	0	0	0	CACTG
chr7	140453137	731	C	245	473	0	0	0	0	1	11	0	0	0	ACTGT
chr12	330061	1	T	1	0	0	0	0	0	0	0	0	0	52	CTCCA	nan	nan	nan	nan
chr12	25380274	774	C	464	309	0	0	0	0	1	0	0	0	0	TCTTG
chr12	25380275	775	T	464	309	0	0	0	0	0	0	1	1	0	CTTGA
chr12	25380276	784	T	470	310	1	0	3	0	0	0	0	0	0	TTGAC
chr12	25380277	780	G	472	307	0	1	0	0	0	0	0	0	0	TGACC
chr12	25380278	774	A	474	296	0	0	0	0	0	0	0	4	0	GACCT
chr12	25398283	702	A	269	432	0	0	0	0	0	0	0	1	0	CACCA
chr12	25398284	709	C	269	440	0	0	0	0	0	0	0	0	0	ACCAG
chr12	25398285	702	C	268	434	0	0	0	0	0	0	0	0	0	CCAGC
chr12	25398286	707	A	268	439	0	0	0	0	0	0	0	0	0	CAGCT
