CHR	POS	DEPTH	REF	R+	R-	A+	A-	C+	C-	T+	T-	G+	G-	PAD	MOTIF
chr7	1024660	1	G	0	1	0	0	0	0	0	0	0	0	0	CGTGG
chr7	140453135	81	C	32	49	0	0	0	0	0	0	0	0	0	TCACT
chr7	140453136	80	A	32	48	0	0	0	0	0	0	0	0	0	CACTG
chr7	140453137	79	C	35	43	0	0	0	0	0	1	0	0	0	ACTGT
chr12	330167	1	C	0	1	0	0	0	0	0	0	0	0	0	GCGGG
chr12	25380274	297	C	158	139	0	0	0	0	0	0	0	0	0	TCTTG
chr12	25380275	298	T	159	139	0	0	0	0	0	0	0	0	0	CTTGA
chr12	25380276	301	T	153	141	0	0	7	0	0	0	0	0	0	TTGAC
chr12	25380277	299	G	156	142	1	0	0	0	0	0	0	0	0	TGACC
chr12	25380278	301	A	157	142	0	0	0	1	0	0	0	1	0	GACCT
chr12	25398283	172	A	60	112	0	0	0	0	0	0	0	0	0	CACCA
chr12	25398284	172	C	60	112	0	0	0	0	0	0	0	0	0	ACCAG
chr12	25398285	173	C	61	112	0	0	0	0	0	0	0	0	0	CCAGC
chr12	25398286	177	A	62	115	0	0	0	0	0	0	0	0	0	CAGCT
