CHR	POS	DEPTH	REF	R+	R-	A+	A-	C+	C-	T+	T-	G+	G-	PAD	MOTIF
chr7	1022796	1	G	1	0	0	0	0	0	0	0	0	0	51	TGCGG	nan	nan	nan	nan
chr7	55241706	1	G	1	0	0	0	0	0	0	0	0	0	0	TGGGC
chr7	55241707	1	G	1	0	0	0	0	0	0	0	0	0	0	GGGCT
chr7	55241708	1	G	1	0	0	0	0	0	0	0	0	0	0	GGCTC
chr7	55241709	1	C	1	0	0	0	0	0	0	0	0	0	0	GCTCC
chr7	55249046	1	C	1	0	0	0	0	0	0	0	0	0	0	CCTCA
chr7	55249047	1	T	1	0	0	0	0	0	0	0	0	0	0	CTCAC
chr7	55249048	1	C	1	0	0	0	0	0	0	0	0	0	0	TCACC
chr7	55249049	1	A	1	0	0	0	0	0	0	0	0	0	0	CACCT
chr7	55249050	1	C	1	0	0	0	0	0	0	0	0	0	0	ACCTC
chr7	55249051	1	C	1	0	0	0	0	0	0	0	0	0	0	CCTCC
chr7	55249052	1	T	1	0	0	0	0	0	0	0	0	0	0	CTCCA
chr7	55249053	1	C	1	0	0	0	0	0	0	0	0	0	0	TCCAC
chr7	55249054	1	C	1	0	0	0	0	0	0	0	0	0	0	CCACC
chr7	55249055	1	A	1	0	0	0	0	0	0	0	0	0	0	CACCG
chr7	55249056	1	C	1	0	0	0	0	0	0	0	0	0	0	ACCGT
chr7	55249057	1	C	1	0	0	0	0	0	0	0	0	0	0	CCGTG
chr7	55249058	1	G	1	0	0	0	0	0	0	0	0	0	0	CGTGC
chr7	55249059	1	T	1	0	0	0	0	0	0	0	0	0	0	GTGCA
chr7	55249060	1	G	1	0	0	0	0	0	0	0	0	0	0	TGCAG
chr7	55249061	1	C	1	0	0	0	0	0	0	0	0	0	0	GCAGC
chr7	55249062	1	A	1	0	0	0	0	0	0	0	0	0	0	CAGCT
chr7	55249063	1	G	0	0	1	0	0	0	0	0	0	0	0	AGCTC
chr7	55249064	1	C	1	0	0	0	0	0	0	0	0	0	0	GCTCA
chr7	55249065	1	T	1	0	0	0	0	0	0	0	0	0	0	CTCAT
chr7	55249066	1	C	1	0	0	0	0	0	0	0	0	0	0	TCATC
chr7	55249067	1	A	1	0	0	0	0	0	0	0	0	0	0	CATCA
chr7	55249068	1	T	1	0	0	0	0	0	0	0	0	0	0	ATCAC
chr7	55249069	1	C	1	0	0	0	0	0	0	0	0	0	0	TCACG
chr7	55249070	1	A	1	0	0	0	0	0	0	0	0	0	0	CACGC
chr7	55249071	1	C	1	0	0	0	0	0	0	0	0	0	0	ACGCA
chr7	55249072	1	G	1	0	0	0	0	0	0	0	0	0	0	CGCAG
chr7	55249073	1	C	1	0	0	0	0	0	0	0	0	0	0	GCAGC
chr7	55249074	1	A	1	0	0	0	0	0	0	0	0	0	0	CAGCT
chr7	55249075	1	G	1	0	0	0	0	0	0	0	0	0	0	AGCTC
chr7	55249076	1	C	1	0	0	0	0	0	0	0	0	0	0	GCTCA
chr7	55249077	1	T	1	0	0	0	0	0	0	0	0	0	0	CTCAT
chr7	55249078	1	C	1	0	0	0	0	0	0	0	0	0	0	TCATG
chr7	55249079	1	A	1	0	0	0	0	0	0	0	0	0	0	CATGC
chr7	55249080	1	T	1	0	0	0	0	0	0	0	0	0	0	ATGCC
chr7	55249081	1	G	1	0	0	0	0	0	0	0	0	0	0	TGCCC
chr7	55249082	1	C	1	0	0	0	0	0	0	0	0	0	0	GCCCT
chr7	55249083	1	C	1	0	0	0	0	0	0	0	0	0	0	CCCTT
chr7	55249084	1	C	1	0	0	0	0	0	0	0	0	0	0	CCTTC
chr7	55249085	1	T	1	0	0	0	0	0	0	0	0	0	0	CTTCG
chr7	55249086	1	T	1	0	0	0	0	0	0	0	0	0	0	TTCGG
chr7	55249087	1	C	1	0	0	0	0	0	0	0	0	0	0	TCGGC
chr7	55249088	1	G	1	0	0	0	0	0	0	0	0	0	0	CGGCT
chr7	55249089	1	G	1	0	0	0	0	0	0	0	0	0	0	GGCTG
chr7	55249090	1	C	1	0	0	0	0	0	0	0	0	0	0	GCTGC
chr7	55249091	1	T	1	0	0	0	0	0	0	0	0	0	0	CTGCC
chr7	55249092	1	G	1	0	0	0	0	0	0	0	0	0	0	TGCCT
chr7	55249093	1	C	1	0	0	0	0	0	0	0	0	0	0	GCCTC
chr7	55249094	1	C	1	0	0	0	0	0	0	0	0	0	0	CCTCC
chr7	55249095	1	T	1	0	0	0	0	0	0	0	0	0	0	CTCCT
chr7	55249096	1	C	1	0	0	0	0	0	0	0	0	0	0	TCCTG
chr7	55249097	1	C	1	0	0	0	0	0	0	0	0	0	0	CCTGG
chr7	55249098	1	T	1	0	0	0	0	0	0	0	0	0	0	CTGGA
chr7	55249099	1	G	1	0	0	0	0	0	0	0	0	0	0	TGGAC
chr7	55249100	1	G	1	0	0	0	0	0	0	0	0	0	0	GGACT
chr7	55249101	1	A	1	0	0	0	0	0	0	0	0	0	0	GACTA
chr7	55249102	1	C	1	0	0	0	0	0	0	0	0	0	0	ACTAT
chr7	55249103	1	T	1	0	0	0	0	0	0	0	0	0	0	CTATG
chr7	55249104	1	A	1	0	0	0	0	0	0	0	0	0	0	TATGT
chr7	55249105	1	T	1	0	0	0	0	0	0	0	0	0	0	ATGTC
chr7	55249106	1	G	1	0	0	0	0	0	0	0	0	0	0	TGTCC
chr7	55249107	1	T	1	0	0	0	0	0	0	0	0	0	0	GTCCG
chr7	55249108	1	C	1	0	0	0	0	0	0	0	0	0	0	TCCGG
chr7	55249109	1	C	1	0	0	0	0	0	0	0	0	0	0	CCGGG
chr7	55249110	1	G	1	0	0	0	0	0	0	0	0	0	0	CGGGA
chr7	55249111	1	G	1	0	0	0	0	0	0	0	0	0	0	GGGAA
chr7	55249112	1	G	1	0	0	0	0	0	0	0	0	0	0	GGAAC
chr7	55249113	1	A	1	0	0	0	0	0	0	0	0	0	0	GAACA
chr7	55249114	1	A	1	0	0	0	0	0	0	0	0	0	0	AACAC
chr7	55249115	1	C	1	0	0	0	0	0	0	0	0	0	0	ACACA
chr7	55249116	1	A	1	0	0	0	0	0	0	0	0	0	0	CACAA
chr7	55249117	1	C	1	0	0	0	0	0	0	0	0	0	0	ACAAA
chr7	55249118	1	A	1	0	0	0	0	0	0	0	0	0	0	CAAAG
chr7	55249119	1	A	1	0	0	0	0	0	0	0	0	0	0	AAAGA
chr7	55249120	1	A	1	0	0	0	0	0	0	0	0	0	0	AAGAC
chr7	55249121	1	G	1	0	0	0	0	0	0	0	0	0	0	AGACA
chr7	55249122	1	A	1	0	0	0	0	0	0	0	0	0	0	GACAA
chr7	55249123	1	C	1	0	0	0	0	0	0	0	0	0	0	ACAAT
chr7	55249124	1	A	1	0	0	0	0	0	0	0	0	0	0	CAATA
chr7	55249125	1	A	1	0	0	0	0	0	0	0	0	0	0	AATAT
chr7	55249126	1	T	1	0	0	0	0	0	0	0	0	0	0	ATATT
chr7	55249127	1	A	1	0	0	0	0	0	0	0	0	0	0	TATTG
chr7	55249128	1	T	1	0	0	0	0	0	0	0	0	0	0	ATTGG
chr7	55249129	1	T	1	0	0	0	0	0	0	0	0	0	0	TTGGC
chr7	55249130	1	G	1	0	0	0	0	0	0	0	0	0	0	TGGCT
chr7	55249131	1	G	1	0	0	0	0	0	0	0	0	0	0	GGCTC
chr7	55249132	1	C	1	0	0	0	0	0	0	0	0	0	0	GCTCC
chr7	55249133	1	T	1	0	0	0	0	0	0	0	0	0	0	CTCCC
chr7	55249134	1	C	1	0	0	0	0	0	0	0	0	0	0	TCCCA
chr7	55249135	1	C	1	0	0	0	0	0	0	0	0	0	0	CCCAG
chr7	55249136	1	C	1	0	0	0	0	0	0	0	0	0	0	CCAGT
chr7	55249137	1	A	1	0	0	0	0	0	0	0	0	0	0	CAGTA
chr7	55249138	1	G	1	0	0	0	0	0	0	0	0	0	0	AGTAC
chr7	55249139	1	T	1	0	0	0	0	0	0	0	0	0	0	GTACC
chr7	55249140	1	A	1	0	0	0	0	0	0	0	0	0	0	TACCT
chr7	55249141	1	C	1	0	0	0	0	0	0	0	0	0	0	ACCTG
chr7	55249142	1	C	1	0	0	0	0	0	0	0	0	0	0	CCTGC
chr7	55249143	1	T	1	0	0	0	0	0	0	0	0	0	0	CTGCT
chr7	55249144	1	G	1	0	0	0	0	0	0	0	0	0	0	TGCTC
chr7	55249145	1	C	1	0	0	0	0	0	0	0	0	0	0	GCTCA
chr7	55249146	1	T	1	0	0	0	0	0	0	0	0	0	0	CTCAA
chr7	55249147	1	C	1	0	0	0	0	0	0	0	0	0	0	TCAAC
chr7	55249148	1	A	1	0	0	0	0	0	0	0	0	0	0	CAACT
chr7	55249149	1	A	1	0	0	0	0	0	0	0	0	0	0	AACTG
chr7	55249150	1	C	1	0	0	0	0	0	0	0	0	0	0	ACTGG
chr7	55249151	1	T	1	0	0	0	0	0	0	0	0	0	0	CTGGT
chr7	55249152	1	G	1	0	0	0	0	0	0	0	0	0	0	TGGTG
chr7	55249153	1	G	1	0	0	0	0	0	0	0	0	0	0	GGTGT
chr7	55249154	1	T	1	0	0	0	0	0	0	0	0	0	0	GTGTG
chr7	55249155	1	G	1	0	0	0	0	0	0	0	0	0	0	TGTGT
chr7	55249156	1	T	1	0	0	0	0	0	0	0	0	0	0	GTGTG
chr7	55249157	1	G	1	0	0	0	0	0	0	0	0	0	0	TGTGC
chr7	55249158	1	T	1	0	0	0	0	0	0	0	0	0	0	GTGCA
chr7	55249159	1	G	1	0	0	0	0	0	0	0	0	0	0	TGCAG
chr7	55249160	1	C	1	0	0	0	0	0	0	0	0	0	0	GCAGA
chr7	55249161	1	A	1	0	0	0	0	0	0	0	0	0	0	CAGAT
chr7	55249162	1	G	1	0	0	0	0	0	0	0	0	0	0	AGATC
chr7	55249163	1	A	1	0	0	0	0	0	0	0	0	0	0	GATCG
chr7	55249164	1	T	1	0	0	0	0	0	0	0	0	0	0	ATCGC
chr7	55249165	1	C	1	0	0	0	0	0	0	0	0	0	0	TCGCA
chr7	55249166	1	G	0	1	0	0	0	0	0	0	0	0	0	CGCAA
chr7	55249167	1	C	0	1	0	0	0	0	0	0	0	0	0	GCAAA
chr7	55249168	1	A	0	1	0	0	0	0	0	0	0	0	0	CAAAG
chr7	55249169	1	A	0	1	0	0	0	0	0	0	0	0	0	AAAGG
chr7	55249170	1	A	0	1	0	0	0	0	0	0	0	0	0	AAGGT
chr7	55249171	1	G	0	1	0	0	0	0	0	0	0	0	0	AGGTA
chr7	140453135	537	C	192	345	0	0	0	0	0	0	0	0	0	TCACT
chr7	140453136	537	A	192	345	0	0	0	0	0	0	0	0	0	CACTG
chr7	140453137	532	C	196	332	0	1	0	0	1	2	0	0	0	ACTGT
chr12	329815	1	A	1	0	0	0	0	0	0	0	0	0	298	GAATG	nan	nan	nan	nan
chr12	25380274	574	C	316	258	0	0	0	0	0	0	0	0	0	TCTTG
chr12	25380275	577	T	316	261	0	0	0	0	0	0	0	0	0	CTTGA
chr12	25380276	578	T	316	255	0	0	6	1	0	0	0	0	0	TTGAC
chr12	25380277	579	G	321	257	1	0	0	0	0	0	0	0	0	TGACC
chr12	25380278	579	A	325	252	0	0	0	0	0	0	0	2	0	GACCT
chr12	25398283	517	A	191	326	0	0	0	0	0	0	0	0	0	CACCA
chr12	25398284	524	C	191	332	1	0	0	0	0	0	0	0	0	ACCAG
chr12	25398285	520	C	193	327	0	0	0	0	0	0	0	0	0	CCAGC
chr12	25398286	523	A	191	332	0	0	0	0	0	0	0	0	0	CAGCT
