CHR	POS	DEPTH	REF	R+	R-	A+	A-	C+	C-	T+	T-	G+	G-	PAD	MOTIF
chr7	1024018	1	T	1	0	0	0	0	0	0	0	0	0	29	CTGCC	nan	nan	nan	nan
chr7	55242425	2	T	2	0	0	0	0	0	0	0	0	0	0	ATCCC
chr7	55242426	2	C	2	0	0	0	0	0	0	0	0	0	0	TCCCA
chr7	55242427	2	C	2	0	0	0	0	0	0	0	0	0	0	CCCAG
chr7	55242428	2	C	2	0	0	0	0	0	0	0	0	0	0	CCAGA
chr7	55242429	2	A	2	0	0	0	0	0	0	0	0	0	0	CAGAA
chr7	55242430	2	G	2	0	0	0	0	0	0	0	0	0	0	AGAAG
chr7	55242431	2	A	2	0	0	0	0	0	0	0	0	0	0	GAAGG
chr7	55242432	2	A	2	0	0	0	0	0	0	0	0	0	0	AAGGT
chr7	55242433	2	G	2	0	0	0	0	0	0	0	0	0	0	AGGTG
chr7	55242434	2	G	2	0	0	0	0	0	0	0	0	0	0	GGTGA
chr7	55242435	2	T	2	0	0	0	0	0	0	0	0	0	0	GTGAG
chr7	55242436	2	G	2	0	0	0	0	0	0	0	0	0	0	TGAGA
chr7	55242437	2	A	2	0	0	0	0	0	0	0	0	0	0	GAGAA
chr7	55242438	2	G	2	0	0	0	0	0	0	0	0	0	0	AGAAA
chr7	55242439	2	A	2	0	0	0	0	0	0	0	0	0	0	GAAAG
chr7	55242440	2	A	2	0	0	0	0	0	0	0	0	0	0	AAAGT
chr7	55242441	2	A	2	0	0	0	0	0	0	0	0	0	0	AAGTT
chr7	55242442	2	G	2	0	0	0	0	0	0	0	0	0	0	AGTTA
chr7	55242443	2	T	2	0	0	0	0	0	0	0	0	0	0	GTTAA
chr7	55242444	2	T	2	0	0	0	0	0	0	0	0	0	0	TTAAA
chr7	55242445	2	A	2	0	0	0	0	0	0	0	0	0	0	TAAAA
chr7	55242446	2	A	2	0	0	0	0	0	0	0	0	0	0	AAAAT
chr7	55242447	2	A	2	0	0	0	0	0	0	0	0	0	0	AAATT
chr7	55242448	2	A	2	0	0	0	0	0	0	0	0	0	0	AATTC
chr7	55242449	2	T	2	0	0	0	0	0	0	0	0	0	0	ATTCC
chr7	55242450	2	T	2	0	0	0	0	0	0	0	0	0	0	TTCCC
chr7	55242451	2	C	2	0	0	0	0	0	0	0	0	0	0	TCCCG
chr7	55242452	2	C	2	0	0	0	0	0	0	0	0	0	0	CCCGT
chr7	55242453	2	C	2	0	0	0	0	0	0	0	0	0	0	CCGTC
chr7	55242454	2	G	2	0	0	0	0	0	0	0	0	0	0	CGTCG
chr7	55242455	2	T	2	0	0	0	0	0	0	0	0	0	0	GTCGC
chr7	55242456	2	C	2	0	0	0	0	0	0	0	0	0	0	TCGCT
chr7	55242457	2	G	2	0	0	0	0	0	0	0	0	0	0	CGCTA
chr7	55242458	2	C	2	0	0	0	0	0	0	0	0	0	0	GCTAT
chr7	55242459	2	T	2	0	0	0	0	0	0	0	0	0	0	CTATC
chr7	55242460	2	A	2	0	0	0	0	0	0	0	0	0	0	TATCA
chr7	55242461	2	T	2	0	0	0	0	0	0	0	0	0	0	ATCAA
chr7	55242462	2	C	2	0	0	0	0	0	0	0	0	0	0	TCAAG
chr7	55242463	2	A	2	0	0	0	0	0	0	0	0	0	0	CAAGG
chr7	55242464	2	A	2	0	0	0	0	0	0	0	0	0	0	AAGGA
chr7	55242465	3	G	2	1	0	0	0	0	0	0	0	0	0	AGGAA
chr7	55242466	3	G	2	1	0	0	0	0	0	0	0	0	0	GGAAT
chr7	55242467	3	A	2	1	0	0	0	0	0	0	0	0	0	GAATT
chr7	55242468	3	A	2	1	0	0	0	0	0	0	0	0	0	AATTA
chr7	55242469	3	T	2	1	0	0	0	0	0	0	0	0	0	ATTAA
chr7	55242470	3	T	2	1	0	0	0	0	0	0	0	0	0	TTAAG
chr7	55242471	3	A	2	1	0	0	0	0	0	0	0	0	0	TAAGA
chr7	55242472	3	A	2	1	0	0	0	0	0	0	0	0	0	AAGAG
chr7	55242473	3	G	2	1	0	0	0	0	0	0	0	0	0	AGAGA
chr7	55242474	3	A	2	1	0	0	0	0	0	0	0	0	0	GAGAA
chr7	55242475	3	G	2	1	0	0	0	0	0	0	0	0	0	AGAAG
chr7	55242476	3	A	2	1	0	0	0	0	0	0	0	0	0	GAAGC
chr7	55242477	3	A	2	1	0	0	0	0	0	0	0	0	0	AAGCA
chr7	55242478	3	G	2	1	0	0	0	0	0	0	0	0	0	AGCAA
chr7	55242479	3	C	2	1	0	0	0	0	0	0	0	0	0	GCAAC
chr7	55242480	3	A	2	1	0	0	0	0	0	0	0	0	0	CAACA
chr7	55242481	3	A	2	1	0	0	0	0	0	0	0	0	0	AACAT
chr7	55242482	3	C	2	1	0	0	0	0	0	0	0	0	0	ACATC
chr7	55242483	3	A	2	1	0	0	0	0	0	0	0	0	0	CATCT
chr7	55242484	3	T	2	1	0	0	0	0	0	0	0	0	0	ATCTC
chr7	55242485	3	C	2	1	0	0	0	0	0	0	0	0	0	TCTCC
chr7	55242486	3	T	2	1	0	0	0	0	0	0	0	0	0	CTCCG
chr7	55242487	3	C	2	1	0	0	0	0	0	0	0	0	0	TCCGA
chr7	55242488	3	C	2	1	0	0	0	0	0	0	0	0	0	CCGAA
chr7	55242489	3	G	2	1	0	0	0	0	0	0	0	0	0	CGAAA
chr7	55242490	3	A	2	1	0	0	0	0	0	0	0	0	0	GAAAG
chr7	55242491	3	A	2	1	0	0	0	0	0	0	0	0	0	AAAGC
chr7	55242492	3	A	2	1	0	0	0	0	0	0	0	0	0	AAGCC
chr7	55242493	3	G	2	1	0	0	0	0	0	0	0	0	0	AGCCA
chr7	55242494	3	C	2	1	0	0	0	0	0	0	0	0	0	GCCAA
chr7	55242495	3	C	2	1	0	0	0	0	0	0	0	0	0	CCAAC
chr7	55242496	3	A	2	1	0	0	0	0	0	0	0	0	0	CAACA
chr7	55242497	3	A	2	1	0	0	0	0	0	0	0	0	0	AACAA
chr7	55242498	3	C	2	1	0	0	0	0	0	0	0	0	0	ACAAG
chr7	55242499	3	A	2	1	0	0	0	0	0	0	0	0	0	CAAGG
chr7	55242500	3	A	2	1	0	0	0	0	0	0	0	0	0	AAGGA
chr7	55242501	3	G	2	1	0	0	0	0	0	0	0	0	0	AGGAA
chr7	55242502	3	G	2	1	0	0	0	0	0	0	0	0	0	GGAAA
chr7	55242503	3	A	2	1	0	0	0	0	0	0	0	0	0	GAAAT
chr7	55242504	3	A	2	1	0	0	0	0	0	0	0	0	0	AAATC
chr7	55242505	3	A	2	1	0	0	0	0	0	0	0	0	0	AATCC
chr7	55242506	3	T	2	1	0	0	0	0	0	0	0	0	0	ATCCT
chr7	55242507	3	C	2	1	0	0	0	0	0	0	0	0	0	TCCTC
chr7	55242508	3	C	2	1	0	0	0	0	0	0	0	0	0	CCTCG
chr7	55242509	3	T	2	1	0	0	0	0	0	0	0	0	0	CTCGA
chr7	55242510	3	C	2	1	0	0	0	0	0	0	0	0	0	TCGAT
chr7	55242511	4	G	3	1	0	0	0	0	0	0	0	0	0	CGATG
chr7	55242512	4	A	3	1	0	0	0	0	0	0	0	0	0	GATGT
chr7	55242513	4	T	3	1	0	0	0	0	0	0	0	0	0	ATGTG
chr7	55248986	4	G	3	1	0	0	0	0	0	0	0	0	0	GGAAG
chr7	55248987	4	A	3	1	0	0	0	0	0	0	0	0	0	GAAGC
chr7	55248988	4	A	3	1	0	0	0	0	0	0	0	0	0	AAGCC
chr7	55248989	4	G	3	1	0	0	0	0	0	0	0	0	0	AGCCT
chr7	55248990	4	C	3	1	0	0	0	0	0	0	0	0	0	GCCTA
chr7	55248991	4	C	3	1	0	0	0	0	0	0	0	0	0	CCTAC
chr7	55248992	4	T	3	1	0	0	0	0	0	0	0	0	0	CTACG
chr7	55248993	4	A	3	1	0	0	0	0	0	0	0	0	0	TACGT
chr7	55248994	4	C	3	1	0	0	0	0	0	0	0	0	0	ACGTG
chr7	55248995	4	G	3	1	0	0	0	0	0	0	0	0	0	CGTGA
chr7	55248996	4	T	3	1	0	0	0	0	0	0	0	0	0	GTGAT
chr7	55248997	4	G	3	1	0	0	0	0	0	0	0	0	0	TGATG
chr7	55248998	4	A	3	1	0	0	0	0	0	0	0	0	0	GATGG
chr7	55248999	4	T	3	1	0	0	0	0	0	0	0	0	0	ATGGC
chr7	55249000	4	G	3	1	0	0	0	0	0	0	0	0	0	TGGCC
chr7	55249001	4	G	3	1	0	0	0	0	0	0	0	0	0	GGCCA
chr7	55249002	4	C	3	1	0	0	0	0	0	0	0	0	0	GCCAG
chr7	55249003	4	C	3	1	0	0	0	0	0	0	0	0	0	CCAGC
chr7	55249004	4	A	3	1	0	0	0	0	0	0	0	0	0	CAGCG
chr7	55249005	4	G	3	1	0	0	0	0	0	0	0	0	0	AGCGT
chr7	55249006	5	C	4	1	0	0	0	0	0	0	0	0	0	GCGTG
chr7	55249007	4	G	4	0	0	0	0	0	0	0	0	0	0	CGTGG
chr7	55249008	4	T	4	0	0	0	0	0	0	0	0	0	0	GTGGA
chr7	55249009	4	G	4	0	0	0	0	0	0	0	0	0	0	TGGAC
chr7	55249010	4	G	4	0	0	0	0	0	0	0	0	0	0	GGACA
chr7	55249011	4	A	4	0	0	0	0	0	0	0	0	0	0	GACAA
chr7	55249012	4	C	4	0	0	0	0	0	0	0	0	0	0	ACAAC
chr7	55249013	4	A	4	0	0	0	0	0	0	0	0	0	0	CAACC
chr7	55249014	4	A	4	0	0	0	0	0	0	0	0	0	0	AACCC
chr7	55249015	4	C	4	0	0	0	0	0	0	0	0	0	0	ACCCC
chr7	55249016	4	C	4	0	0	0	0	0	0	0	0	0	0	CCCCC
chr7	55249017	3	C	3	0	0	0	0	0	0	0	0	0	0	CCCCA
chr7	55249018	1	C	1	0	0	0	0	0	0	0	0	0	0	CCCAC
chr7	55249019	1	C	1	0	0	0	0	0	0	0	0	0	0	CCACG
chr7	55249020	1	A	1	0	0	0	0	0	0	0	0	0	0	CACGT
chr7	55249021	1	C	1	0	0	0	0	0	0	0	0	0	0	ACGTG
chr7	55249022	1	G	1	0	0	0	0	0	0	0	0	0	0	CGTGT
chr7	55249023	1	T	1	0	0	0	0	0	0	0	0	0	0	GTGTG
chr7	55249024	1	G	1	0	0	0	0	0	0	0	0	0	0	TGTGC
chr7	55249025	1	T	1	0	0	0	0	0	0	0	0	0	0	GTGCC
chr7	55249026	1	G	1	0	0	0	0	0	0	0	0	0	0	TGCCG
chr7	55249027	1	C	1	0	0	0	0	0	0	0	0	0	0	GCCGC
chr7	55249028	1	C	1	0	0	0	0	0	0	0	0	0	0	CCGCC
chr7	55249029	1	G	1	0	0	0	0	0	0	0	0	0	0	CGCCT
chr7	55249030	1	C	1	0	0	0	0	0	0	0	0	0	0	GCCTG
chr7	55249031	1	C	1	0	0	0	0	0	0	0	0	0	0	CCTGC
chr7	55249032	1	T	1	0	0	0	0	0	0	0	0	0	0	CTGCT
chr7	55249033	1	G	1	0	0	0	0	0	0	0	0	0	0	TGCTG
chr7	55249034	1	C	1	0	0	0	0	0	0	0	0	0	0	GCTGG
chr7	55249035	1	T	1	0	0	0	0	0	0	0	0	0	0	CTGGG
chr7	55249036	1	G	1	0	0	0	0	0	0	0	0	0	0	TGGGC
chr7	55249037	1	G	1	0	0	0	0	0	0	0	0	0	0	GGGCA
chr7	55249038	1	G	1	0	0	0	0	0	0	0	0	0	0	GGCAT
chr7	55249039	3	C	1	2	0	0	0	0	0	0	0	0	0	GCATC
chr7	55249040	3	A	1	2	0	0	0	0	0	0	0	0	0	CATCT
chr7	55249041	3	T	1	2	0	0	0	0	0	0	0	0	0	ATCTG
chr7	55249042	3	C	1	2	0	0	0	0	0	0	0	0	0	TCTGC
chr7	55249043	3	T	1	2	0	0	0	0	0	0	0	0	0	CTGCC
chr7	55249044	3	G	1	2	0	0	0	0	0	0	0	0	0	TGCCT
chr7	55249045	3	C	1	2	0	0	0	0	0	0	0	0	0	GCCTC
chr7	55249046	3	C	1	2	0	0	0	0	0	0	0	0	0	CCTCA
chr7	55249047	3	T	1	2	0	0	0	0	0	0	0	0	0	CTCAC
chr7	55249048	3	C	1	2	0	0	0	0	0	0	0	0	0	TCACC
chr7	55249049	3	A	1	2	0	0	0	0	0	0	0	0	0	CACCT
chr7	55249050	3	C	1	2	0	0	0	0	0	0	0	0	0	ACCTC
chr7	55249051	3	C	1	2	0	0	0	0	0	0	0	0	0	CCTCC
chr7	55249052	3	T	1	2	0	0	0	0	0	0	0	0	0	CTCCA
chr7	55249053	3	C	1	2	0	0	0	0	0	0	0	0	0	TCCAC
chr7	55249054	3	C	1	2	0	0	0	0	0	0	0	0	0	CCACC
chr7	55249055	3	A	1	2	0	0	0	0	0	0	0	0	0	CACCG
chr7	55249056	3	C	1	2	0	0	0	0	0	0	0	0	0	ACCGT
chr7	55249057	4	C	2	2	0	0	0	0	0	0	0	0	0	CCGTG
chr7	55249058	4	G	2	2	0	0	0	0	0	0	0	0	0	CGTGC
chr7	55249059	4	T	2	2	0	0	0	0	0	0	0	0	0	GTGCA
chr7	55249060	4	G	2	2	0	0	0	0	0	0	0	0	0	TGCAG
chr7	55249061	4	C	2	2	0	0	0	0	0	0	0	0	0	GCAGC
chr7	55249062	4	A	2	2	0	0	0	0	0	0	0	0	0	CAGCT
chr7	55249063	4	G	2	2	0	0	0	0	0	0	0	0	0	AGCTC
chr7	55249064	4	C	2	2	0	0	0	0	0	0	0	0	0	GCTCA
chr7	55249065	4	T	2	2	0	0	0	0	0	0	0	0	0	CTCAT
chr7	55249066	4	C	2	2	0	0	0	0	0	0	0	0	0	TCATC
chr7	55249067	4	A	2	2	0	0	0	0	0	0	0	0	0	CATCA
chr7	55249068	4	T	2	2	0	0	0	0	0	0	0	0	0	ATCAC
chr7	55249069	4	C	2	2	0	0	0	0	0	0	0	0	0	TCACG
chr7	55249070	4	A	2	2	0	0	0	0	0	0	0	0	0	CACGC
chr7	55249071	4	C	2	2	0	0	0	0	0	0	0	0	0	ACGCA
chr7	55249072	4	G	2	2	0	0	0	0	0	0	0	0	0	CGCAG
chr7	55249073	4	C	2	2	0	0	0	0	0	0	0	0	0	GCAGC
chr7	55249074	4	A	2	2	0	0	0	0	0	0	0	0	0	CAGCT
chr7	55249075	4	G	2	2	0	0	0	0	0	0	0	0	0	AGCTC
chr7	55249076	4	C	2	2	0	0	0	0	0	0	0	0	0	GCTCA
chr7	55249077	4	T	2	2	0	0	0	0	0	0	0	0	0	CTCAT
chr7	55249078	4	C	2	2	0	0	0	0	0	0	0	0	0	TCATG
chr7	55249079	4	A	2	2	0	0	0	0	0	0	0	0	0	CATGC
chr7	55249080	4	T	2	2	0	0	0	0	0	0	0	0	0	ATGCC
chr7	55249081	4	G	2	2	0	0	0	0	0	0	0	0	0	TGCCC
chr7	55249082	4	C	2	2	0	0	0	0	0	0	0	0	0	GCCCT
chr7	55249083	4	C	2	2	0	0	0	0	0	0	0	0	0	CCCTT
chr7	55249084	4	C	2	2	0	0	0	0	0	0	0	0	0	CCTTC
chr7	55249085	4	T	2	2	0	0	0	0	0	0	0	0	0	CTTCG
chr7	55249086	4	T	2	2	0	0	0	0	0	0	0	0	0	TTCGG
chr7	55249087	4	C	2	2	0	0	0	0	0	0	0	0	0	TCGGC
chr7	55249088	4	G	2	2	0	0	0	0	0	0	0	0	0	CGGCT
chr7	55249089	4	G	2	2	0	0	0	0	0	0	0	0	0	GGCTG
chr7	55249090	4	C	2	2	0	0	0	0	0	0	0	0	0	GCTGC
chr7	55249091	4	T	2	2	0	0	0	0	0	0	0	0	0	CTGCC
chr7	55249092	4	G	2	2	0	0	0	0	0	0	0	0	0	TGCCT
chr7	55249093	4	C	2	2	0	0	0	0	0	0	0	0	0	GCCTC
chr7	55249094	4	C	2	2	0	0	0	0	0	0	0	0	0	CCTCC
chr7	55249095	4	T	2	2	0	0	0	0	0	0	0	0	0	CTCCT
chr7	55249096	4	C	2	2	0	0	0	0	0	0	0	0	0	TCCTG
chr7	55249097	4	C	2	2	0	0	0	0	0	0	0	0	0	CCTGG
chr7	55249098	4	T	2	2	0	0	0	0	0	0	0	0	0	CTGGA
chr7	55249099	5	G	3	2	0	0	0	0	0	0	0	0	0	TGGAC
chr7	55249100	5	G	3	2	0	0	0	0	0	0	0	0	0	GGACT
chr7	55249101	5	A	3	2	0	0	0	0	0	0	0	0	0	GACTA
chr7	55249102	5	C	3	2	0	0	0	0	0	0	0	0	0	ACTAT
chr7	55249103	5	T	3	2	0	0	0	0	0	0	0	0	0	CTATG
chr7	55249104	4	A	2	2	0	0	0	0	0	0	0	0	0	TATGT
chr7	55249105	4	T	2	2	0	0	0	0	0	0	0	0	0	ATGTC
chr7	55249106	4	G	2	2	0	0	0	0	0	0	0	0	0	TGTCC
chr7	55249107	4	T	2	2	0	0	0	0	0	0	0	0	0	GTCCG
chr7	55249108	4	C	2	2	0	0	0	0	0	0	0	0	0	TCCGG
chr7	55249109	4	C	2	2	0	0	0	0	0	0	0	0	0	CCGGG
chr7	55249110	4	G	2	2	0	0	0	0	0	0	0	0	0	CGGGA
chr7	55249111	4	G	2	2	0	0	0	0	0	0	0	0	0	GGGAA
chr7	55249112	5	G	2	3	0	0	0	0	0	0	0	0	0	GGAAC
chr7	55249113	5	A	2	3	0	0	0	0	0	0	0	0	0	GAACA
chr7	55249114	5	A	2	3	0	0	0	0	0	0	0	0	0	AACAC
chr7	55249115	5	C	2	3	0	0	0	0	0	0	0	0	0	ACACA
chr7	55249116	4	A	2	2	0	0	0	0	0	0	0	0	0	CACAA
chr7	55249117	5	C	2	3	0	0	0	0	0	0	0	0	0	ACAAA
chr7	55249118	5	A	2	3	0	0	0	0	0	0	0	0	0	CAAAG
chr7	55249119	5	A	2	3	0	0	0	0	0	0	0	0	0	AAAGA
chr7	55249120	5	A	2	3	0	0	0	0	0	0	0	0	0	AAGAC
chr7	55249121	4	G	2	2	0	0	0	0	0	0	0	0	0	AGACA
chr7	55249122	3	A	2	1	0	0	0	0	0	0	0	0	0	GACAA
chr7	55249123	3	C	2	1	0	0	0	0	0	0	0	0	0	ACAAT
chr7	55249124	3	A	2	1	0	0	0	0	0	0	0	0	0	CAATA
chr7	55249125	3	A	2	1	0	0	0	0	0	0	0	0	0	AATAT
chr7	55249126	3	T	2	1	0	0	0	0	0	0	0	0	0	ATATT
chr7	55249127	3	A	2	1	0	0	0	0	0	0	0	0	0	TATTG
chr7	55249128	3	T	2	1	0	0	0	0	0	0	0	0	0	ATTGG
chr7	55249129	3	T	2	1	0	0	0	0	0	0	0	0	0	TTGGC
chr7	55249130	3	G	2	1	0	0	0	0	0	0	0	0	0	TGGCT
chr7	55249131	3	G	2	1	0	0	0	0	0	0	0	0	0	GGCTC
chr7	55249132	3	C	2	1	0	0	0	0	0	0	0	0	0	GCTCC
chr7	55249133	3	T	2	1	0	0	0	0	0	0	0	0	0	CTCCC
chr7	55249134	3	C	2	1	0	0	0	0	0	0	0	0	0	TCCCA
chr7	55249135	3	C	2	1	0	0	0	0	0	0	0	0	0	CCCAG
chr7	55249136	3	C	2	1	0	0	0	0	0	0	0	0	0	CCAGT
chr7	55249137	3	A	2	1	0	0	0	0	0	0	0	0	0	CAGTA
chr7	55249138	3	G	2	1	0	0	0	0	0	0	0	0	0	AGTAC
chr7	55249139	3	T	2	1	0	0	0	0	0	0	0	0	0	GTACC
chr7	55249140	3	A	2	1	0	0	0	0	0	0	0	0	0	TACCT
chr7	55249141	3	C	2	1	0	0	0	0	0	0	0	0	0	ACCTG
chr7	55249142	3	C	2	1	0	0	0	0	0	0	0	0	0	CCTGC
chr7	55249143	3	T	2	1	0	0	0	0	0	0	0	0	0	CTGCT
chr7	55249144	4	G	2	2	0	0	0	0	0	0	0	0	0	TGCTC
chr7	55249145	4	C	2	2	0	0	0	0	0	0	0	0	0	GCTCA
chr7	55249146	4	T	2	2	0	0	0	0	0	0	0	0	0	CTCAA
chr7	55249147	4	C	2	2	0	0	0	0	0	0	0	0	0	TCAAC
chr7	55249148	4	A	2	2	0	0	0	0	0	0	0	0	0	CAACT
chr7	55249149	4	A	2	2	0	0	0	0	0	0	0	0	0	AACTG
chr7	55249150	4	C	2	2	0	0	0	0	0	0	0	0	0	ACTGG
chr7	55249151	4	T	2	2	0	0	0	0	0	0	0	0	0	CTGGT
chr7	55249152	4	G	2	2	0	0	0	0	0	0	0	0	0	TGGTG
chr7	55249153	4	G	2	2	0	0	0	0	0	0	0	0	0	GGTGT
chr7	55249154	4	T	2	2	0	0	0	0	0	0	0	0	0	GTGTG
chr7	55249155	4	G	2	2	0	0	0	0	0	0	0	0	0	TGTGT
chr7	55249156	4	T	2	2	0	0	0	0	0	0	0	0	0	GTGTG
chr7	55249157	4	G	2	2	0	0	0	0	0	0	0	0	0	TGTGC
chr7	55249158	4	T	2	2	0	0	0	0	0	0	0	0	0	GTGCA
chr7	55249159	4	G	2	2	0	0	0	0	0	0	0	0	0	TGCAG
chr7	55249160	4	C	2	2	0	0	0	0	0	0	0	0	0	GCAGA
chr7	55249161	4	A	2	2	0	0	0	0	0	0	0	0	0	CAGAT
chr7	55249162	4	G	2	2	0	0	0	0	0	0	0	0	0	AGATC
chr7	55249163	4	A	2	2	0	0	0	0	0	0	0	0	0	GATCG
chr7	55249164	4	T	0	4	0	0	0	0	0	0	0	0	0	ATCGC
chr7	55249165	4	C	0	4	0	0	0	0	0	0	0	0	0	TCGCA
chr7	55249166	4	G	0	4	0	0	0	0	0	0	0	0	0	CGCAA
chr7	55249167	4	C	0	4	0	0	0	0	0	0	0	0	0	GCAAA
chr7	55249168	4	A	0	4	0	0	0	0	0	0	0	0	0	CAAAG
chr7	55249169	4	A	0	4	0	0	0	0	0	0	0	0	0	AAAGG
chr7	55249170	3	A	0	3	0	0	0	0	0	0	0	0	0	AAGGT
chr7	55249171	3	G	0	3	0	0	0	0	0	0	0	0	0	AGGTA
chr7	55259514	1	C	1	0	0	0	0	0	0	0	0	0	0	GCTGG
chr7	55259515	1	T	1	0	0	0	0	0	0	0	0	0	0	CTGGC
chr7	55259516	1	G	1	0	0	0	0	0	0	0	0	0	0	TGGCC
chr7	55259523	1	C	1	0	0	0	0	0	0	0	0	0	0	ACTGC
chr7	55259524	1	T	1	0	0	0	0	0	0	0	0	0	0	CTGCT
chr7	55259525	1	G	1	0	0	0	0	0	0	0	0	0	0	TGCTG
chr7	140453135	275	C	80	195	0	0	0	0	0	0	0	0	0	TCACT
chr7	140453136	272	A	80	192	0	0	0	0	0	0	0	0	0	CACTG
chr7	140453137	268	C	80	187	0	0	0	0	0	1	0	0	0	ACTGT
chr12	336675	1	T	1	0	0	0	0	0	0	0	0	0	55	CTGGA	nan	nan	nan	nan
chr12	25380274	453	C	324	129	0	0	0	0	0	0	0	0	0	TCTTG
chr12	25380275	459	T	328	131	0	0	0	0	0	0	0	0	0	CTTGA
chr12	25380276	460	T	330	128	0	0	1	0	0	0	1	0	0	TTGAC
chr12	25380277	469	G	335	134	0	0	0	0	0	0	0	0	0	TGACC
chr12	25380278	461	A	330	130	0	0	0	0	0	0	1	0	0	GACCT
chr12	25398283	574	A	228	346	0	0	0	0	0	0	0	0	0	CACCA
chr12	25398284	578	C	228	350	0	0	0	0	0	0	0	0	0	ACCAG
chr12	25398285	579	C	228	351	0	0	0	0	0	0	0	0	0	CCAGC
chr12	25398286	574	A	226	348	0	0	0	0	0	0	0	0	0	CAGCT
