CHR	POS	DEPTH	REF	R+	R-	A+	A-	C+	C-	T+	T-	G+	G-	PAD	MOTIF
chr7	1026292	1	G	1	0	0	0	0	0	0	0	0	0	0	TGCTC	nan	nan	nan	nan
chr7	140453135	324	C	122	201	0	0	0	0	1	0	0	0	0	TCACT
chr7	140453136	316	A	121	194	0	0	1	0	0	0	0	0	0	CACTG
chr7	140453137	307	C	121	184	1	0	0	0	0	1	0	0	0	ACTGT
chr12	335795	1	T	1	0	0	0	0	0	0	0	0	0	23	TTCAC	nan	nan	nan	nan
chr12	25380274	932	C	525	406	0	0	0	0	1	0	0	0	0	TCTTG
chr12	25380275	933	T	523	410	0	0	0	0	0	0	0	0	0	CTTGA
chr12	25380276	941	T	521	413	0	0	7	0	0	0	0	0	0	TTGAC
chr12	25380277	937	G	524	413	0	0	0	0	0	0	0	0	0	TGACC
chr12	25380278	942	A	522	418	0	0	0	0	0	0	0	2	0	GACCT
chr12	25398283	697	A	281	413	0	0	0	0	0	0	0	1	0	CACCA
chr12	25398284	708	C	279	425	0	0	0	0	0	0	0	1	0	ACCAG
chr12	25398285	708	C	280	426	0	0	0	0	0	0	0	0	0	CCAGC
chr12	25398286	709	A	281	425	0	0	0	0	0	0	0	1	0	CAGCT
