CHR	POS	DEPTH	REF	R+	R-	A+	A-	C+	C-	T+	T-	G+	G-	PAD	MOTIF
chr7	1022862	1	C	1	0	0	0	0	0	0	0	0	0	0	TCTTG	nan	nan	nan	nan
chr7	55241706	12	G	2	10	0	0	0	0	0	0	0	0	0	TGGGC
chr7	55241707	12	G	2	10	0	0	0	0	0	0	0	0	0	GGGCT
chr7	55241708	11	G	2	9	0	0	0	0	0	0	0	0	0	GGCTC
chr7	55241709	12	C	2	10	0	0	0	0	0	0	0	0	0	GCTCC
chr7	55242415	8	G	3	5	0	0	0	0	0	0	0	0	0	GGGAC
chr7	55242416	9	G	4	5	0	0	0	0	0	0	0	0	0	GGACT
chr7	55242417	9	A	4	5	0	0	0	0	0	0	0	0	0	GACTC
chr7	55242418	8	C	4	4	0	0	0	0	0	0	0	0	0	ACTCT
chr7	55242419	8	T	4	4	0	0	0	0	0	0	0	0	0	CTCTG
chr7	55242420	7	C	4	3	0	0	0	0	0	0	0	0	0	TCTGG
chr7	55242421	8	T	4	4	0	0	0	0	0	0	0	0	0	CTGGA
chr7	55242422	8	G	4	4	0	0	0	0	0	0	0	0	0	TGGAT
chr7	55242423	8	G	4	4	0	0	0	0	0	0	0	0	0	GGATC
chr7	55242424	8	A	4	4	0	0	0	0	0	0	0	0	0	GATCC
chr7	55242425	8	T	4	4	0	0	0	0	0	0	0	0	0	ATCCC
chr7	55242426	9	C	4	5	0	0	0	0	0	0	0	0	0	TCCCA
chr7	55242427	8	C	4	4	0	0	0	0	0	0	0	0	0	CCCAG
chr7	55242428	8	C	4	4	0	0	0	0	0	0	0	0	0	CCAGA
chr7	55242429	8	A	4	4	0	0	0	0	0	0	0	0	0	CAGAA
chr7	55242430	8	G	4	4	0	0	0	0	0	0	0	0	0	AGAAG
chr7	55242431	8	A	4	4	0	0	0	0	0	0	0	0	0	GAAGG
chr7	55242432	8	A	4	4	0	0	0	0	0	0	0	0	0	AAGGT
chr7	55242433	8	G	4	4	0	0	0	0	0	0	0	0	0	AGGTG
chr7	55242434	8	G	4	4	0	0	0	0	0	0	0	0	0	GGTGA
chr7	55242435	8	T	4	4	0	0	0	0	0	0	0	0	0	GTGAG
chr7	55242436	8	G	4	4	0	0	0	0	0	0	0	0	0	TGAGA
chr7	55242437	7	A	3	4	0	0	0	0	0	0	0	0	0	GAGAA
chr7	55242438	7	G	3	4	0	0	0	0	0	0	0	0	0	AGAAA
chr7	55242439	7	A	3	4	0	0	0	0	0	0	0	0	0	GAAAG
chr7	55242440	7	A	3	4	0	0	0	0	0	0	0	0	0	AAAGT
chr7	55242441	6	A	3	3	0	0	0	0	0	0	0	0	0	AAGTT
chr7	55242442	5	G	3	2	0	0	0	0	0	0	0	0	0	AGTTA
chr7	55242443	4	T	2	2	0	0	0	0	0	0	0	0	0	GTTAA
chr7	55242444	3	T	1	2	0	0	0	0	0	0	0	0	0	TTAAA
chr7	55242445	3	A	1	2	0	0	0	0	0	0	0	0	0	TAAAA
chr7	55242446	3	A	1	2	0	0	0	0	0	0	0	0	0	AAAAT
chr7	55242447	3	A	1	2	0	0	0	0	0	0	0	0	0	AAATT
chr7	55242448	3	A	1	2	0	0	0	0	0	0	0	0	0	AATTC
chr7	55242449	3	T	1	2	0	0	0	0	0	0	0	0	0	ATTCC
chr7	55242450	3	T	1	2	0	0	0	0	0	0	0	0	0	TTCCC
chr7	55242451	3	C	1	2	0	0	0	0	0	0	0	0	0	TCCCG
chr7	55242452	3	C	1	2	0	0	0	0	0	0	0	0	0	CCCGT
chr7	55242453	4	C	2	2	0	0	0	0	0	0	0	0	0	CCGTC
chr7	55242454	4	G	2	2	0	0	0	0	0	0	0	0	0	CGTCG
chr7	55242455	4	T	2	2	0	0	0	0	0	0	0	0	0	GTCGC
chr7	55242456	4	C	2	2	0	0	0	0	0	0	0	0	0	TCGCT
chr7	55242457	4	G	2	2	0	0	0	0	0	0	0	0	0	CGCTA
chr7	55242458	4	C	2	2	0	0	0	0	0	0	0	0	0	GCTAT
chr7	55242459	4	T	2	2	0	0	0	0	0	0	0	0	0	CTATC
chr7	55242460	5	A	2	3	0	0	0	0	0	0	0	0	0	TATCA
chr7	55242461	5	T	2	3	0	0	0	0	0	0	0	0	0	ATCAA
chr7	55242462	5	C	2	3	0	0	0	0	0	0	0	0	0	TCAAG
chr7	55242463	5	A	2	3	0	0	0	0	0	0	0	0	0	CAAGG
chr7	55242464	5	A	2	3	0	0	0	0	0	0	0	0	0	AAGGA
chr7	55242465	5	G	2	3	0	0	0	0	0	0	0	0	0	AGGAA
chr7	55242466	5	G	2	3	0	0	0	0	0	0	0	0	0	GGAAT
chr7	55242467	5	A	2	3	0	0	0	0	0	0	0	0	0	GAATT
chr7	55242468	5	A	2	3	0	0	0	0	0	0	0	0	0	AATTA
chr7	55242469	5	T	2	3	0	0	0	0	0	0	0	0	0	ATTAA
chr7	55242470	5	T	2	3	0	0	0	0	0	0	0	0	0	TTAAG
chr7	55242471	5	A	2	3	0	0	0	0	0	0	0	0	0	TAAGA
chr7	55242472	5	A	2	3	0	0	0	0	0	0	0	0	0	AAGAG
chr7	55242473	5	G	2	3	0	0	0	0	0	0	0	0	0	AGAGA
chr7	55242474	5	A	2	3	0	0	0	0	0	0	0	0	0	GAGAA
chr7	55242475	5	G	2	3	0	0	0	0	0	0	0	0	0	AGAAG
chr7	55242476	5	A	2	3	0	0	0	0	0	0	0	0	0	GAAGC
chr7	55242477	5	A	2	3	0	0	0	0	0	0	0	0	0	AAGCA
chr7	55242478	5	G	3	2	0	0	0	0	0	0	0	0	0	AGCAA
chr7	55242479	5	C	3	2	0	0	0	0	0	0	0	0	0	GCAAC
chr7	55242480	5	A	3	2	0	0	0	0	0	0	0	0	0	CAACA
chr7	55242481	5	A	3	2	0	0	0	0	0	0	0	0	0	AACAT
chr7	55242482	5	C	3	2	0	0	0	0	0	0	0	0	0	ACATC
chr7	55242483	5	A	3	2	0	0	0	0	0	0	0	0	0	CATCT
chr7	55242484	5	T	3	2	0	0	0	0	0	0	0	0	0	ATCTC
chr7	55242485	5	C	4	1	0	0	0	0	0	0	0	0	0	TCTCC
chr7	55242486	5	T	4	1	0	0	0	0	0	0	0	0	0	CTCCG
chr7	55242487	6	C	5	1	0	0	0	0	0	0	0	0	0	TCCGA
chr7	55242488	6	C	5	1	0	0	0	0	0	0	0	0	0	CCGAA
chr7	55242489	6	G	5	1	0	0	0	0	0	0	0	0	0	CGAAA
chr7	55242490	6	A	5	1	0	0	0	0	0	0	0	0	0	GAAAG
chr7	55242491	6	A	5	1	0	0	0	0	0	0	0	0	0	AAAGC
chr7	55242492	6	A	5	1	0	0	0	0	0	0	0	0	0	AAGCC
chr7	55242493	6	G	5	1	0	0	0	0	0	0	0	0	0	AGCCA
chr7	55242494	6	C	5	1	0	0	0	0	0	0	0	0	0	GCCAA
chr7	55242495	6	C	5	1	0	0	0	0	0	0	0	0	0	CCAAC
chr7	55242496	6	A	5	1	0	0	0	0	0	0	0	0	0	CAACA
chr7	55242497	6	A	5	1	0	0	0	0	0	0	0	0	0	AACAA
chr7	55242498	6	C	5	1	0	0	0	0	0	0	0	0	0	ACAAG
chr7	55242499	6	A	5	1	0	0	0	0	0	0	0	0	0	CAAGG
chr7	55242500	6	A	5	1	0	0	0	0	0	0	0	0	0	AAGGA
chr7	55242501	6	G	5	1	0	0	0	0	0	0	0	0	0	AGGAA
chr7	55242502	6	G	5	1	0	0	0	0	0	0	0	0	0	GGAAA
chr7	55242503	6	A	5	1	0	0	0	0	0	0	0	0	0	GAAAT
chr7	55242504	6	A	5	1	0	0	0	0	0	0	0	0	0	AAATC
chr7	55242505	6	A	5	1	0	0	0	0	0	0	0	0	0	AATCC
chr7	55242506	6	T	5	1	0	0	0	0	0	0	0	0	0	ATCCT
chr7	55242507	6	C	5	1	0	0	0	0	0	0	0	0	0	TCCTC
chr7	55242508	6	C	5	1	0	0	0	0	0	0	0	0	0	CCTCG
chr7	55242509	6	T	5	1	0	0	0	0	0	0	0	0	0	CTCGA
chr7	55242510	6	C	5	1	0	0	0	0	0	0	0	0	0	TCGAT
chr7	55242511	6	G	5	1	0	0	0	0	0	0	0	0	0	CGATG
chr7	55242512	6	A	5	1	0	0	0	0	0	0	0	0	0	GATGT
chr7	55242513	6	T	5	1	0	0	0	0	0	0	0	0	0	ATGTG
chr7	55248986	4	G	4	0	0	0	0	0	0	0	0	0	0	GGAAG
chr7	55248987	4	A	4	0	0	0	0	0	0	0	0	0	0	GAAGC
chr7	55248988	4	A	4	0	0	0	0	0	0	0	0	0	0	AAGCC
chr7	55248989	5	G	5	0	0	0	0	0	0	0	0	0	0	AGCCT
chr7	55248990	5	C	5	0	0	0	0	0	0	0	0	0	0	GCCTA
chr7	55248991	5	C	5	0	0	0	0	0	0	0	0	0	0	CCTAC
chr7	55248992	5	T	5	0	0	0	0	0	0	0	0	0	0	CTACG
chr7	55248993	5	A	5	0	0	0	0	0	0	0	0	0	0	TACGT
chr7	55248994	15	C	14	1	0	0	0	0	0	0	0	0	0	ACGTG
chr7	55248995	17	G	16	1	0	0	0	0	0	0	0	0	0	CGTGA
chr7	55248996	17	T	16	1	0	0	0	0	0	0	0	0	0	GTGAT
chr7	55248997	17	G	16	1	0	0	0	0	0	0	0	0	0	TGATG
chr7	55248998	17	A	16	1	0	0	0	0	0	0	0	0	0	GATGG
chr7	55248999	17	T	16	1	0	0	0	0	0	0	0	0	0	ATGGC
chr7	55249000	17	G	16	1	0	0	0	0	0	0	0	0	0	TGGCC
chr7	55249001	17	G	16	1	0	0	0	0	0	0	0	0	0	GGCCA
chr7	55249002	17	C	16	1	0	0	0	0	0	0	0	0	0	GCCAG
chr7	55249003	17	C	16	1	0	0	0	0	0	0	0	0	0	CCAGC
chr7	55249004	17	A	16	1	0	0	0	0	0	0	0	0	0	CAGCG
chr7	55249005	17	G	16	1	0	0	0	0	0	0	0	0	0	AGCGT
chr7	55249006	17	C	16	1	0	0	0	0	0	0	0	0	0	GCGTG
chr7	55249007	18	G	17	1	0	0	0	0	0	0	0	0	0	CGTGG
chr7	55249008	18	T	16	2	0	0	0	0	0	0	0	0	0	GTGGA
chr7	55249009	18	G	16	2	0	0	0	0	0	0	0	0	0	TGGAC
chr7	55249010	18	G	16	2	0	0	0	0	0	0	0	0	0	GGACA
chr7	55249011	18	A	16	2	0	0	0	0	0	0	0	0	0	GACAA
chr7	55249012	18	C	16	2	0	0	0	0	0	0	0	0	0	ACAAC
chr7	55249013	18	A	16	2	0	0	0	0	0	0	0	0	0	CAACC
chr7	55249014	18	A	16	2	0	0	0	0	0	0	0	0	0	AACCC
chr7	55249015	18	C	16	2	0	0	0	0	0	0	0	0	0	ACCCC
chr7	55249016	18	C	16	2	0	0	0	0	0	0	0	0	0	CCCCC
chr7	55249017	18	C	16	2	0	0	0	0	0	0	0	0	0	CCCCA
chr7	55249018	18	C	16	2	0	0	0	0	0	0	0	0	0	CCCAC
chr7	55249019	18	C	16	2	0	0	0	0	0	0	0	0	0	CCACG
chr7	55249020	19	A	16	3	0	0	0	0	0	0	0	0	0	CACGT
chr7	55249021	19	C	16	3	0	0	0	0	0	0	0	0	0	ACGTG
chr7	55249022	19	G	16	3	0	0	0	0	0	0	0	0	0	CGTGT
chr7	55249023	18	T	15	3	0	0	0	0	0	0	0	0	0	GTGTG
chr7	55249024	19	G	16	3	0	0	0	0	0	0	0	0	0	TGTGC
chr7	55249025	19	T	16	3	0	0	0	0	0	0	0	0	0	GTGCC
chr7	55249026	20	G	16	4	0	0	0	0	0	0	0	0	0	TGCCG
chr7	55249027	20	C	17	3	0	0	0	0	0	0	0	0	0	GCCGC
chr7	55249028	21	C	17	4	0	0	0	0	0	0	0	0	0	CCGCC
chr7	55249029	21	G	17	4	0	0	0	0	0	0	0	0	0	CGCCT
chr7	55249030	21	C	17	4	0	0	0	0	0	0	0	0	0	GCCTG
chr7	55249031	21	C	17	4	0	0	0	0	0	0	0	0	0	CCTGC
chr7	55249032	21	T	17	4	0	0	0	0	0	0	0	0	0	CTGCT
chr7	55249033	22	G	18	4	0	0	0	0	0	0	0	0	0	TGCTG
chr7	55249034	22	C	18	4	0	0	0	0	0	0	0	0	0	GCTGG
chr7	55249035	22	T	18	4	0	0	0	0	0	0	0	0	0	CTGGG
chr7	55249036	22	G	19	3	0	0	0	0	0	0	0	0	0	TGGGC
chr7	55249037	21	G	18	3	0	0	0	0	0	0	0	0	0	GGGCA
chr7	55249038	22	G	19	3	0	0	0	0	0	0	0	0	0	GGCAT
chr7	55249039	21	C	18	3	0	0	0	0	0	0	0	0	0	GCATC
chr7	55249040	22	A	19	3	0	0	0	0	0	0	0	0	0	CATCT
chr7	55249041	22	T	19	3	0	0	0	0	0	0	0	0	0	ATCTG
chr7	55249042	23	C	19	4	0	0	0	0	0	0	0	0	0	TCTGC
chr7	55249043	21	T	17	4	0	0	0	0	0	0	0	0	0	CTGCC
chr7	55249044	23	G	19	4	0	0	0	0	0	0	0	0	0	TGCCT
chr7	55249045	23	C	19	4	0	0	0	0	0	0	0	0	0	GCCTC
chr7	55249046	23	C	19	4	0	0	0	0	0	0	0	0	0	CCTCA
chr7	55249047	22	T	18	4	0	0	0	0	0	0	0	0	0	CTCAC
chr7	55249048	23	C	19	4	0	0	0	0	0	0	0	0	0	TCACC
chr7	55249049	23	A	19	4	0	0	0	0	0	0	0	0	0	CACCT
chr7	55249050	23	C	19	4	0	0	0	0	0	0	0	0	0	ACCTC
chr7	55249051	23	C	19	4	0	0	0	0	0	0	0	0	0	CCTCC
chr7	55249052	23	T	19	4	0	0	0	0	0	0	0	0	0	CTCCA
chr7	55249053	23	C	19	4	0	0	0	0	0	0	0	0	0	TCCAC
chr7	55249054	23	C	19	4	0	0	0	0	0	0	0	0	0	CCACC
chr7	55249055	24	A	20	4	0	0	0	0	0	0	0	0	0	CACCG
chr7	55249056	24	C	19	4	0	0	0	0	1	0	0	0	0	ACCGT
chr7	55249057	22	C	18	4	0	0	0	0	0	0	0	0	0	CCGTG
chr7	55249058	22	G	18	4	0	0	0	0	0	0	0	0	0	CGTGC
chr7	55249059	24	T	20	4	0	0	0	0	0	0	0	0	0	GTGCA
chr7	55249060	24	G	20	4	0	0	0	0	0	0	0	0	0	TGCAG
chr7	55249061	12	C	9	3	0	0	0	0	0	0	0	0	0	GCAGC
chr7	55249062	12	A	9	3	0	0	0	0	0	0	0	0	0	CAGCT
chr7	55249063	11	G	0	0	9	2	0	0	0	0	0	0	0	AGCTC
chr7	55249064	13	C	9	4	0	0	0	0	0	0	0	0	0	GCTCA
chr7	55249065	13	T	9	4	0	0	0	0	0	0	0	0	0	CTCAT
chr7	55249066	14	C	10	4	0	0	0	0	0	0	0	0	0	TCATC
chr7	55249067	14	A	10	4	0	0	0	0	0	0	0	0	0	CATCA
chr7	55249068	13	T	9	4	0	0	0	0	0	0	0	0	0	ATCAC
chr7	55249069	13	C	9	4	0	0	0	0	0	0	0	0	0	TCACG
chr7	55249070	13	A	9	4	0	0	0	0	0	0	0	0	0	CACGC
chr7	55249071	13	C	9	4	0	0	0	0	0	0	0	0	0	ACGCA
chr7	55249072	13	G	9	4	0	0	0	0	0	0	0	0	0	CGCAG
chr7	55249073	13	C	9	4	0	0	0	0	0	0	0	0	0	GCAGC
chr7	55249074	13	A	9	4	0	0	0	0	0	0	0	0	0	CAGCT
chr7	55249075	13	G	9	4	0	0	0	0	0	0	0	0	0	AGCTC
chr7	55249076	13	C	8	5	0	0	0	0	0	0	0	0	0	GCTCA
chr7	55249077	12	T	7	5	0	0	0	0	0	0	0	0	0	CTCAT
chr7	55249078	12	C	7	5	0	0	0	0	0	0	0	0	0	TCATG
chr7	55249079	12	A	7	5	0	0	0	0	0	0	0	0	0	CATGC
chr7	55249080	12	T	7	5	0	0	0	0	0	0	0	0	0	ATGCC
chr7	55249081	12	G	7	5	0	0	0	0	0	0	0	0	0	TGCCC
chr7	55249082	13	C	8	5	0	0	0	0	0	0	0	0	0	GCCCT
chr7	55249083	13	C	8	5	0	0	0	0	0	0	0	0	0	CCCTT
chr7	55249084	13	C	8	5	0	0	0	0	0	0	0	0	0	CCTTC
chr7	55249085	13	T	8	5	0	0	0	0	0	0	0	0	0	CTTCG
chr7	55249086	13	T	8	5	0	0	0	0	0	0	0	0	0	TTCGG
chr7	55249087	13	C	8	5	0	0	0	0	0	0	0	0	0	TCGGC
chr7	55249088	14	G	9	5	0	0	0	0	0	0	0	0	0	CGGCT
chr7	55249089	14	G	9	5	0	0	0	0	0	0	0	0	0	GGCTG
chr7	55249090	14	C	9	5	0	0	0	0	0	0	0	0	0	GCTGC
chr7	55249091	14	T	9	5	0	0	0	0	0	0	0	0	0	CTGCC
chr7	55249092	14	G	9	5	0	0	0	0	0	0	0	0	0	TGCCT
chr7	55249093	14	C	9	5	0	0	0	0	0	0	0	0	0	GCCTC
chr7	55249094	13	C	9	4	0	0	0	0	0	0	0	0	0	CCTCC
chr7	55249095	14	T	9	5	0	0	0	0	0	0	0	0	0	CTCCT
chr7	55249096	14	C	9	5	0	0	0	0	0	0	0	0	0	TCCTG
chr7	55249097	14	C	9	5	0	0	0	0	0	0	0	0	0	CCTGG
chr7	55249098	14	T	9	5	0	0	0	0	0	0	0	0	0	CTGGA
chr7	55249099	13	G	9	4	0	0	0	0	0	0	0	0	0	TGGAC
chr7	55249100	13	G	9	4	0	0	0	0	0	0	0	0	0	GGACT
chr7	55249101	12	A	9	3	0	0	0	0	0	0	0	0	0	GACTA
chr7	55249102	13	C	9	4	0	0	0	0	0	0	0	0	0	ACTAT
chr7	55249103	13	T	9	4	0	0	0	0	0	0	0	0	0	CTATG
chr7	55249104	13	A	9	4	0	0	0	0	0	0	0	0	0	TATGT
chr7	55249105	13	T	9	4	0	0	0	0	0	0	0	0	0	ATGTC
chr7	55249106	13	G	9	4	0	0	0	0	0	0	0	0	0	TGTCC
chr7	55249107	13	T	8	5	0	0	0	0	0	0	0	0	0	GTCCG
chr7	55249108	13	C	8	5	0	0	0	0	0	0	0	0	0	TCCGG
chr7	55249109	13	C	8	5	0	0	0	0	0	0	0	0	0	CCGGG
chr7	55249110	13	G	8	5	0	0	0	0	0	0	0	0	0	CGGGA
chr7	55249111	13	G	8	5	0	0	0	0	0	0	0	0	0	GGGAA
chr7	55249112	13	G	8	5	0	0	0	0	0	0	0	0	0	GGAAC
chr7	55249113	13	A	8	5	0	0	0	0	0	0	0	0	0	GAACA
chr7	55249114	13	A	8	5	0	0	0	0	0	0	0	0	0	AACAC
chr7	55249115	13	C	8	5	0	0	0	0	0	0	0	0	0	ACACA
chr7	55249116	13	A	8	5	0	0	0	0	0	0	0	0	0	CACAA
chr7	55249117	13	C	8	5	0	0	0	0	0	0	0	0	0	ACAAA
chr7	55249118	13	A	8	5	0	0	0	0	0	0	0	0	0	CAAAG
chr7	55249119	13	A	8	5	0	0	0	0	0	0	0	0	0	AAAGA
chr7	55249120	13	A	8	5	0	0	0	0	0	0	0	0	0	AAGAC
chr7	55249121	12	G	8	4	0	0	0	0	0	0	0	0	0	AGACA
chr7	55249122	12	A	8	4	0	0	0	0	0	0	0	0	0	GACAA
chr7	55249123	12	C	8	4	0	0	0	0	0	0	0	0	0	ACAAT
chr7	55249124	12	A	8	4	0	0	0	0	0	0	0	0	0	CAATA
chr7	55249125	12	A	8	4	0	0	0	0	0	0	0	0	0	AATAT
chr7	55249126	12	T	7	5	0	0	0	0	0	0	0	0	0	ATATT
chr7	55249127	13	A	8	5	0	0	0	0	0	0	0	0	0	TATTG
chr7	55249128	13	T	8	5	0	0	0	0	0	0	0	0	0	ATTGG
chr7	55249129	13	T	8	5	0	0	0	0	0	0	0	0	0	TTGGC
chr7	55249130	13	G	8	5	0	0	0	0	0	0	0	0	0	TGGCT
chr7	55249131	13	G	8	5	0	0	0	0	0	0	0	0	0	GGCTC
chr7	55249132	12	C	8	4	0	0	0	0	0	0	0	0	0	GCTCC
chr7	55249133	13	T	8	5	0	0	0	0	0	0	0	0	0	CTCCC
chr7	55249134	12	C	8	4	0	0	0	0	0	0	0	0	0	TCCCA
chr7	55249135	12	C	8	4	0	0	0	0	0	0	0	0	0	CCCAG
chr7	55249136	12	C	8	4	0	0	0	0	0	0	0	0	0	CCAGT
chr7	55249137	12	A	8	4	0	0	0	0	0	0	0	0	0	CAGTA
chr7	55249138	12	G	8	4	0	0	0	0	0	0	0	0	0	AGTAC
chr7	55249139	12	T	8	4	0	0	0	0	0	0	0	0	0	GTACC
chr7	55249140	12	A	8	4	0	0	0	0	0	0	0	0	0	TACCT
chr7	55249141	12	C	8	4	0	0	0	0	0	0	0	0	0	ACCTG
chr7	55249142	12	C	8	4	0	0	0	0	0	0	0	0	0	CCTGC
chr7	55249143	11	T	8	3	0	0	0	0	0	0	0	0	0	CTGCT
chr7	55249144	11	G	9	2	0	0	0	0	0	0	0	0	0	TGCTC
chr7	55249145	12	C	9	3	0	0	0	0	0	0	0	0	0	GCTCA
chr7	55249146	11	T	8	3	0	0	0	0	0	0	0	0	0	CTCAA
chr7	55249147	10	C	7	3	0	0	0	0	0	0	0	0	0	TCAAC
chr7	55249148	10	A	6	4	0	0	0	0	0	0	0	0	0	CAACT
chr7	55249149	10	A	6	4	0	0	0	0	0	0	0	0	0	AACTG
chr7	55249150	9	C	6	3	0	0	0	0	0	0	0	0	0	ACTGG
chr7	55249151	10	T	7	3	0	0	0	0	0	0	0	0	0	CTGGT
chr7	55249152	9	G	7	2	0	0	0	0	0	0	0	0	0	TGGTG
chr7	55249153	10	G	7	3	0	0	0	0	0	0	0	0	0	GGTGT
chr7	55249154	10	T	7	3	0	0	0	0	0	0	0	0	0	GTGTG
chr7	55249155	10	G	7	3	0	0	0	0	0	0	0	0	0	TGTGT
chr7	55249156	10	T	7	3	0	0	0	0	0	0	0	0	0	GTGTG
chr7	55249157	9	G	6	3	0	0	0	0	0	0	0	0	0	TGTGC
chr7	55249158	7	T	4	3	0	0	0	0	0	0	0	0	0	GTGCA
chr7	55249159	7	G	3	2	0	0	0	0	1	1	0	0	0	TGCAG
chr7	55249160	7	C	4	3	0	0	0	0	0	0	0	0	0	GCAGA
chr7	55249161	7	A	4	3	0	0	0	0	0	0	0	0	0	CAGAT
chr7	55249162	7	G	4	3	0	0	0	0	0	0	0	0	0	AGATC
chr7	55249163	7	A	4	3	0	0	0	0	0	0	0	0	0	GATCG
chr7	55249164	7	T	3	4	0	0	0	0	0	0	0	0	0	ATCGC
chr7	55249165	7	C	3	4	0	0	0	0	0	0	0	0	0	TCGCA
chr7	55249166	7	G	3	4	0	0	0	0	0	0	0	0	0	CGCAA
chr7	55249167	6	C	3	3	0	0	0	0	0	0	0	0	0	GCAAA
chr7	55249168	8	A	4	4	0	0	0	0	0	0	0	0	0	CAAAG
chr7	55249169	8	A	4	4	0	0	0	0	0	0	0	0	0	AAAGG
chr7	55249170	8	A	4	4	0	0	0	0	0	0	0	0	0	AAGGT
chr7	55249171	8	G	4	4	0	0	0	0	0	0	0	0	0	AGGTA
chr7	55259514	17	C	10	7	0	0	0	0	0	0	0	0	0	GCTGG
chr7	55259515	17	T	4	2	0	0	0	0	0	0	6	5	0	CTGGC
chr7	55259516	17	G	10	7	0	0	0	0	0	0	0	0	0	TGGCC
chr7	55259523	17	C	10	7	0	0	0	0	0	0	0	0	0	ACTGC
chr7	55259524	18	T	11	7	0	0	0	0	0	0	0	0	0	CTGCT
chr7	55259525	18	G	12	6	0	0	0	0	0	0	0	0	0	TGCTG
chr7	140453135	206	C	79	127	0	0	0	0	0	0	0	0	0	TCACT
chr7	140453136	207	A	80	126	0	0	0	0	0	1	0	0	0	CACTG
chr7	140453137	199	C	81	116	0	0	0	0	0	2	0	0	0	ACTGT
chr12	330156	1	C	0	1	0	0	0	0	0	0	0	0	0	TCCTG	nan	nan	nan	nan
chr12	25380274	489	C	312	175	0	0	0	0	1	1	0	0	0	TCTTG
chr12	25380275	494	T	315	179	0	0	0	0	0	0	0	0	0	CTTGA
chr12	25380276	498	T	314	179	0	0	4	0	0	0	1	0	0	TTGAC
chr12	25380277	496	G	316	179	1	0	0	0	0	0	0	0	0	TGACC
chr12	25380278	501	A	321	180	0	0	0	0	0	0	0	0	0	GACCT
chr12	25398283	554	A	237	313	0	0	0	0	2	0	0	2	0	CACCA
chr12	25398284	558	C	237	319	2	0	0	0	0	0	0	0	0	ACCAG
chr12	25398285	558	C	242	316	0	0	0	0	0	0	0	0	0	CCAGC
chr12	25398286	562	A	241	321	0	0	0	0	0	0	0	0	0	CAGCT
