CHR	POS	DEPTH	REF	R+	R-	A+	A-	C+	C-	T+	T-	G+	G-	PAD	MOTIF
chr7	1022880	1	C	1	0	0	0	0	0	0	0	0	0	0	TCCTG
chr7	55241706	2	G	1	1	0	0	0	0	0	0	0	0	0	TGGGC
chr7	55241707	2	G	1	1	0	0	0	0	0	0	0	0	0	GGGCT
chr7	55241708	2	G	1	1	0	0	0	0	0	0	0	0	0	GGCTC
chr7	55241709	2	C	1	1	0	0	0	0	0	0	0	0	0	GCTCC
chr7	55242415	2	G	1	1	0	0	0	0	0	0	0	0	0	GGGAC
chr7	55242416	2	G	1	1	0	0	0	0	0	0	0	0	0	GGACT
chr7	55242417	2	A	1	1	0	0	0	0	0	0	0	0	0	GACTC
chr7	55242418	2	C	1	1	0	0	0	0	0	0	0	0	0	ACTCT
chr7	55242419	2	T	1	1	0	0	0	0	0	0	0	0	0	CTCTG
chr7	55242420	2	C	1	1	0	0	0	0	0	0	0	0	0	TCTGG
chr7	55242421	2	T	1	1	0	0	0	0	0	0	0	0	0	CTGGA
chr7	55242422	2	G	1	1	0	0	0	0	0	0	0	0	0	TGGAT
chr7	55242423	2	G	1	1	0	0	0	0	0	0	0	0	0	GGATC
chr7	55242424	2	A	1	1	0	0	0	0	0	0	0	0	0	GATCC
chr7	55242425	3	T	2	1	0	0	0	0	0	0	0	0	0	ATCCC
chr7	55242426	3	C	2	1	0	0	0	0	0	0	0	0	0	TCCCA
chr7	55242427	3	C	2	1	0	0	0	0	0	0	0	0	0	CCCAG
chr7	55242428	3	C	2	1	0	0	0	0	0	0	0	0	0	CCAGA
chr7	55242429	3	A	2	1	0	0	0	0	0	0	0	0	0	CAGAA
chr7	55242430	3	G	2	1	0	0	0	0	0	0	0	0	0	AGAAG
chr7	55242431	3	A	2	1	0	0	0	0	0	0	0	0	0	GAAGG
chr7	55242432	3	A	2	1	0	0	0	0	0	0	0	0	0	AAGGT
chr7	55242433	3	G	2	1	0	0	0	0	0	0	0	0	0	AGGTG
chr7	55242434	3	G	2	1	0	0	0	0	0	0	0	0	0	GGTGA
chr7	55242435	3	T	2	1	0	0	0	0	0	0	0	0	0	GTGAG
chr7	55242436	3	G	2	1	0	0	0	0	0	0	0	0	0	TGAGA
chr7	55242437	3	A	2	1	0	0	0	0	0	0	0	0	0	GAGAA
chr7	55242438	3	G	2	1	0	0	0	0	0	0	0	0	0	AGAAA
chr7	55242439	2	A	1	1	0	0	0	0	0	0	0	0	0	GAAAG
chr7	55242440	2	A	1	1	0	0	0	0	0	0	0	0	0	AAAGT
chr7	55242441	2	A	1	1	0	0	0	0	0	0	0	0	0	AAGTT
chr7	55242442	2	G	1	1	0	0	0	0	0	0	0	0	0	AGTTA
chr7	55242443	1	T	1	0	0	0	0	0	0	0	0	0	0	GTTAA
chr7	55242444	1	T	1	0	0	0	0	0	0	0	0	0	0	TTAAA
chr7	55242445	1	A	1	0	0	0	0	0	0	0	0	0	0	TAAAA
chr7	55242446	1	A	1	0	0	0	0	0	0	0	0	0	0	AAAAT
chr7	55242447	1	A	1	0	0	0	0	0	0	0	0	0	0	AAATT
chr7	55242448	1	A	1	0	0	0	0	0	0	0	0	0	0	AATTC
chr7	55242449	1	T	1	0	0	0	0	0	0	0	0	0	0	ATTCC
chr7	55242450	1	T	1	0	0	0	0	0	0	0	0	0	0	TTCCC
chr7	55242451	1	C	1	0	0	0	0	0	0	0	0	0	0	TCCCG
chr7	55242452	1	C	1	0	0	0	0	0	0	0	0	0	0	CCCGT
chr7	55242453	1	C	1	0	0	0	0	0	0	0	0	0	0	CCGTC
chr7	55242454	1	G	1	0	0	0	0	0	0	0	0	0	0	CGTCG
chr7	55242455	1	T	1	0	0	0	0	0	0	0	0	0	0	GTCGC
chr7	55242456	1	C	1	0	0	0	0	0	0	0	0	0	0	TCGCT
chr7	55242457	1	G	1	0	0	0	0	0	0	0	0	0	0	CGCTA
chr7	55242458	1	C	1	0	0	0	0	0	0	0	0	0	0	GCTAT
chr7	55242459	1	T	1	0	0	0	0	0	0	0	0	0	0	CTATC
chr7	55242460	1	A	1	0	0	0	0	0	0	0	0	0	0	TATCA
chr7	55242461	1	T	1	0	0	0	0	0	0	0	0	0	0	ATCAA
chr7	55242462	1	C	1	0	0	0	0	0	0	0	0	0	0	TCAAG
chr7	55242463	1	A	1	0	0	0	0	0	0	0	0	0	0	CAAGG
chr7	55242464	1	A	1	0	0	0	0	0	0	0	0	0	0	AAGGA
chr7	55242465	1	G	1	0	0	0	0	0	0	0	0	0	0	AGGAA
chr7	55242466	1	G	1	0	0	0	0	0	0	0	0	0	0	GGAAT
chr7	55242467	1	A	1	0	0	0	0	0	0	0	0	0	0	GAATT
chr7	55242468	1	A	1	0	0	0	0	0	0	0	0	0	0	AATTA
chr7	55242469	1	T	1	0	0	0	0	0	0	0	0	0	0	ATTAA
chr7	55242470	1	T	1	0	0	0	0	0	0	0	0	0	0	TTAAG
chr7	55242471	1	A	1	0	0	0	0	0	0	0	0	0	0	TAAGA
chr7	55242472	1	A	1	0	0	0	0	0	0	0	0	0	0	AAGAG
chr7	55242473	1	G	1	0	0	0	0	0	0	0	0	0	0	AGAGA
chr7	55242474	1	A	1	0	0	0	0	0	0	0	0	0	0	GAGAA
chr7	55242475	1	G	1	0	0	0	0	0	0	0	0	0	0	AGAAG
chr7	55242476	1	A	1	0	0	0	0	0	0	0	0	0	0	GAAGC
chr7	55242477	1	A	1	0	0	0	0	0	0	0	0	0	0	AAGCA
chr7	55242478	1	G	1	0	0	0	0	0	0	0	0	0	0	AGCAA
chr7	55242479	1	C	1	0	0	0	0	0	0	0	0	0	0	GCAAC
chr7	55242480	1	A	1	0	0	0	0	0	0	0	0	0	0	CAACA
chr7	55242481	1	A	1	0	0	0	0	0	0	0	0	0	0	AACAT
chr7	55242482	1	C	1	0	0	0	0	0	0	0	0	0	0	ACATC
chr7	55242483	1	A	1	0	0	0	0	0	0	0	0	0	0	CATCT
chr7	55242484	1	T	1	0	0	0	0	0	0	0	0	0	0	ATCTC
chr7	55242485	1	C	1	0	0	0	0	0	0	0	0	0	0	TCTCC
chr7	55242486	1	T	1	0	0	0	0	0	0	0	0	0	0	CTCCG
chr7	55242487	2	C	1	1	0	0	0	0	0	0	0	0	0	TCCGA
chr7	55242488	2	C	1	1	0	0	0	0	0	0	0	0	0	CCGAA
chr7	55242489	2	G	1	1	0	0	0	0	0	0	0	0	0	CGAAA
chr7	55242490	2	A	1	1	0	0	0	0	0	0	0	0	0	GAAAG
chr7	55242491	2	A	1	1	0	0	0	0	0	0	0	0	0	AAAGC
chr7	55242492	2	A	1	1	0	0	0	0	0	0	0	0	0	AAGCC
chr7	55242493	2	G	1	1	0	0	0	0	0	0	0	0	0	AGCCA
chr7	55242494	2	C	1	1	0	0	0	0	0	0	0	0	0	GCCAA
chr7	55242495	2	C	1	1	0	0	0	0	0	0	0	0	0	CCAAC
chr7	55242496	2	A	1	1	0	0	0	0	0	0	0	0	0	CAACA
chr7	55242497	2	A	1	1	0	0	0	0	0	0	0	0	0	AACAA
chr7	55242498	2	C	1	1	0	0	0	0	0	0	0	0	0	ACAAG
chr7	55242499	2	A	1	1	0	0	0	0	0	0	0	0	0	CAAGG
chr7	55242500	2	A	1	1	0	0	0	0	0	0	0	0	0	AAGGA
chr7	55242501	2	G	1	1	0	0	0	0	0	0	0	0	0	AGGAA
chr7	55242502	2	G	1	1	0	0	0	0	0	0	0	0	0	GGAAA
chr7	55242503	2	A	1	1	0	0	0	0	0	0	0	0	0	GAAAT
chr7	55242504	2	A	1	1	0	0	0	0	0	0	0	0	0	AAATC
chr7	55242505	2	A	1	1	0	0	0	0	0	0	0	0	0	AATCC
chr7	55242506	2	T	1	1	0	0	0	0	0	0	0	0	0	ATCCT
chr7	55242507	2	C	1	1	0	0	0	0	0	0	0	0	0	TCCTC
chr7	55242508	2	C	1	1	0	0	0	0	0	0	0	0	0	CCTCG
chr7	55242509	2	T	1	1	0	0	0	0	0	0	0	0	0	CTCGA
chr7	55242510	2	C	1	1	0	0	0	0	0	0	0	0	0	TCGAT
chr7	55242511	2	G	1	1	0	0	0	0	0	0	0	0	0	CGATG
chr7	55242512	2	A	1	1	0	0	0	0	0	0	0	0	0	GATGT
chr7	55242513	2	T	1	1	0	0	0	0	0	0	0	0	0	ATGTG
chr7	55248986	1	G	1	0	0	0	0	0	0	0	0	0	0	GGAAG
chr7	55248987	1	A	1	0	0	0	0	0	0	0	0	0	0	GAAGC
chr7	55248988	1	A	1	0	0	0	0	0	0	0	0	0	0	AAGCC
chr7	55248989	1	G	1	0	0	0	0	0	0	0	0	0	0	AGCCT
chr7	55248990	1	C	1	0	0	0	0	0	0	0	0	0	0	GCCTA
chr7	55248991	1	C	1	0	0	0	0	0	0	0	0	0	0	CCTAC
chr7	55248992	1	T	1	0	0	0	0	0	0	0	0	0	0	CTACG
chr7	55248993	1	A	1	0	0	0	0	0	0	0	0	0	0	TACGT
chr7	55248994	1	C	1	0	0	0	0	0	0	0	0	0	0	ACGTG
chr7	55248995	1	G	1	0	0	0	0	0	0	0	0	0	0	CGTGA
chr7	55248996	1	T	1	0	0	0	0	0	0	0	0	0	0	GTGAT
chr7	55248997	1	G	1	0	0	0	0	0	0	0	0	0	0	TGATG
chr7	55248998	1	A	1	0	0	0	0	0	0	0	0	0	0	GATGG
chr7	55248999	1	T	1	0	0	0	0	0	0	0	0	0	0	ATGGC
chr7	55249000	1	G	1	0	0	0	0	0	0	0	0	0	0	TGGCC
chr7	55249001	1	G	1	0	0	0	0	0	0	0	0	0	0	GGCCA
chr7	55249002	1	C	1	0	0	0	0	0	0	0	0	0	0	GCCAG
chr7	55249003	1	C	1	0	0	0	0	0	0	0	0	0	0	CCAGC
chr7	55249004	1	A	1	0	0	0	0	0	0	0	0	0	0	CAGCG
chr7	55249005	1	G	1	0	0	0	0	0	0	0	0	0	0	AGCGT
chr7	55249006	1	C	1	0	0	0	0	0	0	0	0	0	0	GCGTG
chr7	55249007	1	G	1	0	0	0	0	0	0	0	0	0	0	CGTGG
chr7	55249008	1	T	1	0	0	0	0	0	0	0	0	0	0	GTGGA
chr7	55249009	1	G	1	0	0	0	0	0	0	0	0	0	0	TGGAC
chr7	55249010	1	G	1	0	0	0	0	0	0	0	0	0	0	GGACA
chr7	55249011	1	A	1	0	0	0	0	0	0	0	0	0	0	GACAA
chr7	55249012	1	C	1	0	0	0	0	0	0	0	0	0	0	ACAAC
chr7	55249013	1	A	1	0	0	0	0	0	0	0	0	0	0	CAACC
chr7	55249014	1	A	1	0	0	0	0	0	0	0	0	0	0	AACCC
chr7	55249015	1	C	1	0	0	0	0	0	0	0	0	0	0	ACCCC
chr7	55249077	1	T	0	1	0	0	0	0	0	0	0	0	0	CTCAT
chr7	55249078	1	C	0	1	0	0	0	0	0	0	0	0	0	TCATG
chr7	55249079	1	A	0	1	0	0	0	0	0	0	0	0	0	CATGC
chr7	55249080	1	T	0	1	0	0	0	0	0	0	0	0	0	ATGCC
chr7	55249081	1	G	0	1	0	0	0	0	0	0	0	0	0	TGCCC
chr7	55249082	1	C	0	1	0	0	0	0	0	0	0	0	0	GCCCT
chr7	55249083	1	C	0	1	0	0	0	0	0	0	0	0	0	CCCTT
chr7	55249084	1	C	0	1	0	0	0	0	0	0	0	0	0	CCTTC
chr7	55249085	1	T	0	1	0	0	0	0	0	0	0	0	0	CTTCG
chr7	55249086	2	T	0	2	0	0	0	0	0	0	0	0	0	TTCGG
chr7	55249087	2	C	0	2	0	0	0	0	0	0	0	0	0	TCGGC
chr7	55249088	2	G	0	2	0	0	0	0	0	0	0	0	0	CGGCT
chr7	55249089	2	G	0	2	0	0	0	0	0	0	0	0	0	GGCTG
chr7	55249090	2	C	0	2	0	0	0	0	0	0	0	0	0	GCTGC
chr7	55249091	2	T	0	2	0	0	0	0	0	0	0	0	0	CTGCC
chr7	55249092	2	G	0	2	0	0	0	0	0	0	0	0	0	TGCCT
chr7	55249093	2	C	0	2	0	0	0	0	0	0	0	0	0	GCCTC
chr7	55249094	2	C	0	2	0	0	0	0	0	0	0	0	0	CCTCC
chr7	55249095	2	T	0	2	0	0	0	0	0	0	0	0	0	CTCCT
chr7	55249096	2	C	0	2	0	0	0	0	0	0	0	0	0	TCCTG
chr7	55249097	2	C	0	2	0	0	0	0	0	0	0	0	0	CCTGG
chr7	55249098	2	T	0	2	0	0	0	0	0	0	0	0	0	CTGGA
chr7	55249099	2	G	0	2	0	0	0	0	0	0	0	0	0	TGGAC
chr7	55249100	2	G	0	2	0	0	0	0	0	0	0	0	0	GGACT
chr7	55249101	2	A	0	2	0	0	0	0	0	0	0	0	0	GACTA
chr7	55249102	2	C	0	2	0	0	0	0	0	0	0	0	0	ACTAT
chr7	55249103	2	T	0	2	0	0	0	0	0	0	0	0	0	CTATG
chr7	55249104	2	A	0	2	0	0	0	0	0	0	0	0	0	TATGT
chr7	55249105	2	T	0	2	0	0	0	0	0	0	0	0	0	ATGTC
chr7	55249106	2	G	0	2	0	0	0	0	0	0	0	0	0	TGTCC
chr7	55249107	2	T	0	2	0	0	0	0	0	0	0	0	0	GTCCG
chr7	55249108	2	C	0	2	0	0	0	0	0	0	0	0	0	TCCGG
chr7	55249109	2	C	0	2	0	0	0	0	0	0	0	0	0	CCGGG
chr7	55249110	2	G	0	2	0	0	0	0	0	0	0	0	0	CGGGA
chr7	55249111	2	G	0	2	0	0	0	0	0	0	0	0	0	GGGAA
chr7	55249112	2	G	0	2	0	0	0	0	0	0	0	0	0	GGAAC
chr7	55249113	2	A	0	2	0	0	0	0	0	0	0	0	0	GAACA
chr7	55249114	2	A	0	2	0	0	0	0	0	0	0	0	0	AACAC
chr7	55249115	2	C	0	2	0	0	0	0	0	0	0	0	0	ACACA
chr7	55249116	2	A	0	2	0	0	0	0	0	0	0	0	0	CACAA
chr7	55249117	2	C	0	2	0	0	0	0	0	0	0	0	0	ACAAA
chr7	55249118	2	A	0	2	0	0	0	0	0	0	0	0	0	CAAAG
chr7	55249119	2	A	0	2	0	0	0	0	0	0	0	0	0	AAAGA
chr7	55249120	2	A	0	2	0	0	0	0	0	0	0	0	0	AAGAC
chr7	55249121	2	G	0	2	0	0	0	0	0	0	0	0	0	AGACA
chr7	55249122	2	A	0	2	0	0	0	0	0	0	0	0	0	GACAA
chr7	55249123	2	C	0	2	0	0	0	0	0	0	0	0	0	ACAAT
chr7	55249124	2	A	0	2	0	0	0	0	0	0	0	0	0	CAATA
chr7	55249125	2	A	0	2	0	0	0	0	0	0	0	0	0	AATAT
chr7	55249126	2	T	0	2	0	0	0	0	0	0	0	0	0	ATATT
chr7	55249127	2	A	0	2	0	0	0	0	0	0	0	0	0	TATTG
chr7	55249128	2	T	0	2	0	0	0	0	0	0	0	0	0	ATTGG
chr7	55249129	2	T	0	2	0	0	0	0	0	0	0	0	0	TTGGC
chr7	55249130	2	G	0	2	0	0	0	0	0	0	0	0	0	TGGCT
chr7	55249131	2	G	0	2	0	0	0	0	0	0	0	0	0	GGCTC
chr7	55249132	2	C	0	2	0	0	0	0	0	0	0	0	0	GCTCC
chr7	55249133	2	T	0	2	0	0	0	0	0	0	0	0	0	CTCCC
chr7	55249134	2	C	0	2	0	0	0	0	0	0	0	0	0	TCCCA
chr7	55249135	2	C	0	2	0	0	0	0	0	0	0	0	0	CCCAG
chr7	55249136	2	C	0	2	0	0	0	0	0	0	0	0	0	CCAGT
chr7	55249137	2	A	0	2	0	0	0	0	0	0	0	0	0	CAGTA
chr7	55249138	2	G	0	2	0	0	0	0	0	0	0	0	0	AGTAC
chr7	55249139	2	T	0	2	0	0	0	0	0	0	0	0	0	GTACC
chr7	55249140	2	A	0	2	0	0	0	0	0	0	0	0	0	TACCT
chr7	55249141	2	C	0	2	0	0	0	0	0	0	0	0	0	ACCTG
chr7	55249142	2	C	0	2	0	0	0	0	0	0	0	0	0	CCTGC
chr7	55249143	2	T	0	2	0	0	0	0	0	0	0	0	0	CTGCT
chr7	55249144	2	G	0	2	0	0	0	0	0	0	0	0	0	TGCTC
chr7	55249145	2	C	0	2	0	0	0	0	0	0	0	0	0	GCTCA
chr7	55249146	2	T	0	2	0	0	0	0	0	0	0	0	0	CTCAA
chr7	55249147	2	C	0	2	0	0	0	0	0	0	0	0	0	TCAAC
chr7	55249148	2	A	0	2	0	0	0	0	0	0	0	0	0	CAACT
chr7	55249149	2	A	0	2	0	0	0	0	0	0	0	0	0	AACTG
chr7	55249150	2	C	0	2	0	0	0	0	0	0	0	0	0	ACTGG
chr7	55249151	2	T	0	2	0	0	0	0	0	0	0	0	0	CTGGT
chr7	55249152	2	G	0	2	0	0	0	0	0	0	0	0	0	TGGTG
chr7	55249153	2	G	0	2	0	0	0	0	0	0	0	0	0	GGTGT
chr7	55249154	2	T	0	2	0	0	0	0	0	0	0	0	0	GTGTG
chr7	55249155	2	G	0	2	0	0	0	0	0	0	0	0	0	TGTGT
chr7	55249156	2	T	0	2	0	0	0	0	0	0	0	0	0	GTGTG
chr7	55249157	2	G	0	2	0	0	0	0	0	0	0	0	0	TGTGC
chr7	55249158	2	T	0	2	0	0	0	0	0	0	0	0	0	GTGCA
chr7	55249159	2	G	0	2	0	0	0	0	0	0	0	0	0	TGCAG
chr7	55249160	2	C	0	2	0	0	0	0	0	0	0	0	0	GCAGA
chr7	55249161	2	A	0	2	0	0	0	0	0	0	0	0	0	CAGAT
chr7	55249162	2	G	0	2	0	0	0	0	0	0	0	0	0	AGATC
chr7	55249163	2	A	0	2	0	0	0	0	0	0	0	0	0	GATCG
chr7	55249164	2	T	0	2	0	0	0	0	0	0	0	0	0	ATCGC
chr7	55249165	2	C	0	2	0	0	0	0	0	0	0	0	0	TCGCA
chr7	55249166	2	G	0	2	0	0	0	0	0	0	0	0	0	CGCAA
chr7	55249167	2	C	0	2	0	0	0	0	0	0	0	0	0	GCAAA
chr7	55249168	2	A	0	2	0	0	0	0	0	0	0	0	0	CAAAG
chr7	55249169	2	A	0	2	0	0	0	0	0	0	0	0	0	AAAGG
chr7	55249170	2	A	0	2	0	0	0	0	0	0	0	0	0	AAGGT
chr7	55249171	2	G	0	2	0	0	0	0	0	0	0	0	0	AGGTA
chr7	140453135	278	C	105	173	0	0	0	0	0	0	0	0	0	TCACT
chr7	140453136	282	A	108	174	0	0	0	0	0	0	0	0	0	CACTG
chr7	140453137	271	C	108	161	0	1	0	0	0	1	0	0	0	ACTGT
chr12	331615	1	T	1	0	0	0	0	0	0	0	0	0	73	ATTGC
chr12	25380274	1103	C	544	558	0	0	0	0	0	1	0	0	0	TCTTG
chr12	25380275	1095	T	545	550	0	0	0	0	0	0	0	0	0	CTTGA
chr12	25380276	1104	T	540	548	0	0	16	0	0	0	0	0	0	TTGAC
chr12	25380277	1099	G	556	543	0	0	0	0	0	0	0	0	0	TGACC
chr12	25380278	1097	A	553	542	0	0	0	0	0	0	0	2	0	GACCT
chr12	25398283	565	A	180	385	0	0	0	0	0	0	0	0	0	CACCA
chr12	25398284	568	C	177	390	1	0	0	0	0	0	0	0	0	ACCAG
chr12	25398285	562	C	177	385	0	0	0	0	0	0	0	0	0	CCAGC
chr12	25398286	563	A	176	387	0	0	0	0	0	0	0	0	0	CAGCT
