CHR	POS	DEPTH	REF	R+	R-	A+	A-	C+	C-	T+	T-	G+	G-	PAD	MOTIF
chr7	1022830	1	C	1	0	0	0	0	0	0	0	0	0	17	CCTCA	nan	nan	nan	nan
chr7	55241706	1	G	0	1	0	0	0	0	0	0	0	0	0	TGGGC
chr7	55241707	1	G	0	1	0	0	0	0	0	0	0	0	0	GGGCT
chr7	55241708	1	G	0	1	0	0	0	0	0	0	0	0	0	GGCTC
chr7	55241709	1	C	0	1	0	0	0	0	0	0	0	0	0	GCTCC
chr7	55242415	1	G	0	1	0	0	0	0	0	0	0	0	0	GGGAC
chr7	55242416	1	G	0	1	0	0	0	0	0	0	0	0	0	GGACT
chr7	55242417	1	A	0	1	0	0	0	0	0	0	0	0	0	GACTC
chr7	55242418	1	C	0	1	0	0	0	0	0	0	0	0	0	ACTCT
chr7	55242419	1	T	0	1	0	0	0	0	0	0	0	0	0	CTCTG
chr7	55242420	1	C	0	1	0	0	0	0	0	0	0	0	0	TCTGG
chr7	55242421	1	T	0	1	0	0	0	0	0	0	0	0	0	CTGGA
chr7	55242422	1	G	0	1	0	0	0	0	0	0	0	0	0	TGGAT
chr7	55242423	1	G	0	1	0	0	0	0	0	0	0	0	0	GGATC
chr7	55242424	1	A	0	1	0	0	0	0	0	0	0	0	0	GATCC
chr7	55242425	1	T	0	1	0	0	0	0	0	0	0	0	0	ATCCC
chr7	55242426	1	C	0	1	0	0	0	0	0	0	0	0	0	TCCCA
chr7	55242427	1	C	0	1	0	0	0	0	0	0	0	0	0	CCCAG
chr7	55242428	1	C	0	1	0	0	0	0	0	0	0	0	0	CCAGA
chr7	55242429	1	A	0	1	0	0	0	0	0	0	0	0	0	CAGAA
chr7	55242430	1	G	0	1	0	0	0	0	0	0	0	0	0	AGAAG
chr7	55242431	1	A	0	1	0	0	0	0	0	0	0	0	0	GAAGG
chr7	55242432	1	A	0	1	0	0	0	0	0	0	0	0	0	AAGGT
chr7	55242433	1	G	0	1	0	0	0	0	0	0	0	0	0	AGGTG
chr7	55242434	1	G	0	1	0	0	0	0	0	0	0	0	0	GGTGA
chr7	55242435	1	T	0	1	0	0	0	0	0	0	0	0	0	GTGAG
chr7	55242436	1	G	0	1	0	0	0	0	0	0	0	0	0	TGAGA
chr7	55242437	1	A	0	1	0	0	0	0	0	0	0	0	0	GAGAA
chr7	55242438	1	G	0	1	0	0	0	0	0	0	0	0	0	AGAAA
chr7	55242439	1	A	0	1	0	0	0	0	0	0	0	0	0	GAAAG
chr7	55242440	1	A	0	1	0	0	0	0	0	0	0	0	0	AAAGT
chr7	55242441	1	A	0	1	0	0	0	0	0	0	0	0	0	AAGTT
chr7	55242442	1	G	0	1	0	0	0	0	0	0	0	0	0	AGTTA
chr7	55242443	1	T	0	1	0	0	0	0	0	0	0	0	0	GTTAA
chr7	55242444	1	T	0	1	0	0	0	0	0	0	0	0	0	TTAAA
chr7	55249002	1	C	0	1	0	0	0	0	0	0	0	0	0	GCCAG
chr7	55249003	1	C	0	1	0	0	0	0	0	0	0	0	0	CCAGC
chr7	55249004	1	A	0	1	0	0	0	0	0	0	0	0	0	CAGCG
chr7	55249005	1	G	0	1	0	0	0	0	0	0	0	0	0	AGCGT
chr7	55249006	1	C	0	1	0	0	0	0	0	0	0	0	0	GCGTG
chr7	55249007	1	G	0	1	0	0	0	0	0	0	0	0	0	CGTGG
chr7	55249008	1	T	0	1	0	0	0	0	0	0	0	0	0	GTGGA
chr7	55249009	1	G	0	1	0	0	0	0	0	0	0	0	0	TGGAC
chr7	55249010	1	G	0	1	0	0	0	0	0	0	0	0	0	GGACA
chr7	55249011	1	A	0	1	0	0	0	0	0	0	0	0	0	GACAA
chr7	55249012	1	C	0	1	0	0	0	0	0	0	0	0	0	ACAAC
chr7	55249013	1	A	0	1	0	0	0	0	0	0	0	0	0	CAACC
chr7	55249014	1	A	0	1	0	0	0	0	0	0	0	0	0	AACCC
chr7	55249015	1	C	0	1	0	0	0	0	0	0	0	0	0	ACCCC
chr7	55249016	1	C	0	1	0	0	0	0	0	0	0	0	0	CCCCC
chr7	55249017	1	C	0	1	0	0	0	0	0	0	0	0	0	CCCCA
chr7	55249018	1	C	0	1	0	0	0	0	0	0	0	0	0	CCCAC
chr7	55249019	1	C	0	1	0	0	0	0	0	0	0	0	0	CCACG
chr7	55249020	1	A	0	1	0	0	0	0	0	0	0	0	0	CACGT
chr7	55249021	1	C	0	1	0	0	0	0	0	0	0	0	0	ACGTG
chr7	55249022	1	G	0	1	0	0	0	0	0	0	0	0	0	CGTGT
chr7	55249023	1	T	0	1	0	0	0	0	0	0	0	0	0	GTGTG
chr7	55249024	1	G	0	1	0	0	0	0	0	0	0	0	0	TGTGC
chr7	55249025	1	T	0	1	0	0	0	0	0	0	0	0	0	GTGCC
chr7	55249026	1	G	0	1	0	0	0	0	0	0	0	0	0	TGCCG
chr7	55249027	1	C	0	1	0	0	0	0	0	0	0	0	0	GCCGC
chr7	55249028	1	C	0	1	0	0	0	0	0	0	0	0	0	CCGCC
chr7	55249029	1	G	0	1	0	0	0	0	0	0	0	0	0	CGCCT
chr7	55249030	1	C	0	1	0	0	0	0	0	0	0	0	0	GCCTG
chr7	55249031	1	C	0	1	0	0	0	0	0	0	0	0	0	CCTGC
chr7	55249032	1	T	0	1	0	0	0	0	0	0	0	0	0	CTGCT
chr7	55249033	1	G	0	1	0	0	0	0	0	0	0	0	0	TGCTG
chr7	55249034	1	C	0	1	0	0	0	0	0	0	0	0	0	GCTGG
chr7	55249035	1	T	0	1	0	0	0	0	0	0	0	0	0	CTGGG
chr7	55249036	1	G	0	1	0	0	0	0	0	0	0	0	0	TGGGC
chr7	55249037	1	G	0	1	0	0	0	0	0	0	0	0	0	GGGCA
chr7	55249038	1	G	0	1	0	0	0	0	0	0	0	0	0	GGCAT
chr7	55249039	1	C	0	1	0	0	0	0	0	0	0	0	0	GCATC
chr7	55249040	1	A	0	1	0	0	0	0	0	0	0	0	0	CATCT
chr7	55249041	1	T	0	1	0	0	0	0	0	0	0	0	0	ATCTG
chr7	55249042	1	C	0	1	0	0	0	0	0	0	0	0	0	TCTGC
chr7	55249043	1	T	0	1	0	0	0	0	0	0	0	0	0	CTGCC
chr7	55249044	1	G	0	1	0	0	0	0	0	0	0	0	0	TGCCT
chr7	55249045	1	C	0	1	0	0	0	0	0	0	0	0	0	GCCTC
chr7	55249046	1	C	0	1	0	0	0	0	0	0	0	0	0	CCTCA
chr7	55249047	1	T	0	1	0	0	0	0	0	0	0	0	0	CTCAC
chr7	55249048	1	C	0	1	0	0	0	0	0	0	0	0	0	TCACC
chr7	55249049	1	A	0	1	0	0	0	0	0	0	0	0	0	CACCT
chr7	55249050	1	C	0	1	0	0	0	0	0	0	0	0	0	ACCTC
chr7	55249051	1	C	0	1	0	0	0	0	0	0	0	0	0	CCTCC
chr7	55249052	1	T	0	1	0	0	0	0	0	0	0	0	0	CTCCA
chr7	55249053	1	C	0	1	0	0	0	0	0	0	0	0	0	TCCAC
chr7	55249054	1	C	0	1	0	0	0	0	0	0	0	0	0	CCACC
chr7	55249055	1	A	0	1	0	0	0	0	0	0	0	0	0	CACCG
chr7	55249056	1	C	0	1	0	0	0	0	0	0	0	0	0	ACCGT
chr7	55249057	1	C	0	1	0	0	0	0	0	0	0	0	0	CCGTG
chr7	55249058	1	G	0	1	0	0	0	0	0	0	0	0	0	CGTGC
chr7	55249059	1	T	0	1	0	0	0	0	0	0	0	0	0	GTGCA
chr7	55249060	1	G	0	1	0	0	0	0	0	0	0	0	0	TGCAG
chr7	55249061	1	C	0	1	0	0	0	0	0	0	0	0	0	GCAGC
chr7	55249062	1	A	0	1	0	0	0	0	0	0	0	0	0	CAGCT
chr7	55249063	1	G	0	0	0	1	0	0	0	0	0	0	0	AGCTC
chr7	55249064	1	C	0	1	0	0	0	0	0	0	0	0	0	GCTCA
chr7	55249065	1	T	0	1	0	0	0	0	0	0	0	0	0	CTCAT
chr7	55249066	1	C	0	1	0	0	0	0	0	0	0	0	0	TCATC
chr7	55249067	1	A	0	1	0	0	0	0	0	0	0	0	0	CATCA
chr7	55249068	1	T	0	1	0	0	0	0	0	0	0	0	0	ATCAC
chr7	55249069	1	C	0	1	0	0	0	0	0	0	0	0	0	TCACG
chr7	55249070	1	A	0	1	0	0	0	0	0	0	0	0	0	CACGC
chr7	55249071	1	C	0	1	0	0	0	0	0	0	0	0	0	ACGCA
chr7	55249072	1	G	0	1	0	0	0	0	0	0	0	0	0	CGCAG
chr7	55249073	1	C	0	1	0	0	0	0	0	0	0	0	0	GCAGC
chr7	55249074	1	A	0	1	0	0	0	0	0	0	0	0	0	CAGCT
chr7	55249075	1	G	0	1	0	0	0	0	0	0	0	0	0	AGCTC
chr7	55249076	1	C	0	1	0	0	0	0	0	0	0	0	0	GCTCA
chr7	55249077	1	T	0	1	0	0	0	0	0	0	0	0	0	CTCAT
chr7	55249078	1	C	0	1	0	0	0	0	0	0	0	0	0	TCATG
chr7	55249079	1	A	0	1	0	0	0	0	0	0	0	0	0	CATGC
chr7	55249080	1	T	0	1	0	0	0	0	0	0	0	0	0	ATGCC
chr7	55249081	1	G	0	1	0	0	0	0	0	0	0	0	0	TGCCC
chr7	55249082	1	C	0	1	0	0	0	0	0	0	0	0	0	GCCCT
chr7	55249083	1	C	0	1	0	0	0	0	0	0	0	0	0	CCCTT
chr7	55249084	1	C	0	1	0	0	0	0	0	0	0	0	0	CCTTC
chr7	55249085	1	T	0	1	0	0	0	0	0	0	0	0	0	CTTCG
chr7	55249086	1	T	0	1	0	0	0	0	0	0	0	0	0	TTCGG
chr7	55249087	1	C	0	1	0	0	0	0	0	0	0	0	0	TCGGC
chr7	55249088	1	G	0	1	0	0	0	0	0	0	0	0	0	CGGCT
chr7	55249089	1	G	0	1	0	0	0	0	0	0	0	0	0	GGCTG
chr7	55249090	1	C	0	1	0	0	0	0	0	0	0	0	0	GCTGC
chr7	55249091	1	T	0	1	0	0	0	0	0	0	0	0	0	CTGCC
chr7	55249092	1	G	0	1	0	0	0	0	0	0	0	0	0	TGCCT
chr7	55249093	1	C	0	1	0	0	0	0	0	0	0	0	0	GCCTC
chr7	55249094	1	C	0	1	0	0	0	0	0	0	0	0	0	CCTCC
chr7	55249095	1	T	0	1	0	0	0	0	0	0	0	0	0	CTCCT
chr7	55249096	1	C	0	1	0	0	0	0	0	0	0	0	0	TCCTG
chr7	55249097	1	C	0	1	0	0	0	0	0	0	0	0	0	CCTGG
chr7	55249098	1	T	0	1	0	0	0	0	0	0	0	0	0	CTGGA
chr7	55249099	1	G	0	1	0	0	0	0	0	0	0	0	0	TGGAC
chr7	55249100	1	G	0	1	0	0	0	0	0	0	0	0	0	GGACT
chr7	55249101	1	A	0	1	0	0	0	0	0	0	0	0	0	GACTA
chr7	55249102	1	C	0	1	0	0	0	0	0	0	0	0	0	ACTAT
chr7	55249103	1	T	0	1	0	0	0	0	0	0	0	0	0	CTATG
chr7	55249104	1	A	0	1	0	0	0	0	0	0	0	0	0	TATGT
chr7	55249105	1	T	0	1	0	0	0	0	0	0	0	0	0	ATGTC
chr7	55249106	1	G	0	1	0	0	0	0	0	0	0	0	0	TGTCC
chr7	55249107	1	T	0	1	0	0	0	0	0	0	0	0	0	GTCCG
chr7	55249108	1	C	0	1	0	0	0	0	0	0	0	0	0	TCCGG
chr7	55249109	1	C	0	1	0	0	0	0	0	0	0	0	0	CCGGG
chr7	55249110	1	G	0	1	0	0	0	0	0	0	0	0	0	CGGGA
chr7	55249111	1	G	0	1	0	0	0	0	0	0	0	0	0	GGGAA
chr7	55249112	1	G	0	1	0	0	0	0	0	0	0	0	0	GGAAC
chr7	55249113	1	A	0	1	0	0	0	0	0	0	0	0	0	GAACA
chr7	55249114	1	A	0	1	0	0	0	0	0	0	0	0	0	AACAC
chr7	55249115	1	C	0	1	0	0	0	0	0	0	0	0	0	ACACA
chr7	55249116	1	A	0	1	0	0	0	0	0	0	0	0	0	CACAA
chr7	55249117	1	C	0	1	0	0	0	0	0	0	0	0	0	ACAAA
chr7	55249118	1	A	0	1	0	0	0	0	0	0	0	0	0	CAAAG
chr7	55249119	1	A	0	1	0	0	0	0	0	0	0	0	0	AAAGA
chr7	55249120	1	A	0	1	0	0	0	0	0	0	0	0	0	AAGAC
chr7	55249121	1	G	0	1	0	0	0	0	0	0	0	0	0	AGACA
chr7	55259514	2	C	2	0	0	0	0	0	0	0	0	0	0	GCTGG
chr7	55259515	2	T	2	0	0	0	0	0	0	0	0	0	0	CTGGC
chr7	55259516	2	G	2	0	0	0	0	0	0	0	0	0	0	TGGCC
chr7	55259523	2	C	2	0	0	0	0	0	0	0	0	0	0	ACTGC
chr7	55259524	2	T	2	0	0	0	0	0	0	0	0	0	0	CTGCT
chr7	55259525	2	G	2	0	0	0	0	0	0	0	0	0	0	TGCTG
chr7	140453135	420	C	136	284	0	0	0	0	0	0	0	0	0	TCACT
chr7	140453136	424	A	136	288	0	0	0	0	0	0	0	0	0	CACTG
chr7	140453137	418	C	137	276	0	1	0	0	0	4	0	0	0	ACTGT
chr12	333081	1	G	1	0	0	0	0	0	0	0	0	0	76	GGTAT	nan	nan	nan	nan
chr12	25380274	517	C	328	189	0	0	0	0	0	0	0	0	0	TCTTG
chr12	25380275	520	T	329	191	0	0	0	0	0	0	0	0	0	CTTGA
chr12	25380276	519	T	327	190	0	0	2	0	0	0	0	0	0	TTGAC
chr12	25380277	521	G	332	188	1	0	0	0	0	0	0	0	0	TGACC
chr12	25380278	521	A	331	189	0	0	0	0	0	0	0	1	0	GACCT
chr12	25398283	443	A	125	317	0	0	0	0	1	0	0	0	0	CACCA
chr12	25398284	442	C	124	317	1	0	0	0	0	0	0	0	0	ACCAG
chr12	25398285	443	C	125	318	0	0	0	0	0	0	0	0	0	CCAGC
chr12	25398286	440	A	124	316	0	0	0	0	0	0	0	0	0	CAGCT
