CHR	POS	DEPTH	REF	R+	R-	A+	A-	C+	C-	T+	T-	G+	G-	PAD	MOTIF
chr7	1022830	1	C	0	1	0	0	0	0	0	0	0	0	17	CCTCA	nan	nan	nan	nan
chr7	55249035	1	T	0	1	0	0	0	0	0	0	0	0	0	CTGGG
chr7	55249036	1	G	0	1	0	0	0	0	0	0	0	0	0	TGGGC
chr7	55249037	1	G	0	1	0	0	0	0	0	0	0	0	0	GGGCA
chr7	55249038	1	G	0	1	0	0	0	0	0	0	0	0	0	GGCAT
chr7	55249039	1	C	0	1	0	0	0	0	0	0	0	0	0	GCATC
chr7	55249040	1	A	0	1	0	0	0	0	0	0	0	0	0	CATCT
chr7	55249041	1	T	0	1	0	0	0	0	0	0	0	0	0	ATCTG
chr7	55249042	1	C	0	1	0	0	0	0	0	0	0	0	0	TCTGC
chr7	55249043	1	T	0	1	0	0	0	0	0	0	0	0	0	CTGCC
chr7	55249044	1	G	0	1	0	0	0	0	0	0	0	0	0	TGCCT
chr7	55249045	1	C	0	1	0	0	0	0	0	0	0	0	0	GCCTC
chr7	55249046	1	C	0	1	0	0	0	0	0	0	0	0	0	CCTCA
chr7	55249047	1	T	0	1	0	0	0	0	0	0	0	0	0	CTCAC
chr7	55249048	1	C	0	1	0	0	0	0	0	0	0	0	0	TCACC
chr7	55249049	1	A	0	1	0	0	0	0	0	0	0	0	0	CACCT
chr7	55249050	1	C	0	1	0	0	0	0	0	0	0	0	0	ACCTC
chr7	55249051	1	C	0	1	0	0	0	0	0	0	0	0	0	CCTCC
chr7	55249052	1	T	0	1	0	0	0	0	0	0	0	0	0	CTCCA
chr7	55249053	1	C	0	1	0	0	0	0	0	0	0	0	0	TCCAC
chr7	55249054	1	C	0	1	0	0	0	0	0	0	0	0	0	CCACC
chr7	55249055	1	A	0	1	0	0	0	0	0	0	0	0	0	CACCG
chr7	55249056	1	C	0	1	0	0	0	0	0	0	0	0	0	ACCGT
chr7	55249057	1	C	0	1	0	0	0	0	0	0	0	0	0	CCGTG
chr7	55249058	1	G	0	1	0	0	0	0	0	0	0	0	0	CGTGC
chr7	55249059	1	T	0	1	0	0	0	0	0	0	0	0	0	GTGCA
chr7	55249060	1	G	0	1	0	0	0	0	0	0	0	0	0	TGCAG
chr7	55249061	1	C	0	1	0	0	0	0	0	0	0	0	0	GCAGC
chr7	55249062	1	A	0	1	0	0	0	0	0	0	0	0	0	CAGCT
chr7	55249063	1	G	0	1	0	0	0	0	0	0	0	0	0	AGCTC
chr7	55249064	1	C	0	1	0	0	0	0	0	0	0	0	0	GCTCA
chr7	55249065	1	T	0	1	0	0	0	0	0	0	0	0	0	CTCAT
chr7	55249066	1	C	0	1	0	0	0	0	0	0	0	0	0	TCATC
chr7	55249067	1	A	0	1	0	0	0	0	0	0	0	0	0	CATCA
chr7	55249068	1	T	0	1	0	0	0	0	0	0	0	0	0	ATCAC
chr7	55249069	1	C	0	1	0	0	0	0	0	0	0	0	0	TCACG
chr7	55249070	1	A	0	1	0	0	0	0	0	0	0	0	0	CACGC
chr7	55249071	1	C	0	1	0	0	0	0	0	0	0	0	0	ACGCA
chr7	55249072	1	G	0	1	0	0	0	0	0	0	0	0	0	CGCAG
chr7	55249073	1	C	0	1	0	0	0	0	0	0	0	0	0	GCAGC
chr7	55249074	1	A	0	1	0	0	0	0	0	0	0	0	0	CAGCT
chr7	55249075	1	G	0	1	0	0	0	0	0	0	0	0	0	AGCTC
chr7	55249076	1	C	0	1	0	0	0	0	0	0	0	0	0	GCTCA
chr7	55249077	1	T	0	1	0	0	0	0	0	0	0	0	0	CTCAT
chr7	55249078	2	C	0	2	0	0	0	0	0	0	0	0	0	TCATG
chr7	55249079	2	A	0	2	0	0	0	0	0	0	0	0	0	CATGC
chr7	55249080	2	T	0	2	0	0	0	0	0	0	0	0	0	ATGCC
chr7	55249081	2	G	0	2	0	0	0	0	0	0	0	0	0	TGCCC
chr7	55249082	2	C	0	2	0	0	0	0	0	0	0	0	0	GCCCT
chr7	55249083	2	C	0	2	0	0	0	0	0	0	0	0	0	CCCTT
chr7	55249084	2	C	0	2	0	0	0	0	0	0	0	0	0	CCTTC
chr7	55249085	2	T	0	2	0	0	0	0	0	0	0	0	0	CTTCG
chr7	55249086	2	T	0	2	0	0	0	0	0	0	0	0	0	TTCGG
chr7	55249087	2	C	0	2	0	0	0	0	0	0	0	0	0	TCGGC
chr7	55249088	2	G	0	2	0	0	0	0	0	0	0	0	0	CGGCT
chr7	55249089	2	G	0	2	0	0	0	0	0	0	0	0	0	GGCTG
chr7	55249090	2	C	0	2	0	0	0	0	0	0	0	0	0	GCTGC
chr7	55249091	2	T	0	2	0	0	0	0	0	0	0	0	0	CTGCC
chr7	55249092	2	G	0	2	0	0	0	0	0	0	0	0	0	TGCCT
chr7	55249093	2	C	0	2	0	0	0	0	0	0	0	0	0	GCCTC
chr7	55249094	2	C	0	2	0	0	0	0	0	0	0	0	0	CCTCC
chr7	55249095	2	T	0	2	0	0	0	0	0	0	0	0	0	CTCCT
chr7	55249096	2	C	0	2	0	0	0	0	0	0	0	0	0	TCCTG
chr7	55249097	2	C	0	2	0	0	0	0	0	0	0	0	0	CCTGG
chr7	55249098	2	T	0	2	0	0	0	0	0	0	0	0	0	CTGGA
chr7	55249099	2	G	0	2	0	0	0	0	0	0	0	0	0	TGGAC
chr7	55249100	2	G	0	2	0	0	0	0	0	0	0	0	0	GGACT
chr7	55249101	2	A	0	2	0	0	0	0	0	0	0	0	0	GACTA
chr7	55249102	2	C	0	2	0	0	0	0	0	0	0	0	0	ACTAT
chr7	55249103	2	T	0	2	0	0	0	0	0	0	0	0	0	CTATG
chr7	55249104	2	A	0	2	0	0	0	0	0	0	0	0	0	TATGT
chr7	55249105	2	T	0	2	0	0	0	0	0	0	0	0	0	ATGTC
chr7	55249106	2	G	0	2	0	0	0	0	0	0	0	0	0	TGTCC
chr7	55249107	2	T	0	2	0	0	0	0	0	0	0	0	0	GTCCG
chr7	55249108	2	C	0	2	0	0	0	0	0	0	0	0	0	TCCGG
chr7	55249109	2	C	0	2	0	0	0	0	0	0	0	0	0	CCGGG
chr7	55249110	2	G	0	2	0	0	0	0	0	0	0	0	0	CGGGA
chr7	55249111	2	G	0	2	0	0	0	0	0	0	0	0	0	GGGAA
chr7	55249112	2	G	0	2	0	0	0	0	0	0	0	0	0	GGAAC
chr7	55249113	2	A	0	2	0	0	0	0	0	0	0	0	0	GAACA
chr7	55249114	2	A	0	2	0	0	0	0	0	0	0	0	0	AACAC
chr7	55249115	2	C	0	2	0	0	0	0	0	0	0	0	0	ACACA
chr7	55249116	2	A	0	2	0	0	0	0	0	0	0	0	0	CACAA
chr7	55249117	2	C	0	2	0	0	0	0	0	0	0	0	0	ACAAA
chr7	55249118	2	A	0	2	0	0	0	0	0	0	0	0	0	CAAAG
chr7	55249119	2	A	0	2	0	0	0	0	0	0	0	0	0	AAAGA
chr7	55249120	2	A	0	2	0	0	0	0	0	0	0	0	0	AAGAC
chr7	55249121	2	G	0	2	0	0	0	0	0	0	0	0	0	AGACA
chr7	55249122	2	A	0	2	0	0	0	0	0	0	0	0	0	GACAA
chr7	55249123	2	C	0	2	0	0	0	0	0	0	0	0	0	ACAAT
chr7	55249124	2	A	0	2	0	0	0	0	0	0	0	0	0	CAATA
chr7	55249125	2	A	0	2	0	0	0	0	0	0	0	0	0	AATAT
chr7	55249126	2	T	0	2	0	0	0	0	0	0	0	0	0	ATATT
chr7	55249127	2	A	0	2	0	0	0	0	0	0	0	0	0	TATTG
chr7	55249128	2	T	0	2	0	0	0	0	0	0	0	0	0	ATTGG
chr7	55249129	2	T	0	2	0	0	0	0	0	0	0	0	0	TTGGC
chr7	55249130	2	G	0	2	0	0	0	0	0	0	0	0	0	TGGCT
chr7	55249131	2	G	0	2	0	0	0	0	0	0	0	0	0	GGCTC
chr7	55249132	2	C	0	2	0	0	0	0	0	0	0	0	0	GCTCC
chr7	55249133	2	T	0	2	0	0	0	0	0	0	0	0	0	CTCCC
chr7	55249134	2	C	0	2	0	0	0	0	0	0	0	0	0	TCCCA
chr7	55249135	2	C	1	1	0	0	0	0	0	0	0	0	0	CCCAG
chr7	55249136	2	C	1	1	0	0	0	0	0	0	0	0	0	CCAGT
chr7	55249137	2	A	1	1	0	0	0	0	0	0	0	0	0	CAGTA
chr7	55249138	2	G	1	1	0	0	0	0	0	0	0	0	0	AGTAC
chr7	55249139	2	T	1	1	0	0	0	0	0	0	0	0	0	GTACC
chr7	55249140	2	A	1	1	0	0	0	0	0	0	0	0	0	TACCT
chr7	55249141	2	C	1	1	0	0	0	0	0	0	0	0	0	ACCTG
chr7	55249142	2	C	1	1	0	0	0	0	0	0	0	0	0	CCTGC
chr7	55249143	2	T	1	1	0	0	0	0	0	0	0	0	0	CTGCT
chr7	55249144	2	G	1	1	0	0	0	0	0	0	0	0	0	TGCTC
chr7	55249145	1	C	0	1	0	0	0	0	0	0	0	0	0	GCTCA
chr7	55249146	1	T	0	1	0	0	0	0	0	0	0	0	0	CTCAA
chr7	55249147	1	C	0	1	0	0	0	0	0	0	0	0	0	TCAAC
chr7	55249148	1	A	0	1	0	0	0	0	0	0	0	0	0	CAACT
chr7	55249149	1	A	0	1	0	0	0	0	0	0	0	0	0	AACTG
chr7	55249150	1	C	0	1	0	0	0	0	0	0	0	0	0	ACTGG
chr7	55249151	1	T	0	1	0	0	0	0	0	0	0	0	0	CTGGT
chr7	55249152	1	G	0	1	0	0	0	0	0	0	0	0	0	TGGTG
chr7	55249153	1	G	0	1	0	0	0	0	0	0	0	0	0	GGTGT
chr7	55249154	1	T	0	1	0	0	0	0	0	0	0	0	0	GTGTG
chr7	55249155	1	G	0	1	0	0	0	0	0	0	0	0	0	TGTGT
chr7	55249156	1	T	0	1	0	0	0	0	0	0	0	0	0	GTGTG
chr7	55249157	1	G	0	1	0	0	0	0	0	0	0	0	0	TGTGC
chr7	55249158	1	T	1	0	0	0	0	0	0	0	0	0	0	GTGCA
chr7	55249159	1	G	1	0	0	0	0	0	0	0	0	0	0	TGCAG
chr7	55249160	1	C	1	0	0	0	0	0	0	0	0	0	0	GCAGA
chr7	55249161	1	A	1	0	0	0	0	0	0	0	0	0	0	CAGAT
chr7	55249162	1	G	1	0	0	0	0	0	0	0	0	0	0	AGATC
chr7	55249163	1	A	1	0	0	0	0	0	0	0	0	0	0	GATCG
chr7	55249164	1	T	1	0	0	0	0	0	0	0	0	0	0	ATCGC
chr7	55249165	1	C	1	0	0	0	0	0	0	0	0	0	0	TCGCA
chr7	55249166	1	G	1	0	0	0	0	0	0	0	0	0	0	CGCAA
chr7	55249167	1	C	1	0	0	0	0	0	0	0	0	0	0	GCAAA
chr7	140453135	119	C	39	80	0	0	0	0	0	0	0	0	0	TCACT
chr7	140453136	116	A	37	79	0	0	0	0	0	0	0	0	0	CACTG
chr7	140453137	118	C	39	78	0	0	0	0	0	1	0	0	0	ACTGT
chr12	332261	1	G	1	0	0	0	0	0	0	0	0	0	36	AGAGG	nan	nan	nan	nan
chr12	25380274	159	C	115	44	0	0	0	0	0	0	0	0	0	TCTTG
chr12	25380275	158	T	115	43	0	0	0	0	0	0	0	0	0	CTTGA
chr12	25380276	161	T	117	44	0	0	0	0	0	0	0	0	0	TTGAC
chr12	25380277	158	G	117	41	0	0	0	0	0	0	0	0	0	TGACC
chr12	25380278	155	A	116	39	0	0	0	0	0	0	0	0	0	GACCT
chr12	25398283	215	A	74	141	0	0	0	0	0	0	0	0	0	CACCA
chr12	25398284	215	C	73	142	0	0	0	0	0	0	0	0	0	ACCAG
chr12	25398285	215	C	75	140	0	0	0	0	0	0	0	0	0	CCAGC
chr12	25398286	215	A	74	141	0	0	0	0	0	0	0	0	0	CAGCT
