CHR	POS	DEPTH	REF	R+	R-	A+	A-	C+	C-	T+	T-	G+	G-	PAD	MOTIF
chr7	1022523	1	G	0	1	0	0	0	0	0	0	0	0	324	GGCCT
chr7	55241706	29	G	7	21	0	0	0	0	0	1	0	0	0	TGGGC
chr7	55241707	29	G	7	22	0	0	0	0	0	0	0	0	0	GGGCT
chr7	55241708	29	G	7	22	0	0	0	0	0	0	0	0	0	GGCTC
chr7	55241709	29	C	7	22	0	0	0	0	0	0	0	0	0	GCTCC
chr7	55242415	20	G	6	14	0	0	0	0	0	0	0	0	0	GGGAC
chr7	55242416	20	G	6	14	0	0	0	0	0	0	0	0	0	GGACT
chr7	55242417	20	A	6	14	0	0	0	0	0	0	0	0	0	GACTC
chr7	55242418	20	C	6	14	0	0	0	0	0	0	0	0	0	ACTCT
chr7	55242419	20	T	6	14	0	0	0	0	0	0	0	0	0	CTCTG
chr7	55242420	20	C	6	14	0	0	0	0	0	0	0	0	0	TCTGG
chr7	55242421	19	T	5	14	0	0	0	0	0	0	0	0	0	CTGGA
chr7	55242422	20	G	6	14	0	0	0	0	0	0	0	0	0	TGGAT
chr7	55242423	20	G	6	14	0	0	0	0	0	0	0	0	0	GGATC
chr7	55242424	20	A	6	14	0	0	0	0	0	0	0	0	0	GATCC
chr7	55242425	20	T	6	14	0	0	0	0	0	0	0	0	0	ATCCC
chr7	55242426	20	C	6	14	0	0	0	0	0	0	0	0	0	TCCCA
chr7	55242427	20	C	6	14	0	0	0	0	0	0	0	0	0	CCCAG
chr7	55242428	20	C	6	14	0	0	0	0	0	0	0	0	0	CCAGA
chr7	55242429	21	A	6	15	0	0	0	0	0	0	0	0	0	CAGAA
chr7	55242430	21	G	6	15	0	0	0	0	0	0	0	0	0	AGAAG
chr7	55242431	21	A	6	15	0	0	0	0	0	0	0	0	0	GAAGG
chr7	55242432	21	A	6	15	0	0	0	0	0	0	0	0	0	AAGGT
chr7	55242433	24	G	7	17	0	0	0	0	0	0	0	0	0	AGGTG
chr7	55242434	25	G	8	17	0	0	0	0	0	0	0	0	0	GGTGA
chr7	55242435	25	T	7	18	0	0	0	0	0	0	0	0	0	GTGAG
chr7	55242436	31	G	9	22	0	0	0	0	0	0	0	0	0	TGAGA
chr7	55242437	32	A	9	23	0	0	0	0	0	0	0	0	0	GAGAA
chr7	55242438	32	G	9	23	0	0	0	0	0	0	0	0	0	AGAAA
chr7	55242439	33	A	9	24	0	0	0	0	0	0	0	0	0	GAAAG
chr7	55242440	32	A	8	24	0	0	0	0	0	0	0	0	0	AAAGT
chr7	55242441	33	A	9	24	0	0	0	0	0	0	0	0	0	AAGTT
chr7	55242442	37	G	14	23	0	0	0	0	0	0	0	0	0	AGTTA
chr7	55242443	38	T	16	22	0	0	0	0	0	0	0	0	0	GTTAA
chr7	55242444	39	T	16	23	0	0	0	0	0	0	0	0	0	TTAAA
chr7	55242445	39	A	16	23	0	0	0	0	0	0	0	0	0	TAAAA
chr7	55242446	39	A	16	23	0	0	0	0	0	0	0	0	0	AAAAT
chr7	55242447	38	A	16	22	0	0	0	0	0	0	0	0	0	AAATT
chr7	55242448	41	A	18	23	0	0	0	0	0	0	0	0	0	AATTC
chr7	55242449	44	T	20	24	0	0	0	0	0	0	0	0	0	ATTCC
chr7	55242450	44	T	20	24	0	0	0	0	0	0	0	0	0	TTCCC
chr7	55242451	40	C	16	24	0	0	0	0	0	0	0	0	0	TCCCG
chr7	55242452	40	C	16	24	0	0	0	0	0	0	0	0	0	CCCGT
chr7	55242453	39	C	15	24	0	0	0	0	0	0	0	0	0	CCGTC
chr7	55242454	38	G	14	24	0	0	0	0	0	0	0	0	0	CGTCG
chr7	55242455	38	T	14	24	0	0	0	0	0	0	0	0	0	GTCGC
chr7	55242456	38	C	14	24	0	0	0	0	0	0	0	0	0	TCGCT
chr7	55242457	38	G	14	24	0	0	0	0	0	0	0	0	0	CGCTA
chr7	55242458	38	C	14	24	0	0	0	0	0	0	0	0	0	GCTAT
chr7	55242459	38	T	14	23	0	0	0	1	0	0	0	0	0	CTATC
chr7	55242460	38	A	14	24	0	0	0	0	0	0	0	0	0	TATCA
chr7	55242461	38	T	14	24	0	0	0	0	0	0	0	0	0	ATCAA
chr7	55242462	38	C	14	24	0	0	0	0	0	0	0	0	0	TCAAG
chr7	55242463	38	A	14	23	0	0	0	0	0	0	1	0	0	CAAGG
chr7	55242464	38	A	15	23	0	0	0	0	0	0	0	0	0	AAGGA
chr7	55242465	37	G	13	24	0	0	0	0	0	0	0	0	0	AGGAA
chr7	55242466	37	G	13	24	0	0	0	0	0	0	0	0	0	GGAAT
chr7	55242467	37	A	12	25	0	0	0	0	0	0	0	0	0	GAATT
chr7	55242468	38	A	12	26	0	0	0	0	0	0	0	0	0	AATTA
chr7	55242469	38	T	12	26	0	0	0	0	0	0	0	0	0	ATTAA
chr7	55242470	38	T	13	25	0	0	0	0	0	0	0	0	0	TTAAG
chr7	55242471	39	A	13	26	0	0	0	0	0	0	0	0	0	TAAGA
chr7	55242472	39	A	13	26	0	0	0	0	0	0	0	0	0	AAGAG
chr7	55242473	38	G	13	25	0	0	0	0	0	0	0	0	0	AGAGA
chr7	55242474	40	A	13	27	0	0	0	0	0	0	0	0	0	GAGAA
chr7	55242475	41	G	14	27	0	0	0	0	0	0	0	0	0	AGAAG
chr7	55242476	42	A	16	26	0	0	0	0	0	0	0	0	0	GAAGC
chr7	55242477	42	A	16	26	0	0	0	0	0	0	0	0	0	AAGCA
chr7	55242478	44	G	15	29	0	0	0	0	0	0	0	0	0	AGCAA
chr7	55242479	43	C	15	28	0	0	0	0	0	0	0	0	0	GCAAC
chr7	55242480	42	A	14	28	0	0	0	0	0	0	0	0	0	CAACA
chr7	55242481	42	A	14	28	0	0	0	0	0	0	0	0	0	AACAT
chr7	55242482	42	C	14	28	0	0	0	0	0	0	0	0	0	ACATC
chr7	55242483	42	A	14	28	0	0	0	0	0	0	0	0	0	CATCT
chr7	55242484	40	T	14	26	0	0	0	0	0	0	0	0	0	ATCTC
chr7	55242485	40	C	16	24	0	0	0	0	0	0	0	0	0	TCTCC
chr7	55242486	40	T	16	24	0	0	0	0	0	0	0	0	0	CTCCG
chr7	55242487	39	C	15	24	0	0	0	0	0	0	0	0	0	TCCGA
chr7	55242488	39	C	15	24	0	0	0	0	0	0	0	0	0	CCGAA
chr7	55242489	38	G	15	23	0	0	0	0	0	0	0	0	0	CGAAA
chr7	55242490	38	A	15	23	0	0	0	0	0	0	0	0	0	GAAAG
chr7	55242491	38	A	15	23	0	0	0	0	0	0	0	0	0	AAAGC
chr7	55242492	38	A	15	23	0	0	0	0	0	0	0	0	0	AAGCC
chr7	55242493	38	G	15	23	0	0	0	0	0	0	0	0	0	AGCCA
chr7	55242494	37	C	14	23	0	0	0	0	0	0	0	0	0	GCCAA
chr7	55242495	37	C	14	23	0	0	0	0	0	0	0	0	0	CCAAC
chr7	55242496	37	A	14	23	0	0	0	0	0	0	0	0	0	CAACA
chr7	55242497	38	A	14	24	0	0	0	0	0	0	0	0	0	AACAA
chr7	55242498	38	C	14	24	0	0	0	0	0	0	0	0	0	ACAAG
chr7	55242499	37	A	13	24	0	0	0	0	0	0	0	0	0	CAAGG
chr7	55242500	37	A	13	24	0	0	0	0	0	0	0	0	0	AAGGA
chr7	55242501	37	G	13	24	0	0	0	0	0	0	0	0	0	AGGAA
chr7	55242502	37	G	13	24	0	0	0	0	0	0	0	0	0	GGAAA
chr7	55242503	37	A	13	24	0	0	0	0	0	0	0	0	0	GAAAT
chr7	55242504	37	A	13	24	0	0	0	0	0	0	0	0	0	AAATC
chr7	55242505	37	A	13	24	0	0	0	0	0	0	0	0	0	AATCC
chr7	55242506	37	T	13	24	0	0	0	0	0	0	0	0	0	ATCCT
chr7	55242507	37	C	13	24	0	0	0	0	0	0	0	0	0	TCCTC
chr7	55242508	37	C	13	24	0	0	0	0	0	0	0	0	0	CCTCG
chr7	55242509	37	T	15	22	0	0	0	0	0	0	0	0	0	CTCGA
chr7	55242510	36	C	14	22	0	0	0	0	0	0	0	0	0	TCGAT
chr7	55242511	37	G	15	22	0	0	0	0	0	0	0	0	0	CGATG
chr7	55242512	37	A	15	22	0	0	0	0	0	0	0	0	0	GATGT
chr7	55242513	37	T	15	22	0	0	0	0	0	0	0	0	0	ATGTG
chr7	55248986	21	G	5	16	0	0	0	0	0	0	0	0	0	GGAAG
chr7	55248987	21	A	5	16	0	0	0	0	0	0	0	0	0	GAAGC
chr7	55248988	21	A	5	16	0	0	0	0	0	0	0	0	0	AAGCC
chr7	55248989	21	G	5	16	0	0	0	0	0	0	0	0	0	AGCCT
chr7	55248990	21	C	5	16	0	0	0	0	0	0	0	0	0	GCCTA
chr7	55248991	21	C	5	16	0	0	0	0	0	0	0	0	0	CCTAC
chr7	55248992	20	T	4	16	0	0	0	0	0	0	0	0	0	CTACG
chr7	55248993	21	A	5	16	0	0	0	0	0	0	0	0	0	TACGT
chr7	55248994	21	C	5	16	0	0	0	0	0	0	0	0	0	ACGTG
chr7	55248995	22	G	5	17	0	0	0	0	0	0	0	0	0	CGTGA
chr7	55248996	22	T	5	17	0	0	0	0	0	0	0	0	0	GTGAT
chr7	55248997	22	G	5	17	0	0	0	0	0	0	0	0	0	TGATG
chr7	55248998	22	A	5	17	0	0	0	0	0	0	0	0	0	GATGG
chr7	55248999	22	T	5	17	0	0	0	0	0	0	0	0	0	ATGGC
chr7	55249000	22	G	5	17	0	0	0	0	0	0	0	0	0	TGGCC
chr7	55249001	22	G	5	17	0	0	0	0	0	0	0	0	0	GGCCA
chr7	55249002	23	C	5	18	0	0	0	0	0	0	0	0	0	GCCAG
chr7	55249003	23	C	5	18	0	0	0	0	0	0	0	0	0	CCAGC
chr7	55249004	23	A	5	18	0	0	0	0	0	0	0	0	0	CAGCG
chr7	55249005	24	G	5	19	0	0	0	0	0	0	0	0	0	AGCGT
chr7	55249006	24	C	5	19	0	0	0	0	0	0	0	0	0	GCGTG
chr7	55249007	23	G	5	18	0	0	0	0	0	0	0	0	0	CGTGG
chr7	55249008	24	T	5	19	0	0	0	0	0	0	0	0	0	GTGGA
chr7	55249009	24	G	4	20	0	0	0	0	0	0	0	0	0	TGGAC
chr7	55249010	24	G	4	20	0	0	0	0	0	0	0	0	0	GGACA
chr7	55249011	24	A	4	20	0	0	0	0	0	0	0	0	0	GACAA
chr7	55249012	25	C	5	20	0	0	0	0	0	0	0	0	0	ACAAC
chr7	55249013	25	A	5	20	0	0	0	0	0	0	0	0	0	CAACC
chr7	55249014	25	A	5	20	0	0	0	0	0	0	0	0	0	AACCC
chr7	55249015	24	C	5	19	0	0	0	0	0	0	0	0	0	ACCCC
chr7	55249016	24	C	5	19	0	0	0	0	0	0	0	0	0	CCCCC
chr7	55249017	24	C	6	18	0	0	0	0	0	0	0	0	0	CCCCA
chr7	55249018	24	C	6	18	0	0	0	0	0	0	0	0	0	CCCAC
chr7	55249019	24	C	6	18	0	0	0	0	0	0	0	0	0	CCACG
chr7	55249020	25	A	7	18	0	0	0	0	0	0	0	0	0	CACGT
chr7	55249021	25	C	8	17	0	0	0	0	0	0	0	0	0	ACGTG
chr7	55249022	25	G	8	17	0	0	0	0	0	0	0	0	0	CGTGT
chr7	55249023	25	T	8	17	0	0	0	0	0	0	0	0	0	GTGTG
chr7	55249024	26	G	7	19	0	0	0	0	0	0	0	0	0	TGTGC
chr7	55249025	25	T	7	18	0	0	0	0	0	0	0	0	0	GTGCC
chr7	55249026	27	G	9	18	0	0	0	0	0	0	0	0	0	TGCCG
chr7	55249027	27	C	8	19	0	0	0	0	0	0	0	0	0	GCCGC
chr7	55249028	27	C	8	19	0	0	0	0	0	0	0	0	0	CCGCC
chr7	55249029	27	G	8	19	0	0	0	0	0	0	0	0	0	CGCCT
chr7	55249030	25	C	6	19	0	0	0	0	0	0	0	0	0	GCCTG
chr7	55249031	25	C	6	19	0	0	0	0	0	0	0	0	0	CCTGC
chr7	55249032	25	T	6	19	0	0	0	0	0	0	0	0	0	CTGCT
chr7	55249033	25	G	6	19	0	0	0	0	0	0	0	0	0	TGCTG
chr7	55249034	25	C	6	19	0	0	0	0	0	0	0	0	0	GCTGG
chr7	55249035	25	T	6	19	0	0	0	0	0	0	0	0	0	CTGGG
chr7	55249036	25	G	10	15	0	0	0	0	0	0	0	0	0	TGGGC
chr7	55249037	25	G	10	15	0	0	0	0	0	0	0	0	0	GGGCA
chr7	55249038	25	G	10	15	0	0	0	0	0	0	0	0	0	GGCAT
chr7	55249039	23	C	10	13	0	0	0	0	0	0	0	0	0	GCATC
chr7	55249040	23	A	10	13	0	0	0	0	0	0	0	0	0	CATCT
chr7	55249041	23	T	10	13	0	0	0	0	0	0	0	0	0	ATCTG
chr7	55249042	24	C	10	14	0	0	0	0	0	0	0	0	0	TCTGC
chr7	55249043	23	T	9	14	0	0	0	0	0	0	0	0	0	CTGCC
chr7	55249044	23	G	8	15	0	0	0	0	0	0	0	0	0	TGCCT
chr7	55249045	21	C	6	15	0	0	0	0	0	0	0	0	0	GCCTC
chr7	55249046	25	C	5	20	0	0	0	0	0	0	0	0	0	CCTCA
chr7	55249047	26	T	7	19	0	0	0	0	0	0	0	0	0	CTCAC
chr7	55249048	26	C	7	19	0	0	0	0	0	0	0	0	0	TCACC
chr7	55249049	26	A	7	19	0	0	0	0	0	0	0	0	0	CACCT
chr7	55249050	26	C	7	19	0	0	0	0	0	0	0	0	0	ACCTC
chr7	55249051	26	C	6	20	0	0	0	0	0	0	0	0	0	CCTCC
chr7	55249052	25	T	6	19	0	0	0	0	0	0	0	0	0	CTCCA
chr7	55249053	26	C	6	20	0	0	0	0	0	0	0	0	0	TCCAC
chr7	55249054	26	C	6	20	0	0	0	0	0	0	0	0	0	CCACC
chr7	55249055	26	A	6	20	0	0	0	0	0	0	0	0	0	CACCG
chr7	55249056	25	C	5	20	0	0	0	0	0	0	0	0	0	ACCGT
chr7	55249057	26	C	6	20	0	0	0	0	0	0	0	0	0	CCGTG
chr7	55249058	26	G	5	21	0	0	0	0	0	0	0	0	0	CGTGC
chr7	55249059	25	T	6	19	0	0	0	0	0	0	0	0	0	GTGCA
chr7	55249060	25	G	6	19	0	0	0	0	0	0	0	0	0	TGCAG
chr7	55249061	25	C	6	19	0	0	0	0	0	0	0	0	0	GCAGC
chr7	55249062	25	A	6	19	0	0	0	0	0	0	0	0	0	CAGCT
chr7	55249063	25	G	4	8	2	11	0	0	0	0	0	0	0	AGCTC
chr7	55249064	26	C	6	20	0	0	0	0	0	0	0	0	0	GCTCA
chr7	55249065	26	T	6	20	0	0	0	0	0	0	0	0	0	CTCAT
chr7	55249066	26	C	6	20	0	0	0	0	0	0	0	0	0	TCATC
chr7	55249067	26	A	6	20	0	0	0	0	0	0	0	0	0	CATCA
chr7	55249068	26	T	6	20	0	0	0	0	0	0	0	0	0	ATCAC
chr7	55249069	25	C	5	20	0	0	0	0	0	0	0	0	0	TCACG
chr7	55249070	25	A	5	20	0	0	0	0	0	0	0	0	0	CACGC
chr7	55249071	25	C	5	20	0	0	0	0	0	0	0	0	0	ACGCA
chr7	55249072	26	G	5	21	0	0	0	0	0	0	0	0	0	CGCAG
chr7	55249073	27	C	6	21	0	0	0	0	0	0	0	0	0	GCAGC
chr7	55249074	27	A	6	21	0	0	0	0	0	0	0	0	0	CAGCT
chr7	55249075	27	G	8	19	0	0	0	0	0	0	0	0	0	AGCTC
chr7	55249076	27	C	8	19	0	0	0	0	0	0	0	0	0	GCTCA
chr7	55249077	27	T	7	19	1	0	0	0	0	0	0	0	0	CTCAT
chr7	55249078	26	C	8	18	0	0	0	0	0	0	0	0	0	TCATG
chr7	55249079	24	A	7	17	0	0	0	0	0	0	0	0	0	CATGC
chr7	55249080	24	T	6	17	0	0	1	0	0	0	0	0	0	ATGCC
chr7	55249081	24	G	6	18	0	0	0	0	0	0	0	0	0	TGCCC
chr7	55249082	25	C	7	18	0	0	0	0	0	0	0	0	0	GCCCT
chr7	55249083	25	C	7	18	0	0	0	0	0	0	0	0	0	CCCTT
chr7	55249084	25	C	7	18	0	0	0	0	0	0	0	0	0	CCTTC
chr7	55249085	26	T	8	18	0	0	0	0	0	0	0	0	0	CTTCG
chr7	55249086	26	T	8	18	0	0	0	0	0	0	0	0	0	TTCGG
chr7	55249087	26	C	8	18	0	0	0	0	0	0	0	0	0	TCGGC
chr7	55249088	25	G	7	18	0	0	0	0	0	0	0	0	0	CGGCT
chr7	55249089	24	G	7	17	0	0	0	0	0	0	0	0	0	GGCTG
chr7	55249090	25	C	7	18	0	0	0	0	0	0	0	0	0	GCTGC
chr7	55249091	25	T	7	18	0	0	0	0	0	0	0	0	0	CTGCC
chr7	55249092	25	G	7	18	0	0	0	0	0	0	0	0	0	TGCCT
chr7	55249093	24	C	7	17	0	0	0	0	0	0	0	0	0	GCCTC
chr7	55249094	23	C	7	16	0	0	0	0	0	0	0	0	0	CCTCC
chr7	55249095	23	T	7	16	0	0	0	0	0	0	0	0	0	CTCCT
chr7	55249096	23	C	7	16	0	0	0	0	0	0	0	0	0	TCCTG
chr7	55249097	22	C	7	15	0	0	0	0	0	0	0	0	0	CCTGG
chr7	55249098	22	T	7	15	0	0	0	0	0	0	0	0	0	CTGGA
chr7	55249099	22	G	7	15	0	0	0	0	0	0	0	0	0	TGGAC
chr7	55249100	23	G	7	16	0	0	0	0	0	0	0	0	0	GGACT
chr7	55249101	23	A	7	16	0	0	0	0	0	0	0	0	0	GACTA
chr7	55249102	23	C	7	16	0	0	0	0	0	0	0	0	0	ACTAT
chr7	55249103	23	T	7	16	0	0	0	0	0	0	0	0	0	CTATG
chr7	55249104	23	A	7	16	0	0	0	0	0	0	0	0	0	TATGT
chr7	55249105	24	T	7	17	0	0	0	0	0	0	0	0	0	ATGTC
chr7	55249106	24	G	7	17	0	0	0	0	0	0	0	0	0	TGTCC
chr7	55249107	24	T	7	17	0	0	0	0	0	0	0	0	0	GTCCG
chr7	55249108	24	C	7	17	0	0	0	0	0	0	0	0	0	TCCGG
chr7	55249109	24	C	7	17	0	0	0	0	0	0	0	0	0	CCGGG
chr7	55249110	24	G	7	17	0	0	0	0	0	0	0	0	0	CGGGA
chr7	55249111	24	G	7	17	0	0	0	0	0	0	0	0	0	GGGAA
chr7	55249112	24	G	8	16	0	0	0	0	0	0	0	0	0	GGAAC
chr7	55249113	24	A	8	16	0	0	0	0	0	0	0	0	0	GAACA
chr7	55249114	24	A	8	16	0	0	0	0	0	0	0	0	0	AACAC
chr7	55249115	24	C	8	16	0	0	0	0	0	0	0	0	0	ACACA
chr7	55249116	25	A	8	17	0	0	0	0	0	0	0	0	0	CACAA
chr7	55249117	25	C	8	17	0	0	0	0	0	0	0	0	0	ACAAA
chr7	55249118	24	A	7	17	0	0	0	0	0	0	0	0	0	CAAAG
chr7	55249119	24	A	7	17	0	0	0	0	0	0	0	0	0	AAAGA
chr7	55249120	24	A	7	17	0	0	0	0	0	0	0	0	0	AAGAC
chr7	55249121	24	G	7	17	0	0	0	0	0	0	0	0	0	AGACA
chr7	55249122	24	A	7	17	0	0	0	0	0	0	0	0	0	GACAA
chr7	55249123	24	C	8	16	0	0	0	0	0	0	0	0	0	ACAAT
chr7	55249124	24	A	8	16	0	0	0	0	0	0	0	0	0	CAATA
chr7	55249125	24	A	8	16	0	0	0	0	0	0	0	0	0	AATAT
chr7	55249126	24	T	8	16	0	0	0	0	0	0	0	0	0	ATATT
chr7	55249127	24	A	8	16	0	0	0	0	0	0	0	0	0	TATTG
chr7	55249128	24	T	8	16	0	0	0	0	0	0	0	0	0	ATTGG
chr7	55249129	24	T	8	16	0	0	0	0	0	0	0	0	0	TTGGC
chr7	55249130	24	G	7	17	0	0	0	0	0	0	0	0	0	TGGCT
chr7	55249131	24	G	7	17	0	0	0	0	0	0	0	0	0	GGCTC
chr7	55249132	24	C	7	17	0	0	0	0	0	0	0	0	0	GCTCC
chr7	55249133	24	T	7	17	0	0	0	0	0	0	0	0	0	CTCCC
chr7	55249134	23	C	8	15	0	0	0	0	0	0	0	0	0	TCCCA
chr7	55249135	23	C	8	15	0	0	0	0	0	0	0	0	0	CCCAG
chr7	55249136	23	C	8	15	0	0	0	0	0	0	0	0	0	CCAGT
chr7	55249137	22	A	8	13	0	0	0	1	0	0	0	0	0	CAGTA
chr7	55249138	22	G	8	14	0	0	0	0	0	0	0	0	0	AGTAC
chr7	55249139	20	T	8	12	0	0	0	0	0	0	0	0	0	GTACC
chr7	55249140	19	A	7	12	0	0	0	0	0	0	0	0	0	TACCT
chr7	55249141	19	C	6	11	0	0	0	0	1	1	0	0	0	ACCTG
chr7	55249142	19	C	9	10	0	0	0	0	0	0	0	0	0	CCTGC
chr7	55249143	18	T	9	9	0	0	0	0	0	0	0	0	0	CTGCT
chr7	55249144	16	G	8	8	0	0	0	0	0	0	0	0	0	TGCTC
chr7	55249145	12	C	7	5	0	0	0	0	0	0	0	0	0	GCTCA
chr7	55249146	10	T	5	5	0	0	0	0	0	0	0	0	0	CTCAA
chr7	55249147	9	C	4	5	0	0	0	0	0	0	0	0	0	TCAAC
chr7	55249148	9	A	4	5	0	0	0	0	0	0	0	0	0	CAACT
chr7	55249149	9	A	4	5	0	0	0	0	0	0	0	0	0	AACTG
chr7	55249150	9	C	4	5	0	0	0	0	0	0	0	0	0	ACTGG
chr7	55249151	9	T	4	5	0	0	0	0	0	0	0	0	0	CTGGT
chr7	55249152	9	G	4	5	0	0	0	0	0	0	0	0	0	TGGTG
chr7	55249153	9	G	4	5	0	0	0	0	0	0	0	0	0	GGTGT
chr7	55249154	9	T	4	5	0	0	0	0	0	0	0	0	0	GTGTG
chr7	55249155	9	G	4	5	0	0	0	0	0	0	0	0	0	TGTGT
chr7	55249156	9	T	4	4	0	0	0	1	0	0	0	0	0	GTGTG
chr7	55249157	9	G	4	5	0	0	0	0	0	0	0	0	0	TGTGC
chr7	55249158	9	T	3	5	0	0	1	0	0	0	0	0	0	GTGCA
chr7	55249159	9	G	4	5	0	0	0	0	0	0	0	0	0	TGCAG
chr7	55249160	9	C	4	5	0	0	0	0	0	0	0	0	0	GCAGA
chr7	55249161	9	A	4	5	0	0	0	0	0	0	0	0	0	CAGAT
chr7	55249162	8	G	4	4	0	0	0	0	0	0	0	0	0	AGATC
chr7	55249163	8	A	3	4	0	0	1	0	0	0	0	0	0	GATCG
chr7	55249164	8	T	3	4	0	0	1	0	0	0	0	0	0	ATCGC
chr7	55249165	8	C	4	4	0	0	0	0	0	0	0	0	0	TCGCA
chr7	55249166	7	G	3	4	0	0	0	0	0	0	0	0	0	CGCAA
chr7	55249167	7	C	3	4	0	0	0	0	0	0	0	0	0	GCAAA
chr7	55249168	6	A	2	4	0	0	0	0	0	0	0	0	0	CAAAG
chr7	55249169	6	A	2	4	0	0	0	0	0	0	0	0	0	AAAGG
chr7	55249170	6	A	2	4	0	0	0	0	0	0	0	0	0	AAGGT
chr7	55249171	6	G	2	4	0	0	0	0	0	0	0	0	0	AGGTA
chr7	55259514	28	C	13	15	0	0	0	0	0	0	0	0	0	GCTGG
chr7	55259515	28	T	13	15	0	0	0	0	0	0	0	0	0	CTGGC
chr7	55259516	28	G	13	15	0	0	0	0	0	0	0	0	0	TGGCC
chr7	55259523	27	C	11	16	0	0	0	0	0	0	0	0	0	ACTGC
chr7	55259524	27	T	11	16	0	0	0	0	0	0	0	0	0	CTGCT
chr7	55259525	27	G	12	15	0	0	0	0	0	0	0	0	0	TGCTG
chr7	140453135	227	C	61	165	0	0	0	0	0	0	0	0	0	TCACT
chr7	140453136	224	A	58	165	0	0	0	0	0	1	0	0	0	CACTG
chr7	140453137	213	C	58	147	0	2	0	0	0	6	0	0	0	ACTGT
chr12	329877	1	T	1	0	0	0	0	0	0	0	0	0	237	CTTCC
chr12	25380274	592	C	420	172	0	0	0	0	0	0	0	0	0	TCTTG
chr12	25380275	591	T	424	167	0	0	0	0	0	0	0	0	0	CTTGA
chr12	25380276	601	T	430	169	0	0	2	0	0	0	0	0	0	TTGAC
chr12	25380277	601	G	431	170	0	0	0	0	0	0	0	0	0	TGACC
chr12	25380278	593	A	425	158	0	0	0	0	0	0	0	10	0	GACCT
chr12	25398283	635	A	191	442	0	0	0	0	1	1	0	0	0	CACCA
chr12	25398284	636	C	191	445	0	0	0	0	0	0	0	0	0	ACCAG
chr12	25398285	634	C	190	444	0	0	0	0	0	0	0	0	0	CCAGC
chr12	25398286	640	A	184	456	0	0	0	0	0	0	0	0	0	CAGCT
