CHR	POS	DEPTH	REF	R+	R-	A+	A-	C+	C-	T+	T-	G+	G-	PAD	MOTIF
chr7	1026245	1	C	0	1	0	0	0	0	0	0	0	0	14	CCTGC
chr7	55241706	211	G	112	96	0	0	0	0	2	1	0	0	0	TGGGC
chr7	55241707	216	G	117	99	0	0	0	0	0	0	0	0	0	GGGCT
chr7	55241708	213	G	113	100	0	0	0	0	0	0	0	0	0	GGCTC
chr7	55241709	216	C	114	102	0	0	0	0	0	0	0	0	0	GCTCC
chr7	55242415	201	G	104	97	0	0	0	0	0	0	0	0	0	GGGAC
chr7	55242416	208	G	107	101	0	0	0	0	0	0	0	0	0	GGACT
chr7	55242417	209	A	108	101	0	0	0	0	0	0	0	0	0	GACTC
chr7	55242418	208	C	108	100	0	0	0	0	0	0	0	0	0	ACTCT
chr7	55242419	208	T	108	100	0	0	0	0	0	0	0	0	0	CTCTG
chr7	55242420	208	C	108	100	0	0	0	0	0	0	0	0	0	TCTGG
chr7	55242421	206	T	107	99	0	0	0	0	0	0	0	0	0	CTGGA
chr7	55242422	211	G	111	100	0	0	0	0	0	0	0	0	0	TGGAT
chr7	55242423	214	G	113	101	0	0	0	0	0	0	0	0	0	GGATC
chr7	55242424	214	A	113	101	0	0	0	0	0	0	0	0	0	GATCC
chr7	55242425	213	T	107	100	0	0	0	0	0	0	6	0	0	ATCCC
chr7	55242426	215	C	113	102	0	0	0	0	0	0	0	0	0	TCCCA
chr7	55242427	220	C	115	105	0	0	0	0	0	0	0	0	0	CCCAG
chr7	55242428	219	C	116	103	0	0	0	0	0	0	0	0	0	CCAGA
chr7	55242429	215	A	115	100	0	0	0	0	0	0	0	0	0	CAGAA
chr7	55242430	217	G	119	98	0	0	0	0	0	0	0	0	0	AGAAG
chr7	55242431	214	A	113	98	0	0	3	0	0	0	0	0	0	GAAGG
chr7	55242432	219	A	120	99	0	0	0	0	0	0	0	0	0	AAGGT
chr7	55242433	221	G	122	99	0	0	0	0	0	0	0	0	0	AGGTG
chr7	55242434	220	G	122	98	0	0	0	0	0	0	0	0	0	GGTGA
chr7	55242435	221	T	121	99	0	0	1	0	0	0	0	0	0	GTGAG
chr7	55242436	226	G	124	102	0	0	0	0	0	0	0	0	0	TGAGA
chr7	55242437	226	A	124	102	0	0	0	0	0	0	0	0	0	GAGAA
chr7	55242438	228	G	125	103	0	0	0	0	0	0	0	0	0	AGAAA
chr7	55242439	228	A	122	106	0	0	0	0	0	0	0	0	0	GAAAG
chr7	55242440	228	A	122	106	0	0	0	0	0	0	0	0	0	AAAGT
chr7	55242441	228	A	124	104	0	0	0	0	0	0	0	0	0	AAGTT
chr7	55242442	228	G	127	101	0	0	0	0	0	0	0	0	0	AGTTA
chr7	55242443	201	T	119	82	0	0	0	0	0	0	0	0	0	GTTAA
chr7	55242444	199	T	116	83	0	0	0	0	0	0	0	0	0	TTAAA
chr7	55242445	200	A	112	88	0	0	0	0	0	0	0	0	0	TAAAA
chr7	55242446	203	A	116	87	0	0	0	0	0	0	0	0	0	AAAAT
chr7	55242447	198	A	113	85	0	0	0	0	0	0	0	0	0	AAATT
chr7	55242448	197	A	113	84	0	0	0	0	0	0	0	0	0	AATTC
chr7	55242449	197	T	112	85	0	0	0	0	0	0	0	0	0	ATTCC
chr7	55242450	195	T	111	84	0	0	0	0	0	0	0	0	0	TTCCC
chr7	55242451	197	C	110	87	0	0	0	0	0	0	0	0	0	TCCCG
chr7	55242452	196	C	107	89	0	0	0	0	0	0	0	0	0	CCCGT
chr7	55242453	185	C	96	89	0	0	0	0	0	0	0	0	0	CCGTC
chr7	55242454	191	G	97	94	0	0	0	0	0	0	0	0	0	CGTCG
chr7	55242455	191	T	96	95	0	0	0	0	0	0	0	0	0	GTCGC
chr7	55242456	193	C	97	96	0	0	0	0	0	0	0	0	0	TCGCT
chr7	55242457	194	G	96	95	1	0	0	2	0	0	0	0	0	CGCTA
chr7	55242458	192	C	95	96	0	0	0	0	1	0	0	0	0	GCTAT
chr7	55242459	190	T	96	94	0	0	0	0	0	0	0	0	0	CTATC
chr7	55242460	192	A	95	97	0	0	0	0	0	0	0	0	0	TATCA
chr7	55242461	191	T	95	96	0	0	0	0	0	0	0	0	0	ATCAA
chr7	55242462	192	C	95	97	0	0	0	0	0	0	0	0	0	TCAAG
chr7	55242463	193	A	97	96	0	0	0	0	0	0	0	0	0	CAAGG
chr7	55242464	201	A	103	98	0	0	0	0	0	0	0	0	0	AAGGA
chr7	55242465	199	G	70	49	30	50	0	0	0	0	0	0	0	AGGAA
chr7	55242466	203	G	71	51	30	51	0	0	0	0	0	0	0	GGAAT
chr7	55242467	202	A	70	51	0	0	0	0	29	51	1	0	0	GAATT
chr7	55242468	202	A	72	51	0	0	0	0	29	50	0	0	0	AATTA
chr7	55242469	207	T	73	54	0	0	29	51	0	0	0	0	0	ATTAA
chr7	55242470	209	T	73	55	0	0	30	51	0	0	0	0	0	TTAAG
chr7	55242471	224	A	105	118	0	0	1	0	0	0	0	0	0	TAAGA
chr7	55242472	225	A	103	122	0	0	0	0	0	0	0	0	0	AAGAG
chr7	55242473	223	G	102	121	0	0	0	0	0	0	0	0	0	AGAGA
chr7	55242474	222	A	101	121	0	0	0	0	0	0	0	0	0	GAGAA
chr7	55242475	231	G	108	123	0	0	0	0	0	0	0	0	0	AGAAG
chr7	55242476	233	A	109	124	0	0	0	0	0	0	0	0	0	GAAGC
chr7	55242477	233	A	108	125	0	0	0	0	0	0	0	0	0	AAGCA
chr7	55242478	231	G	109	122	0	0	0	0	0	0	0	0	0	AGCAA
chr7	55242479	229	C	108	121	0	0	0	0	0	0	0	0	0	GCAAC
chr7	55242480	226	A	108	117	0	0	0	0	0	0	0	1	0	CAACA
chr7	55242481	227	A	110	117	0	0	0	0	0	0	0	0	0	AACAT
chr7	55242482	226	C	111	115	0	0	0	0	0	0	0	0	0	ACATC
chr7	55242483	223	A	108	115	0	0	0	0	0	0	0	0	0	CATCT
chr7	55242484	226	T	109	117	0	0	0	0	0	0	0	0	0	ATCTC
chr7	55242485	226	C	110	116	0	0	0	0	0	0	0	0	0	TCTCC
chr7	55242486	226	T	111	115	0	0	0	0	0	0	0	0	0	CTCCG
chr7	55242487	231	C	113	118	0	0	0	0	0	0	0	0	0	TCCGA
chr7	55242488	233	C	113	120	0	0	0	0	0	0	0	0	0	CCGAA
chr7	55242489	233	G	113	120	0	0	0	0	0	0	0	0	0	CGAAA
chr7	55242490	229	A	110	119	0	0	0	0	0	0	0	0	0	GAAAG
chr7	55242491	227	A	106	120	0	0	0	0	1	0	0	0	0	AAAGC
chr7	55242492	231	A	106	124	0	0	0	0	0	0	1	0	0	AAGCC
chr7	55242493	230	G	106	124	0	0	0	0	0	0	0	0	0	AGCCA
chr7	55242494	227	C	104	123	0	0	0	0	0	0	0	0	0	GCCAA
chr7	55242495	225	C	100	125	0	0	0	0	0	0	0	0	0	CCAAC
chr7	55242496	223	A	97	125	0	0	0	0	0	0	1	0	0	CAACA
chr7	55242497	223	A	94	129	0	0	0	0	0	0	0	0	0	AACAA
chr7	55242498	221	C	94	127	0	0	0	0	0	0	0	0	0	ACAAG
chr7	55242499	218	A	90	128	0	0	0	0	0	0	0	0	0	CAAGG
chr7	55242500	217	A	91	125	0	0	1	0	0	0	0	0	0	AAGGA
chr7	55242501	214	G	95	119	0	0	0	0	0	0	0	0	0	AGGAA
chr7	55242502	211	G	96	115	0	0	0	0	0	0	0	0	0	GGAAA
chr7	55242503	210	A	95	115	0	0	0	0	0	0	0	0	0	GAAAT
chr7	55242504	208	A	93	114	0	0	0	0	0	0	0	1	0	AAATC
chr7	55242505	207	A	91	116	0	0	0	0	0	0	0	0	0	AATCC
chr7	55242506	203	T	91	112	0	0	0	0	0	0	0	0	0	ATCCT
chr7	55242507	202	C	91	111	0	0	0	0	0	0	0	0	0	TCCTC
chr7	55242508	201	C	90	111	0	0	0	0	0	0	0	0	0	CCTCG
chr7	55242509	199	T	87	112	0	0	0	0	0	0	0	0	0	CTCGA
chr7	55242510	201	C	88	113	0	0	0	0	0	0	0	0	0	TCGAT
chr7	55242511	205	G	91	114	0	0	0	0	0	0	0	0	0	CGATG
chr7	55242512	200	A	87	113	0	0	0	0	0	0	0	0	0	GATGT
chr7	55242513	200	T	87	113	0	0	0	0	0	0	0	0	0	ATGTG
chr7	55248986	200	G	87	113	0	0	0	0	0	0	0	0	0	GGAAG
chr7	55248987	202	A	87	115	0	0	0	0	0	0	0	0	0	GAAGC
chr7	55248988	206	A	92	114	0	0	0	0	0	0	0	0	0	AAGCC
chr7	55248989	218	G	103	115	0	0	0	0	0	0	0	0	0	AGCCT
chr7	55248990	223	C	107	116	0	0	0	0	0	0	0	0	0	GCCTA
chr7	55248991	221	C	106	115	0	0	0	0	0	0	0	0	0	CCTAC
chr7	55248992	222	T	107	115	0	0	0	0	0	0	0	0	0	CTACG
chr7	55248993	227	A	111	116	0	0	0	0	0	0	0	0	0	TACGT
chr7	55248994	226	C	111	115	0	0	0	0	0	0	0	0	0	ACGTG
chr7	55248995	228	G	111	117	0	0	0	0	0	0	0	0	0	CGTGA
chr7	55248996	231	T	114	117	0	0	0	0	0	0	0	0	0	GTGAT
chr7	55248997	229	G	114	115	0	0	0	0	0	0	0	0	0	TGATG
chr7	55248998	230	A	114	116	0	0	0	0	0	0	0	0	0	GATGG
chr7	55248999	229	T	114	115	0	0	0	0	0	0	0	0	0	ATGGC
chr7	55249000	230	G	113	117	0	0	0	0	0	0	0	0	0	TGGCC
chr7	55249001	231	G	114	117	0	0	0	0	0	0	0	0	0	GGCCA
chr7	55249002	239	C	112	127	0	0	0	0	0	0	0	0	0	GCCAG
chr7	55249003	235	C	110	125	0	0	0	0	0	0	0	0	0	CCAGC
chr7	55249004	236	A	111	125	0	0	0	0	0	0	0	0	0	CAGCG
chr7	55249005	237	G	110	127	0	0	0	0	0	0	0	0	0	AGCGT
chr7	55249006	232	C	108	124	0	0	0	0	0	0	0	0	0	GCGTG
chr7	55249007	229	G	106	122	1	0	0	0	0	0	0	0	0	CGTGG
chr7	55249008	227	T	104	122	0	0	0	0	0	0	1	0	0	GTGGA
chr7	55249009	228	G	105	123	0	0	0	0	0	0	0	0	0	TGGAC
chr7	55249010	231	G	105	126	0	0	0	0	0	0	0	0	0	GGACA
chr7	55249011	234	A	105	129	0	0	0	0	0	0	0	0	0	GACAA
chr7	55249012	234	C	106	128	0	0	0	0	0	0	0	0	0	ACAAC
chr7	55249013	233	A	106	127	0	0	0	0	0	0	0	0	0	CAACC
chr7	55249014	233	A	105	128	0	0	0	0	0	0	0	0	0	AACCC
chr7	55249015	232	C	104	128	0	0	0	0	0	0	0	0	0	ACCCC
chr7	55249016	231	C	103	128	0	0	0	0	0	0	0	0	0	CCCCC
chr7	55249017	229	C	102	127	0	0	0	0	0	0	0	0	0	CCCCA
chr7	55249018	231	C	103	128	0	0	0	0	0	0	0	0	0	CCCAC
chr7	55249019	229	C	101	128	0	0	0	0	0	0	0	0	0	CCACG
chr7	55249020	229	A	101	128	0	0	0	0	0	0	0	0	0	CACGT
chr7	55249021	231	C	100	131	0	0	0	0	0	0	0	0	0	ACGTG
chr7	55249022	229	G	99	130	0	0	0	0	0	0	0	0	0	CGTGT
chr7	55249023	227	T	94	133	0	0	0	0	0	0	0	0	0	GTGTG
chr7	55249024	227	G	95	132	0	0	0	0	0	0	0	0	0	TGTGC
chr7	55249025	229	T	96	132	0	0	1	0	0	0	0	0	0	GTGCC
chr7	55249026	231	G	99	132	0	0	0	0	0	0	0	0	0	TGCCG
chr7	55249027	228	C	99	129	0	0	0	0	0	0	0	0	0	GCCGC
chr7	55249028	231	C	99	132	0	0	0	0	0	0	0	0	0	CCGCC
chr7	55249029	227	G	98	129	0	0	0	0	0	0	0	0	0	CGCCT
chr7	55249030	228	C	102	126	0	0	0	0	0	0	0	0	0	GCCTG
chr7	55249031	228	C	102	126	0	0	0	0	0	0	0	0	0	CCTGC
chr7	55249032	230	T	104	126	0	0	0	0	0	0	0	0	0	CTGCT
chr7	55249033	231	G	104	126	0	0	0	0	1	0	0	0	0	TGCTG
chr7	55249034	233	C	107	126	0	0	0	0	0	0	0	0	0	GCTGG
chr7	55249035	238	T	113	125	0	0	0	0	0	0	0	0	0	CTGGG
chr7	55249036	231	G	118	113	0	0	0	0	0	0	0	0	0	TGGGC
chr7	55249037	222	G	113	109	0	0	0	0	0	0	0	0	0	GGGCA
chr7	55249038	221	G	112	108	0	0	1	0	0	0	0	0	0	GGCAT
chr7	55249039	218	C	114	104	0	0	0	0	0	0	0	0	0	GCATC
chr7	55249040	218	A	114	104	0	0	0	0	0	0	0	0	0	CATCT
chr7	55249041	216	T	114	102	0	0	0	0	0	0	0	0	0	ATCTG
chr7	55249042	215	C	113	102	0	0	0	0	0	0	0	0	0	TCTGC
chr7	55249043	214	T	111	103	0	0	0	0	0	0	0	0	0	CTGCC
chr7	55249044	213	G	112	101	0	0	0	0	0	0	0	0	0	TGCCT
chr7	55249045	216	C	114	101	0	0	0	0	0	1	0	0	0	GCCTC
chr7	55249046	210	C	113	97	0	0	0	0	0	0	0	0	0	CCTCA
chr7	55249047	200	T	109	91	0	0	0	0	0	0	0	0	0	CTCAC
chr7	55249048	201	C	110	91	0	0	0	0	0	0	0	0	0	TCACC
chr7	55249049	201	A	110	91	0	0	0	0	0	0	0	0	0	CACCT
chr7	55249050	206	C	115	91	0	0	0	0	0	0	0	0	0	ACCTC
chr7	55249051	200	C	115	85	0	0	0	0	0	0	0	0	0	CCTCC
chr7	55249052	194	T	115	79	0	0	0	0	0	0	0	0	0	CTCCA
chr7	55249053	192	C	114	78	0	0	0	0	0	0	0	0	0	TCCAC
chr7	55249054	196	C	118	78	0	0	0	0	0	0	0	0	0	CCACC
chr7	55249055	195	A	119	76	0	0	0	0	0	0	0	0	0	CACCG
chr7	55249056	189	C	113	74	0	0	0	0	2	0	0	0	0	ACCGT
chr7	55249057	187	C	113	74	0	0	0	0	0	0	0	0	0	CCGTG
chr7	55249058	184	G	114	70	0	0	0	0	0	0	0	0	0	CGTGC
chr7	55249059	186	T	117	69	0	0	0	0	0	0	0	0	0	GTGCA
chr7	55249060	179	G	112	67	0	0	0	0	0	0	0	0	0	TGCAG
chr7	55249061	180	C	110	70	0	0	0	0	0	0	0	0	0	GCAGC
chr7	55249062	173	A	107	65	0	0	1	0	0	0	0	0	0	CAGCT
chr7	55249063	168	G	105	62	0	0	1	0	0	0	0	0	0	AGCTC
chr7	55249064	171	C	106	65	0	0	0	0	0	0	0	0	0	GCTCA
chr7	55249065	169	T	100	67	0	0	2	0	0	0	0	0	0	CTCAT
chr7	55249066	172	C	104	68	0	0	0	0	0	0	0	0	0	TCATC
chr7	55249067	173	A	104	69	0	0	0	0	0	0	0	0	0	CATCA
chr7	55249068	172	T	101	71	0	0	0	0	0	0	0	0	0	ATCAC
chr7	55249069	176	C	103	73	0	0	0	0	0	0	0	0	0	TCACG
chr7	55249070	175	A	102	73	0	0	0	0	0	0	0	0	0	CACGC
chr7	55249071	173	C	99	73	0	0	0	0	0	0	1	0	0	ACGCA
chr7	55249072	174	G	102	72	0	0	0	0	0	0	0	0	0	CGCAG
chr7	55249073	169	C	100	68	0	0	0	0	1	0	0	0	0	GCAGC
chr7	55249074	171	A	100	68	0	0	0	0	1	0	2	0	0	CAGCT
chr7	55249075	170	G	101	69	0	0	0	0	0	0	0	0	0	AGCTC
chr7	55249076	171	C	100	70	0	0	0	0	0	0	1	0	0	GCTCA
chr7	55249077	169	T	98	69	1	0	1	0	0	0	0	0	0	CTCAT
chr7	55249078	166	C	100	66	0	0	0	0	0	0	0	0	0	TCATG
chr7	55249079	169	A	101	68	0	0	0	0	0	0	0	0	0	CATGC
chr7	55249080	168	T	101	67	0	0	0	0	0	0	0	0	0	ATGCC
chr7	55249081	165	G	101	64	0	0	0	0	0	0	0	0	0	TGCCC
chr7	55249082	167	C	103	64	0	0	0	0	0	0	0	0	0	GCCCT
chr7	55249083	168	C	102	66	0	0	0	0	0	0	0	0	0	CCCTT
chr7	55249084	167	C	103	64	0	0	0	0	0	0	0	0	0	CCTTC
chr7	55249085	168	T	104	64	0	0	0	0	0	0	0	0	0	CTTCG
chr7	55249086	168	T	102	65	0	0	1	0	0	0	0	0	0	TTCGG
chr7	55249087	168	C	103	65	0	0	0	0	0	0	0	0	0	TCGGC
chr7	55249088	166	G	101	65	0	0	0	0	0	0	0	0	0	CGGCT
chr7	55249089	169	G	101	68	0	0	0	0	0	0	0	0	0	GGCTG
chr7	55249090	168	C	99	69	0	0	0	0	0	0	0	0	0	GCTGC
chr7	55249091	166	T	97	69	0	0	0	0	0	0	0	0	0	CTGCC
chr7	55249092	166	G	96	69	0	0	0	0	1	0	0	0	0	TGCCT
chr7	55249093	164	C	95	69	0	0	0	0	0	0	0	0	0	GCCTC
chr7	55249094	164	C	94	69	1	0	0	0	0	0	0	0	0	CCTCC
chr7	55249095	165	T	96	69	0	0	0	0	0	0	0	0	0	CTCCT
chr7	55249096	163	C	94	69	0	0	0	0	0	0	0	0	0	TCCTG
chr7	55249097	164	C	94	69	0	0	0	0	0	0	1	0	0	CCTGG
chr7	55249098	166	T	96	69	1	0	0	0	0	0	0	0	0	CTGGA
chr7	55249099	168	G	98	70	0	0	0	0	0	0	0	0	0	TGGAC
chr7	55249100	168	G	98	70	0	0	0	0	0	0	0	0	0	GGACT
chr7	55249101	168	A	97	71	0	0	0	0	0	0	0	0	0	GACTA
chr7	55249102	165	C	95	69	0	0	0	0	1	0	0	0	0	ACTAT
chr7	55249103	162	T	92	70	0	0	0	0	0	0	0	0	0	CTATG
chr7	55249104	162	A	90	72	0	0	0	0	0	0	0	0	0	TATGT
chr7	55249105	162	T	90	72	0	0	0	0	0	0	0	0	0	ATGTC
chr7	55249106	161	G	90	71	0	0	0	0	0	0	0	0	0	TGTCC
chr7	55249107	160	T	86	74	0	0	0	0	0	0	0	0	0	GTCCG
chr7	55249108	160	C	83	76	0	1	0	0	0	0	0	0	0	TCCGG
chr7	55249109	161	C	81	80	0	0	0	0	0	0	0	0	0	CCGGG
chr7	55249110	159	G	79	80	0	0	0	0	0	0	0	0	0	CGGGA
chr7	55249111	161	G	78	83	0	0	0	0	0	0	0	0	0	GGGAA
chr7	55249112	162	G	78	84	0	0	0	0	0	0	0	0	0	GGAAC
chr7	55249113	162	A	76	86	0	0	0	0	0	0	0	0	0	GAACA
chr7	55249114	164	A	75	89	0	0	0	0	0	0	0	0	0	AACAC
chr7	55249115	165	C	75	90	0	0	0	0	0	0	0	0	0	ACACA
chr7	55249116	168	A	77	91	0	0	0	0	0	0	0	0	0	CACAA
chr7	55249117	164	C	75	89	0	0	0	0	0	0	0	0	0	ACAAA
chr7	55249118	160	A	73	86	0	0	0	0	0	0	0	0	0	CAAAG
chr7	55249119	163	A	75	88	0	0	0	0	0	0	0	0	0	AAAGA
chr7	55249120	163	A	76	87	0	0	0	0	0	0	0	0	0	AAGAC
chr7	55249121	158	G	76	82	0	0	0	0	0	0	0	0	0	AGACA
chr7	55249122	156	A	78	78	0	0	0	0	0	0	0	0	0	GACAA
chr7	55249123	153	C	77	76	0	0	0	0	0	0	0	0	0	ACAAT
chr7	55249124	150	A	78	72	0	0	0	0	0	0	0	0	0	CAATA
chr7	55249125	151	A	79	72	0	0	0	0	0	0	0	0	0	AATAT
chr7	55249126	150	T	81	69	0	0	0	0	0	0	0	0	0	ATATT
chr7	55249127	148	A	81	67	0	0	0	0	0	0	0	0	0	TATTG
chr7	55249128	143	T	81	62	0	0	0	0	0	0	0	0	0	ATTGG
chr7	55249129	143	T	82	61	0	0	0	0	0	0	0	0	0	TTGGC
chr7	55249130	141	G	80	61	0	0	0	0	0	0	0	0	0	TGGCT
chr7	55249131	142	G	81	61	0	0	0	0	0	0	0	0	0	GGCTC
chr7	55249132	139	C	80	59	0	0	0	0	0	0	0	0	0	GCTCC
chr7	55249133	141	T	81	60	0	0	0	0	0	0	0	0	0	CTCCC
chr7	55249134	135	C	77	58	0	0	0	0	0	0	0	0	0	TCCCA
chr7	55249135	135	C	76	59	0	0	0	0	0	0	0	0	0	CCCAG
chr7	55249136	136	C	77	59	0	0	0	0	0	0	0	0	0	CCAGT
chr7	55249137	135	A	74	61	0	0	0	0	0	0	0	0	0	CAGTA
chr7	55249138	134	G	73	61	0	0	0	0	0	0	0	0	0	AGTAC
chr7	55249139	133	T	71	62	0	0	0	0	0	0	0	0	0	GTACC
chr7	55249140	135	A	72	63	0	0	0	0	0	0	0	0	0	TACCT
chr7	55249141	136	C	72	64	0	0	0	0	0	0	0	0	0	ACCTG
chr7	55249142	139	C	73	66	0	0	0	0	0	0	0	0	0	CCTGC
chr7	55249143	139	T	73	66	0	0	0	0	0	0	0	0	0	CTGCT
chr7	55249144	141	G	72	69	0	0	0	0	0	0	0	0	0	TGCTC
chr7	55249145	141	C	71	70	0	0	0	0	0	0	0	0	0	GCTCA
chr7	55249146	142	T	68	74	0	0	0	0	0	0	0	0	0	CTCAA
chr7	55249147	142	C	67	75	0	0	0	0	0	0	0	0	0	TCAAC
chr7	55249148	141	A	66	75	0	0	0	0	0	0	0	0	0	CAACT
chr7	55249149	141	A	65	76	0	0	0	0	0	0	0	0	0	AACTG
chr7	55249150	141	C	64	77	0	0	0	0	0	0	0	0	0	ACTGG
chr7	55249151	143	T	65	78	0	0	0	0	0	0	0	0	0	CTGGT
chr7	55249152	140	G	64	76	0	0	0	0	0	0	0	0	0	TGGTG
chr7	55249153	141	G	63	78	0	0	0	0	0	0	0	0	0	GGTGT
chr7	55249154	141	T	60	81	0	0	0	0	0	0	0	0	0	GTGTG
chr7	55249155	141	G	57	84	0	0	0	0	0	0	0	0	0	TGTGT
chr7	55249156	142	T	56	86	0	0	0	0	0	0	0	0	0	GTGTG
chr7	55249157	141	G	56	85	0	0	0	0	0	0	0	0	0	TGTGC
chr7	55249158	141	T	55	86	0	0	0	0	0	0	0	0	0	GTGCA
chr7	55249159	138	G	55	83	0	0	0	0	0	0	0	0	0	TGCAG
chr7	55249160	139	C	56	83	0	0	0	0	0	0	0	0	0	GCAGA
chr7	55249161	137	A	55	82	0	0	0	0	0	0	0	0	0	CAGAT
chr7	55249162	136	G	54	82	0	0	0	0	0	0	0	0	0	AGATC
chr7	55249163	137	A	52	85	0	0	0	0	0	0	0	0	0	GATCG
chr7	55249164	135	T	51	84	0	0	0	0	0	0	0	0	0	ATCGC
chr7	55249165	131	C	50	81	0	0	0	0	0	0	0	0	0	TCGCA
chr7	55249166	131	G	50	81	0	0	0	0	0	0	0	0	0	CGCAA
chr7	55249167	131	C	49	82	0	0	0	0	0	0	0	0	0	GCAAA
chr7	55249168	130	A	45	84	0	0	0	0	0	0	0	0	0	CAAAG
chr7	55249169	140	A	56	84	0	0	0	0	0	0	0	0	0	AAAGG
chr7	55249170	140	A	55	85	0	0	0	0	0	0	0	0	0	AAGGT
chr7	55249171	139	G	56	83	0	0	0	0	0	0	0	0	0	AGGTA
chr7	55259514	137	C	68	69	0	0	0	0	0	0	0	0	0	GCTGG
chr7	55259515	139	T	70	69	0	0	0	0	0	0	0	0	0	CTGGC
chr7	55259516	138	G	71	67	0	0	0	0	0	0	0	0	0	TGGCC
chr7	55259523	135	C	70	65	0	0	0	0	0	0	0	0	0	ACTGC
chr7	55259524	132	T	70	62	0	0	0	0	0	0	0	0	0	CTGCT
chr7	55259525	133	G	70	63	0	0	0	0	0	0	0	0	0	TGCTG
chr7	140453135	326	C	107	219	0	0	0	0	0	0	0	0	0	TCACT
chr7	140453136	328	A	107	221	0	0	0	0	0	0	0	0	0	CACTG
chr7	140453137	315	C	105	208	0	0	0	0	0	2	0	0	0	ACTGT
chr12	330122	1	G	0	1	0	0	0	0	0	0	0	0	0	TGAGA
chr12	25380274	695	C	405	290	0	0	0	0	0	0	0	0	0	TCTTG
chr12	25380275	690	T	401	289	0	0	0	0	0	0	0	0	0	CTTGA
chr12	25380276	695	T	399	288	0	0	8	0	0	0	0	0	0	TTGAC
chr12	25380277	692	G	408	284	0	0	0	0	0	0	0	0	0	TGACC
chr12	25380278	690	A	409	278	0	0	0	0	0	0	0	3	0	GACCT
chr12	25398283	556	A	223	332	0	0	0	0	0	0	0	1	0	CACCA
chr12	25398284	558	C	223	335	0	0	0	0	0	0	0	0	0	ACCAG
chr12	25398285	558	C	220	338	0	0	0	0	0	0	0	0	0	CCAGC
chr12	25398286	561	A	219	341	0	0	0	0	0	1	0	0	0	CAGCT
