CHR	POS	DEPTH	REF	R+	R-	A+	A-	C+	C-	T+	T-	G+	G-	PAD	MOTIF
chr7	1024781	1	T	0	1	0	0	0	0	0	0	0	0	20	CTGAG	nan	nan	nan	nan
chr7	140453135	155	C	72	83	0	0	0	0	0	0	0	0	0	TCACT
chr7	140453136	152	A	70	82	0	0	0	0	0	0	0	0	0	CACTG
chr7	140453137	151	C	71	80	0	0	0	0	0	0	0	0	0	ACTGT
chr12	333118	1	C	0	1	0	0	0	0	0	0	0	0	39	GCTCC	nan	nan	nan	nan
chr12	25380274	243	C	146	97	0	0	0	0	0	0	0	0	0	TCTTG
chr12	25380275	243	T	147	96	0	0	0	0	0	0	0	0	0	CTTGA
chr12	25380276	243	T	145	96	0	0	2	0	0	0	0	0	0	TTGAC
chr12	25380277	244	G	147	97	0	0	0	0	0	0	0	0	0	TGACC
chr12	25380278	240	A	146	94	0	0	0	0	0	0	0	0	0	GACCT
chr12	25398283	221	A	94	127	0	0	0	0	0	0	0	0	0	CACCA
chr12	25398284	223	C	95	128	0	0	0	0	0	0	0	0	0	ACCAG
chr12	25398285	219	C	92	127	0	0	0	0	0	0	0	0	0	CCAGC
chr12	25398286	216	A	90	126	0	0	0	0	0	0	0	0	0	CAGCT
