CHR	POS	DEPTH	REF	R+	R-	A+	A-	C+	C-	T+	T-	G+	G-	PAD	MOTIF
chr7	1024785	1	G	0	1	0	0	0	0	0	0	0	0	16	GGCCC	nan	nan	nan	nan
chr7	55242478	1	G	1	0	0	0	0	0	0	0	0	0	0	AGCAA
chr7	55242479	1	C	1	0	0	0	0	0	0	0	0	0	0	GCAAC
chr7	55242480	1	A	1	0	0	0	0	0	0	0	0	0	0	CAACA
chr7	55242481	1	A	1	0	0	0	0	0	0	0	0	0	0	AACAT
chr7	55242482	1	C	1	0	0	0	0	0	0	0	0	0	0	ACATC
chr7	55242483	1	A	1	0	0	0	0	0	0	0	0	0	0	CATCT
chr7	55242484	1	T	1	0	0	0	0	0	0	0	0	0	0	ATCTC
chr7	55242485	1	C	1	0	0	0	0	0	0	0	0	0	0	TCTCC
chr7	55242486	1	T	1	0	0	0	0	0	0	0	0	0	0	CTCCG
chr7	55242487	1	C	1	0	0	0	0	0	0	0	0	0	0	TCCGA
chr7	55242488	1	C	1	0	0	0	0	0	0	0	0	0	0	CCGAA
chr7	55242489	1	G	1	0	0	0	0	0	0	0	0	0	0	CGAAA
chr7	55242490	1	A	1	0	0	0	0	0	0	0	0	0	0	GAAAG
chr7	55242491	1	A	1	0	0	0	0	0	0	0	0	0	0	AAAGC
chr7	55242492	1	A	1	0	0	0	0	0	0	0	0	0	0	AAGCC
chr7	55242493	1	G	1	0	0	0	0	0	0	0	0	0	0	AGCCA
chr7	55242494	1	C	1	0	0	0	0	0	0	0	0	0	0	GCCAA
chr7	55242495	1	C	1	0	0	0	0	0	0	0	0	0	0	CCAAC
chr7	55242496	1	A	1	0	0	0	0	0	0	0	0	0	0	CAACA
chr7	55242497	1	A	1	0	0	0	0	0	0	0	0	0	0	AACAA
chr7	55242498	1	C	1	0	0	0	0	0	0	0	0	0	0	ACAAG
chr7	55242499	1	A	1	0	0	0	0	0	0	0	0	0	0	CAAGG
chr7	55242500	1	A	1	0	0	0	0	0	0	0	0	0	0	AAGGA
chr7	55242501	1	G	1	0	0	0	0	0	0	0	0	0	0	AGGAA
chr7	55242502	1	G	1	0	0	0	0	0	0	0	0	0	0	GGAAA
chr7	55242503	1	A	1	0	0	0	0	0	0	0	0	0	0	GAAAT
chr7	55242504	1	A	1	0	0	0	0	0	0	0	0	0	0	AAATC
chr7	55242505	1	A	1	0	0	0	0	0	0	0	0	0	0	AATCC
chr7	55242506	1	T	1	0	0	0	0	0	0	0	0	0	0	ATCCT
chr7	55242507	1	C	1	0	0	0	0	0	0	0	0	0	0	TCCTC
chr7	55242508	1	C	1	0	0	0	0	0	0	0	0	0	0	CCTCG
chr7	55242509	1	T	1	0	0	0	0	0	0	0	0	0	0	CTCGA
chr7	55242510	1	C	1	0	0	0	0	0	0	0	0	0	0	TCGAT
chr7	55242511	1	G	1	0	0	0	0	0	0	0	0	0	0	CGATG
chr7	55242512	1	A	1	0	0	0	0	0	0	0	0	0	0	GATGT
chr7	55242513	1	T	1	0	0	0	0	0	0	0	0	0	0	ATGTG
chr7	55248986	1	G	1	0	0	0	0	0	0	0	0	0	0	GGAAG
chr7	55248987	1	A	1	0	0	0	0	0	0	0	0	0	0	GAAGC
chr7	55248988	1	A	1	0	0	0	0	0	0	0	0	0	0	AAGCC
chr7	55248989	1	G	1	0	0	0	0	0	0	0	0	0	0	AGCCT
chr7	55248990	1	C	1	0	0	0	0	0	0	0	0	0	0	GCCTA
chr7	55248991	1	C	1	0	0	0	0	0	0	0	0	0	0	CCTAC
chr7	55248992	1	T	1	0	0	0	0	0	0	0	0	0	0	CTACG
chr7	55248993	1	A	1	0	0	0	0	0	0	0	0	0	0	TACGT
chr7	55248994	1	C	1	0	0	0	0	0	0	0	0	0	0	ACGTG
chr7	55248995	1	G	1	0	0	0	0	0	0	0	0	0	0	CGTGA
chr7	55248996	1	T	1	0	0	0	0	0	0	0	0	0	0	GTGAT
chr7	55248997	1	G	1	0	0	0	0	0	0	0	0	0	0	TGATG
chr7	55248998	1	A	1	0	0	0	0	0	0	0	0	0	0	GATGG
chr7	55248999	1	T	1	0	0	0	0	0	0	0	0	0	0	ATGGC
chr7	55249000	1	G	1	0	0	0	0	0	0	0	0	0	0	TGGCC
chr7	55249001	1	G	1	0	0	0	0	0	0	0	0	0	0	GGCCA
chr7	55249002	1	C	1	0	0	0	0	0	0	0	0	0	0	GCCAG
chr7	55249003	1	C	1	0	0	0	0	0	0	0	0	0	0	CCAGC
chr7	55249004	1	A	1	0	0	0	0	0	0	0	0	0	0	CAGCG
chr7	55249005	1	G	1	0	0	0	0	0	0	0	0	0	0	AGCGT
chr7	55249006	1	C	1	0	0	0	0	0	0	0	0	0	0	GCGTG
chr7	55249007	1	G	1	0	0	0	0	0	0	0	0	0	0	CGTGG
chr7	55249008	1	T	1	0	0	0	0	0	0	0	0	0	0	GTGGA
chr7	55249009	1	G	1	0	0	0	0	0	0	0	0	0	0	TGGAC
chr7	55249010	1	G	1	0	0	0	0	0	0	0	0	0	0	GGACA
chr7	55249011	1	A	1	0	0	0	0	0	0	0	0	0	0	GACAA
chr7	55249012	1	C	1	0	0	0	0	0	0	0	0	0	0	ACAAC
chr7	55249013	1	A	1	0	0	0	0	0	0	0	0	0	0	CAACC
chr7	55249014	1	A	1	0	0	0	0	0	0	0	0	0	0	AACCC
chr7	55249015	1	C	1	0	0	0	0	0	0	0	0	0	0	ACCCC
chr7	55249016	1	C	1	0	0	0	0	0	0	0	0	0	0	CCCCC
chr7	55249017	1	C	1	0	0	0	0	0	0	0	0	0	0	CCCCA
chr7	55249018	1	C	1	0	0	0	0	0	0	0	0	0	0	CCCAC
chr7	55249019	1	C	1	0	0	0	0	0	0	0	0	0	0	CCACG
chr7	55249020	1	A	1	0	0	0	0	0	0	0	0	0	0	CACGT
chr7	55249021	1	C	1	0	0	0	0	0	0	0	0	0	0	ACGTG
chr7	55249022	1	G	1	0	0	0	0	0	0	0	0	0	0	CGTGT
chr7	55249023	1	T	1	0	0	0	0	0	0	0	0	0	0	GTGTG
chr7	55249024	1	G	1	0	0	0	0	0	0	0	0	0	0	TGTGC
chr7	55249025	1	T	1	0	0	0	0	0	0	0	0	0	0	GTGCC
chr7	55249026	1	G	1	0	0	0	0	0	0	0	0	0	0	TGCCG
chr7	55249027	1	C	1	0	0	0	0	0	0	0	0	0	0	GCCGC
chr7	55249028	1	C	1	0	0	0	0	0	0	0	0	0	0	CCGCC
chr7	55249029	1	G	1	0	0	0	0	0	0	0	0	0	0	CGCCT
chr7	55249030	1	C	1	0	0	0	0	0	0	0	0	0	0	GCCTG
chr7	55249031	1	C	1	0	0	0	0	0	0	0	0	0	0	CCTGC
chr7	55249032	1	T	1	0	0	0	0	0	0	0	0	0	0	CTGCT
chr7	55249033	1	G	1	0	0	0	0	0	0	0	0	0	0	TGCTG
chr7	55249034	1	C	1	0	0	0	0	0	0	0	0	0	0	GCTGG
chr7	55249035	1	T	1	0	0	0	0	0	0	0	0	0	0	CTGGG
chr7	55249036	1	G	1	0	0	0	0	0	0	0	0	0	0	TGGGC
chr7	55249037	1	G	1	0	0	0	0	0	0	0	0	0	0	GGGCA
chr7	55249038	1	G	1	0	0	0	0	0	0	0	0	0	0	GGCAT
chr7	55249039	1	C	1	0	0	0	0	0	0	0	0	0	0	GCATC
chr7	55249040	1	A	1	0	0	0	0	0	0	0	0	0	0	CATCT
chr7	55249041	1	T	1	0	0	0	0	0	0	0	0	0	0	ATCTG
chr7	55249042	1	C	1	0	0	0	0	0	0	0	0	0	0	TCTGC
chr7	55249043	1	T	1	0	0	0	0	0	0	0	0	0	0	CTGCC
chr7	55249044	1	G	1	0	0	0	0	0	0	0	0	0	0	TGCCT
chr7	55249045	1	C	1	0	0	0	0	0	0	0	0	0	0	GCCTC
chr7	55249046	1	C	1	0	0	0	0	0	0	0	0	0	0	CCTCA
chr7	55249047	1	T	1	0	0	0	0	0	0	0	0	0	0	CTCAC
chr7	55249048	1	C	1	0	0	0	0	0	0	0	0	0	0	TCACC
chr7	55249049	1	A	1	0	0	0	0	0	0	0	0	0	0	CACCT
chr7	55249050	1	C	1	0	0	0	0	0	0	0	0	0	0	ACCTC
chr7	55249051	1	C	1	0	0	0	0	0	0	0	0	0	0	CCTCC
chr7	55249052	1	T	1	0	0	0	0	0	0	0	0	0	0	CTCCA
chr7	55249053	1	C	1	0	0	0	0	0	0	0	0	0	0	TCCAC
chr7	55249054	1	C	1	0	0	0	0	0	0	0	0	0	0	CCACC
chr7	55249055	1	A	1	0	0	0	0	0	0	0	0	0	0	CACCG
chr7	55249056	1	C	1	0	0	0	0	0	0	0	0	0	0	ACCGT
chr7	55249057	1	C	1	0	0	0	0	0	0	0	0	0	0	CCGTG
chr7	55249058	1	G	1	0	0	0	0	0	0	0	0	0	0	CGTGC
chr7	55249059	1	T	1	0	0	0	0	0	0	0	0	0	0	GTGCA
chr7	55249060	1	G	1	0	0	0	0	0	0	0	0	0	0	TGCAG
chr7	55249061	1	C	1	0	0	0	0	0	0	0	0	0	0	GCAGC
chr7	55249062	1	A	1	0	0	0	0	0	0	0	0	0	0	CAGCT
chr7	55249064	1	C	1	0	0	0	0	0	0	0	0	0	0	GCTCA
chr7	55249065	1	T	1	0	0	0	0	0	0	0	0	0	0	CTCAT
chr7	55249066	1	C	1	0	0	0	0	0	0	0	0	0	0	TCATC
chr7	55249067	1	A	1	0	0	0	0	0	0	0	0	0	0	CATCA
chr7	55249068	1	T	1	0	0	0	0	0	0	0	0	0	0	ATCAC
chr7	55249069	1	C	1	0	0	0	0	0	0	0	0	0	0	TCACG
chr7	55249083	1	C	1	0	0	0	0	0	0	0	0	0	0	CCCTT
chr7	55249084	1	C	1	0	0	0	0	0	0	0	0	0	0	CCTTC
chr7	55249085	1	T	1	0	0	0	0	0	0	0	0	0	0	CTTCG
chr7	55249086	1	T	1	0	0	0	0	0	0	0	0	0	0	TTCGG
chr7	55249087	1	C	1	0	0	0	0	0	0	0	0	0	0	TCGGC
chr7	55249088	1	G	1	0	0	0	0	0	0	0	0	0	0	CGGCT
chr7	55249089	1	G	1	0	0	0	0	0	0	0	0	0	0	GGCTG
chr7	55249090	1	C	1	0	0	0	0	0	0	0	0	0	0	GCTGC
chr7	55249091	1	T	1	0	0	0	0	0	0	0	0	0	0	CTGCC
chr7	55249092	1	G	1	0	0	0	0	0	0	0	0	0	0	TGCCT
chr7	55249093	1	C	1	0	0	0	0	0	0	0	0	0	0	GCCTC
chr7	55249094	1	C	1	0	0	0	0	0	0	0	0	0	0	CCTCC
chr7	55249095	1	T	1	0	0	0	0	0	0	0	0	0	0	CTCCT
chr7	55249096	1	C	1	0	0	0	0	0	0	0	0	0	0	TCCTG
chr7	55249097	1	C	1	0	0	0	0	0	0	0	0	0	0	CCTGG
chr7	55249098	1	T	1	0	0	0	0	0	0	0	0	0	0	CTGGA
chr7	55249099	1	G	1	0	0	0	0	0	0	0	0	0	0	TGGAC
chr7	55249100	1	G	1	0	0	0	0	0	0	0	0	0	0	GGACT
chr7	55249101	1	A	1	0	0	0	0	0	0	0	0	0	0	GACTA
chr7	55249102	1	C	1	0	0	0	0	0	0	0	0	0	0	ACTAT
chr7	55249103	1	T	1	0	0	0	0	0	0	0	0	0	0	CTATG
chr7	55249104	1	A	1	0	0	0	0	0	0	0	0	0	0	TATGT
chr7	55249105	1	T	1	0	0	0	0	0	0	0	0	0	0	ATGTC
chr7	55249106	1	G	1	0	0	0	0	0	0	0	0	0	0	TGTCC
chr7	55249107	1	T	1	0	0	0	0	0	0	0	0	0	0	GTCCG
chr7	55249108	1	C	1	0	0	0	0	0	0	0	0	0	0	TCCGG
chr7	55249109	1	C	1	0	0	0	0	0	0	0	0	0	0	CCGGG
chr7	55249110	1	G	1	0	0	0	0	0	0	0	0	0	0	CGGGA
chr7	55249111	1	G	1	0	0	0	0	0	0	0	0	0	0	GGGAA
chr7	55249112	1	G	1	0	0	0	0	0	0	0	0	0	0	GGAAC
chr7	55249113	1	A	1	0	0	0	0	0	0	0	0	0	0	GAACA
chr7	55249114	1	A	1	0	0	0	0	0	0	0	0	0	0	AACAC
chr7	55249115	1	C	1	0	0	0	0	0	0	0	0	0	0	ACACA
chr7	55249116	1	A	1	0	0	0	0	0	0	0	0	0	0	CACAA
chr7	55249117	1	C	1	0	0	0	0	0	0	0	0	0	0	ACAAA
chr7	55249118	1	A	1	0	0	0	0	0	0	0	0	0	0	CAAAG
chr7	55249119	1	A	1	0	0	0	0	0	0	0	0	0	0	AAAGA
chr7	55249120	1	A	1	0	0	0	0	0	0	0	0	0	0	AAGAC
chr7	55249121	1	G	1	0	0	0	0	0	0	0	0	0	0	AGACA
chr7	55249122	1	A	1	0	0	0	0	0	0	0	0	0	0	GACAA
chr7	55249123	1	C	1	0	0	0	0	0	0	0	0	0	0	ACAAT
chr7	55249124	1	A	1	0	0	0	0	0	0	0	0	0	0	CAATA
chr7	55249125	1	A	1	0	0	0	0	0	0	0	0	0	0	AATAT
chr7	55249126	1	T	1	0	0	0	0	0	0	0	0	0	0	ATATT
chr7	55249127	1	A	1	0	0	0	0	0	0	0	0	0	0	TATTG
chr7	55249128	1	T	1	0	0	0	0	0	0	0	0	0	0	ATTGG
chr7	55249129	1	T	1	0	0	0	0	0	0	0	0	0	0	TTGGC
chr7	55249130	1	G	1	0	0	0	0	0	0	0	0	0	0	TGGCT
chr7	55249131	1	G	1	0	0	0	0	0	0	0	0	0	0	GGCTC
chr7	55249132	1	C	1	0	0	0	0	0	0	0	0	0	0	GCTCC
chr7	55249133	1	T	1	0	0	0	0	0	0	0	0	0	0	CTCCC
chr7	55249134	1	C	1	0	0	0	0	0	0	0	0	0	0	TCCCA
chr7	55249135	1	C	1	0	0	0	0	0	0	0	0	0	0	CCCAG
chr7	55249136	1	C	1	0	0	0	0	0	0	0	0	0	0	CCAGT
chr7	55249137	1	A	1	0	0	0	0	0	0	0	0	0	0	CAGTA
chr7	55249138	1	G	1	0	0	0	0	0	0	0	0	0	0	AGTAC
chr7	55249139	1	T	1	0	0	0	0	0	0	0	0	0	0	GTACC
chr7	55249140	1	A	1	0	0	0	0	0	0	0	0	0	0	TACCT
chr7	55249141	1	C	1	0	0	0	0	0	0	0	0	0	0	ACCTG
chr7	55249142	1	C	1	0	0	0	0	0	0	0	0	0	0	CCTGC
chr7	55249143	1	T	1	0	0	0	0	0	0	0	0	0	0	CTGCT
chr7	55249144	1	G	1	0	0	0	0	0	0	0	0	0	0	TGCTC
chr7	55249145	1	C	1	0	0	0	0	0	0	0	0	0	0	GCTCA
chr7	55249146	1	T	1	0	0	0	0	0	0	0	0	0	0	CTCAA
chr7	55249147	1	C	1	0	0	0	0	0	0	0	0	0	0	TCAAC
chr7	55249148	1	A	1	0	0	0	0	0	0	0	0	0	0	CAACT
chr7	55249149	1	A	1	0	0	0	0	0	0	0	0	0	0	AACTG
chr7	55249150	1	C	1	0	0	0	0	0	0	0	0	0	0	ACTGG
chr7	55249151	1	T	1	0	0	0	0	0	0	0	0	0	0	CTGGT
chr7	55249152	1	G	1	0	0	0	0	0	0	0	0	0	0	TGGTG
chr7	55249153	1	G	1	0	0	0	0	0	0	0	0	0	0	GGTGT
chr7	55249154	1	T	1	0	0	0	0	0	0	0	0	0	0	GTGTG
chr7	55249155	1	G	1	0	0	0	0	0	0	0	0	0	0	TGTGT
chr7	55249156	1	T	1	0	0	0	0	0	0	0	0	0	0	GTGTG
chr7	55249157	1	G	1	0	0	0	0	0	0	0	0	0	0	TGTGC
chr7	55249158	1	T	1	0	0	0	0	0	0	0	0	0	0	GTGCA
chr7	55249159	1	G	1	0	0	0	0	0	0	0	0	0	0	TGCAG
chr7	55249160	1	C	1	0	0	0	0	0	0	0	0	0	0	GCAGA
chr7	55249161	1	A	1	0	0	0	0	0	0	0	0	0	0	CAGAT
chr7	55249162	1	G	1	0	0	0	0	0	0	0	0	0	0	AGATC
chr7	55249163	1	A	1	0	0	0	0	0	0	0	0	0	0	GATCG
chr7	55249164	1	T	1	0	0	0	0	0	0	0	0	0	0	ATCGC
chr7	55249165	1	C	1	0	0	0	0	0	0	0	0	0	0	TCGCA
chr7	55249166	1	G	1	0	0	0	0	0	0	0	0	0	0	CGCAA
chr7	55249167	1	C	1	0	0	0	0	0	0	0	0	0	0	GCAAA
chr7	55249168	1	A	1	0	0	0	0	0	0	0	0	0	0	CAAAG
chr7	55249169	1	A	1	0	0	0	0	0	0	0	0	0	0	AAAGG
chr7	55249170	1	A	1	0	0	0	0	0	0	0	0	0	0	AAGGT
chr7	55249171	1	G	1	0	0	0	0	0	0	0	0	0	0	AGGTA
chr7	55259514	2	C	0	2	0	0	0	0	0	0	0	0	0	GCTGG
chr7	55259515	2	T	0	2	0	0	0	0	0	0	0	0	0	CTGGC
chr7	55259516	2	G	0	2	0	0	0	0	0	0	0	0	0	TGGCC
chr7	55259523	2	C	0	2	0	0	0	0	0	0	0	0	0	ACTGC
chr7	55259524	2	T	0	2	0	0	0	0	0	0	0	0	0	CTGCT
chr7	55259525	2	G	0	2	0	0	0	0	0	0	0	0	0	TGCTG
chr7	140453135	364	C	121	243	0	0	0	0	0	0	0	0	0	TCACT
chr7	140453136	366	A	122	244	0	0	0	0	0	0	0	0	0	CACTG
chr7	140453137	350	C	124	223	0	1	0	0	0	2	0	0	0	ACTGT
chr12	329991	1	T	1	0	0	0	0	0	0	0	0	0	123	ATACC	nan	nan	nan	nan
chr12	25380274	763	C	543	220	0	0	0	0	0	0	0	0	0	TCTTG
chr12	25380275	762	T	541	221	0	0	0	0	0	0	0	0	0	CTTGA
chr12	25380276	767	T	538	225	0	0	3	1	0	0	0	0	0	TTGAC
chr12	25380277	770	G	547	223	0	0	0	0	0	0	0	0	0	TGACC
chr12	25380278	768	A	548	216	0	0	0	0	0	0	0	3	0	GACCT
chr12	25398283	734	A	243	488	0	0	0	0	2	0	0	1	0	CACCA
chr12	25398284	741	C	244	495	2	0	0	0	0	0	0	0	0	ACCAG
chr12	25398285	746	C	250	496	0	0	0	0	0	0	0	0	0	CCAGC
chr12	25398286	749	A	247	502	0	0	0	0	0	0	0	0	0	CAGCT
