CHR	POS	DEPTH	REF	R+	R-	A+	A-	C+	C-	T+	T-	G+	G-	PAD	MOTIF
chr7	1022478	1	A	1	0	0	0	0	0	0	0	0	0	369	CAAAG	nan	nan	nan	nan
chr7	55241706	1	G	0	1	0	0	0	0	0	0	0	0	0	TGGGC
chr7	55241707	1	G	0	1	0	0	0	0	0	0	0	0	0	GGGCT
chr7	55241708	1	G	0	1	0	0	0	0	0	0	0	0	0	GGCTC
chr7	55241709	1	C	0	1	0	0	0	0	0	0	0	0	0	GCTCC
chr7	55249002	1	C	1	0	0	0	0	0	0	0	0	0	0	GCCAG
chr7	55249003	1	C	1	0	0	0	0	0	0	0	0	0	0	CCAGC
chr7	55249004	1	A	1	0	0	0	0	0	0	0	0	0	0	CAGCG
chr7	55249005	1	G	1	0	0	0	0	0	0	0	0	0	0	AGCGT
chr7	55249006	1	C	1	0	0	0	0	0	0	0	0	0	0	GCGTG
chr7	55249007	1	G	1	0	0	0	0	0	0	0	0	0	0	CGTGG
chr7	55249008	1	T	1	0	0	0	0	0	0	0	0	0	0	GTGGA
chr7	55249009	1	G	1	0	0	0	0	0	0	0	0	0	0	TGGAC
chr7	55249010	1	G	1	0	0	0	0	0	0	0	0	0	0	GGACA
chr7	55249011	1	A	1	0	0	0	0	0	0	0	0	0	0	GACAA
chr7	55249012	1	C	1	0	0	0	0	0	0	0	0	0	0	ACAAC
chr7	55249013	1	A	1	0	0	0	0	0	0	0	0	0	0	CAACC
chr7	55249014	1	A	1	0	0	0	0	0	0	0	0	0	0	AACCC
chr7	55249015	1	C	1	0	0	0	0	0	0	0	0	0	0	ACCCC
chr7	55249016	1	C	1	0	0	0	0	0	0	0	0	0	0	CCCCC
chr7	55249017	1	C	1	0	0	0	0	0	0	0	0	0	0	CCCCA
chr7	55249018	1	C	1	0	0	0	0	0	0	0	0	0	0	CCCAC
chr7	55249019	2	C	1	1	0	0	0	0	0	0	0	0	0	CCACG
chr7	55249020	2	A	1	1	0	0	0	0	0	0	0	0	0	CACGT
chr7	55249021	2	C	1	1	0	0	0	0	0	0	0	0	0	ACGTG
chr7	55249022	2	G	1	1	0	0	0	0	0	0	0	0	0	CGTGT
chr7	55249023	2	T	1	1	0	0	0	0	0	0	0	0	0	GTGTG
chr7	55249024	3	G	2	1	0	0	0	0	0	0	0	0	0	TGTGC
chr7	55249025	3	T	2	1	0	0	0	0	0	0	0	0	0	GTGCC
chr7	55249026	3	G	2	1	0	0	0	0	0	0	0	0	0	TGCCG
chr7	55249027	3	C	2	1	0	0	0	0	0	0	0	0	0	GCCGC
chr7	55249028	3	C	2	1	0	0	0	0	0	0	0	0	0	CCGCC
chr7	55249029	3	G	2	1	0	0	0	0	0	0	0	0	0	CGCCT
chr7	55249030	3	C	2	1	0	0	0	0	0	0	0	0	0	GCCTG
chr7	55249031	3	C	2	1	0	0	0	0	0	0	0	0	0	CCTGC
chr7	55249032	3	T	2	1	0	0	0	0	0	0	0	0	0	CTGCT
chr7	55249033	3	G	2	1	0	0	0	0	0	0	0	0	0	TGCTG
chr7	55249034	3	C	2	1	0	0	0	0	0	0	0	0	0	GCTGG
chr7	55249035	3	T	2	1	0	0	0	0	0	0	0	0	0	CTGGG
chr7	55249036	3	G	2	1	0	0	0	0	0	0	0	0	0	TGGGC
chr7	55249037	3	G	2	1	0	0	0	0	0	0	0	0	0	GGGCA
chr7	55249038	3	G	2	1	0	0	0	0	0	0	0	0	0	GGCAT
chr7	55249039	3	C	2	1	0	0	0	0	0	0	0	0	0	GCATC
chr7	55249040	3	A	2	1	0	0	0	0	0	0	0	0	0	CATCT
chr7	55249041	3	T	2	1	0	0	0	0	0	0	0	0	0	ATCTG
chr7	55249042	3	C	2	1	0	0	0	0	0	0	0	0	0	TCTGC
chr7	55249043	3	T	2	1	0	0	0	0	0	0	0	0	0	CTGCC
chr7	55249044	3	G	2	1	0	0	0	0	0	0	0	0	0	TGCCT
chr7	55249045	3	C	2	1	0	0	0	0	0	0	0	0	0	GCCTC
chr7	55249046	3	C	2	1	0	0	0	0	0	0	0	0	0	CCTCA
chr7	55249047	3	T	2	1	0	0	0	0	0	0	0	0	0	CTCAC
chr7	55249048	3	C	2	1	0	0	0	0	0	0	0	0	0	TCACC
chr7	55249049	3	A	2	1	0	0	0	0	0	0	0	0	0	CACCT
chr7	55249050	3	C	2	1	0	0	0	0	0	0	0	0	0	ACCTC
chr7	55249051	3	C	2	1	0	0	0	0	0	0	0	0	0	CCTCC
chr7	55249052	3	T	2	1	0	0	0	0	0	0	0	0	0	CTCCA
chr7	55249053	3	C	2	1	0	0	0	0	0	0	0	0	0	TCCAC
chr7	55249054	3	C	2	1	0	0	0	0	0	0	0	0	0	CCACC
chr7	55249055	3	A	2	1	0	0	0	0	0	0	0	0	0	CACCG
chr7	55249056	3	C	2	1	0	0	0	0	0	0	0	0	0	ACCGT
chr7	55249057	3	C	2	1	0	0	0	0	0	0	0	0	0	CCGTG
chr7	55249058	3	G	2	1	0	0	0	0	0	0	0	0	0	CGTGC
chr7	55249059	3	T	2	1	0	0	0	0	0	0	0	0	0	GTGCA
chr7	55249060	3	G	2	1	0	0	0	0	0	0	0	0	0	TGCAG
chr7	55249061	3	C	2	1	0	0	0	0	0	0	0	0	0	GCAGC
chr7	55249062	3	A	2	1	0	0	0	0	0	0	0	0	0	CAGCT
chr7	55249063	3	G	1	1	1	0	0	0	0	0	0	0	0	AGCTC
chr7	55249064	3	C	2	1	0	0	0	0	0	0	0	0	0	GCTCA
chr7	55249065	3	T	2	1	0	0	0	0	0	0	0	0	0	CTCAT
chr7	55249066	3	C	2	1	0	0	0	0	0	0	0	0	0	TCATC
chr7	55249067	3	A	2	1	0	0	0	0	0	0	0	0	0	CATCA
chr7	55249068	3	T	2	1	0	0	0	0	0	0	0	0	0	ATCAC
chr7	55249069	3	C	2	1	0	0	0	0	0	0	0	0	0	TCACG
chr7	55249070	3	A	2	1	0	0	0	0	0	0	0	0	0	CACGC
chr7	55249071	3	C	2	1	0	0	0	0	0	0	0	0	0	ACGCA
chr7	55249072	3	G	2	1	0	0	0	0	0	0	0	0	0	CGCAG
chr7	55249073	3	C	2	1	0	0	0	0	0	0	0	0	0	GCAGC
chr7	55249074	3	A	2	1	0	0	0	0	0	0	0	0	0	CAGCT
chr7	55249075	3	G	2	1	0	0	0	0	0	0	0	0	0	AGCTC
chr7	55249076	3	C	2	1	0	0	0	0	0	0	0	0	0	GCTCA
chr7	55249077	3	T	2	1	0	0	0	0	0	0	0	0	0	CTCAT
chr7	55249078	3	C	2	1	0	0	0	0	0	0	0	0	0	TCATG
chr7	55249079	3	A	2	1	0	0	0	0	0	0	0	0	0	CATGC
chr7	55249080	3	T	2	1	0	0	0	0	0	0	0	0	0	ATGCC
chr7	55249081	3	G	2	1	0	0	0	0	0	0	0	0	0	TGCCC
chr7	55249082	3	C	2	1	0	0	0	0	0	0	0	0	0	GCCCT
chr7	55249083	3	C	2	1	0	0	0	0	0	0	0	0	0	CCCTT
chr7	55249084	3	C	2	1	0	0	0	0	0	0	0	0	0	CCTTC
chr7	55249085	3	T	2	1	0	0	0	0	0	0	0	0	0	CTTCG
chr7	55249086	3	T	2	1	0	0	0	0	0	0	0	0	0	TTCGG
chr7	55249087	3	C	2	1	0	0	0	0	0	0	0	0	0	TCGGC
chr7	55249088	3	G	2	1	0	0	0	0	0	0	0	0	0	CGGCT
chr7	55249089	3	G	2	1	0	0	0	0	0	0	0	0	0	GGCTG
chr7	55249090	3	C	2	1	0	0	0	0	0	0	0	0	0	GCTGC
chr7	55249091	3	T	2	1	0	0	0	0	0	0	0	0	0	CTGCC
chr7	55249092	3	G	2	1	0	0	0	0	0	0	0	0	0	TGCCT
chr7	55249093	3	C	2	1	0	0	0	0	0	0	0	0	0	GCCTC
chr7	55249094	3	C	2	1	0	0	0	0	0	0	0	0	0	CCTCC
chr7	55249095	3	T	2	1	0	0	0	0	0	0	0	0	0	CTCCT
chr7	55249096	3	C	2	1	0	0	0	0	0	0	0	0	0	TCCTG
chr7	55249097	3	C	2	1	0	0	0	0	0	0	0	0	0	CCTGG
chr7	55249098	3	T	2	1	0	0	0	0	0	0	0	0	0	CTGGA
chr7	55249099	3	G	2	1	0	0	0	0	0	0	0	0	0	TGGAC
chr7	55249100	3	G	2	1	0	0	0	0	0	0	0	0	0	GGACT
chr7	55249101	3	A	2	1	0	0	0	0	0	0	0	0	0	GACTA
chr7	55249102	3	C	2	1	0	0	0	0	0	0	0	0	0	ACTAT
chr7	55249103	3	T	2	1	0	0	0	0	0	0	0	0	0	CTATG
chr7	55249104	3	A	2	1	0	0	0	0	0	0	0	0	0	TATGT
chr7	55249105	3	T	2	1	0	0	0	0	0	0	0	0	0	ATGTC
chr7	55249106	3	G	2	1	0	0	0	0	0	0	0	0	0	TGTCC
chr7	55249107	3	T	2	1	0	0	0	0	0	0	0	0	0	GTCCG
chr7	55249108	3	C	2	1	0	0	0	0	0	0	0	0	0	TCCGG
chr7	55249109	3	C	2	1	0	0	0	0	0	0	0	0	0	CCGGG
chr7	55249110	3	G	2	1	0	0	0	0	0	0	0	0	0	CGGGA
chr7	55249111	3	G	2	1	0	0	0	0	0	0	0	0	0	GGGAA
chr7	55249112	3	G	2	1	0	0	0	0	0	0	0	0	0	GGAAC
chr7	55249113	3	A	2	1	0	0	0	0	0	0	0	0	0	GAACA
chr7	55249114	3	A	2	1	0	0	0	0	0	0	0	0	0	AACAC
chr7	55249115	3	C	2	1	0	0	0	0	0	0	0	0	0	ACACA
chr7	55249116	3	A	2	1	0	0	0	0	0	0	0	0	0	CACAA
chr7	55249117	3	C	2	1	0	0	0	0	0	0	0	0	0	ACAAA
chr7	55249118	3	A	2	1	0	0	0	0	0	0	0	0	0	CAAAG
chr7	55249119	3	A	2	1	0	0	0	0	0	0	0	0	0	AAAGA
chr7	55249120	3	A	2	1	0	0	0	0	0	0	0	0	0	AAGAC
chr7	55249121	3	G	1	2	0	0	0	0	0	0	0	0	0	AGACA
chr7	55249122	3	A	1	2	0	0	0	0	0	0	0	0	0	GACAA
chr7	55249123	3	C	1	2	0	0	0	0	0	0	0	0	0	ACAAT
chr7	55249124	3	A	1	2	0	0	0	0	0	0	0	0	0	CAATA
chr7	55249125	3	A	1	2	0	0	0	0	0	0	0	0	0	AATAT
chr7	55249126	3	T	1	2	0	0	0	0	0	0	0	0	0	ATATT
chr7	55249127	3	A	1	2	0	0	0	0	0	0	0	0	0	TATTG
chr7	55249128	3	T	2	1	0	0	0	0	0	0	0	0	0	ATTGG
chr7	55249129	2	T	1	1	0	0	0	0	0	0	0	0	0	TTGGC
chr7	55249130	2	G	1	1	0	0	0	0	0	0	0	0	0	TGGCT
chr7	55249131	2	G	1	1	0	0	0	0	0	0	0	0	0	GGCTC
chr7	55249132	2	C	1	1	0	0	0	0	0	0	0	0	0	GCTCC
chr7	55249133	2	T	1	1	0	0	0	0	0	0	0	0	0	CTCCC
chr7	55249134	2	C	1	1	0	0	0	0	0	0	0	0	0	TCCCA
chr7	55249135	3	C	2	1	0	0	0	0	0	0	0	0	0	CCCAG
chr7	55249136	3	C	2	1	0	0	0	0	0	0	0	0	0	CCAGT
chr7	55249137	3	A	2	1	0	0	0	0	0	0	0	0	0	CAGTA
chr7	55249138	2	G	1	1	0	0	0	0	0	0	0	0	0	AGTAC
chr7	55249139	2	T	1	1	0	0	0	0	0	0	0	0	0	GTACC
chr7	55249140	2	A	1	1	0	0	0	0	0	0	0	0	0	TACCT
chr7	55249141	1	C	0	1	0	0	0	0	0	0	0	0	0	ACCTG
chr7	55249142	1	C	0	1	0	0	0	0	0	0	0	0	0	CCTGC
chr7	55249143	1	T	0	1	0	0	0	0	0	0	0	0	0	CTGCT
chr7	55249144	1	G	0	1	0	0	0	0	0	0	0	0	0	TGCTC
chr7	55249145	1	C	0	1	0	0	0	0	0	0	0	0	0	GCTCA
chr7	55249146	1	T	0	1	0	0	0	0	0	0	0	0	0	CTCAA
chr7	55249147	1	C	0	1	0	0	0	0	0	0	0	0	0	TCAAC
chr7	55249148	1	A	0	1	0	0	0	0	0	0	0	0	0	CAACT
chr7	55249149	1	A	0	1	0	0	0	0	0	0	0	0	0	AACTG
chr7	55249150	1	C	0	1	0	0	0	0	0	0	0	0	0	ACTGG
chr7	55249151	1	T	0	1	0	0	0	0	0	0	0	0	0	CTGGT
chr7	55249152	1	G	0	1	0	0	0	0	0	0	0	0	0	TGGTG
chr7	55249153	1	G	0	1	0	0	0	0	0	0	0	0	0	GGTGT
chr7	55249154	1	T	0	1	0	0	0	0	0	0	0	0	0	GTGTG
chr7	55249155	1	G	0	1	0	0	0	0	0	0	0	0	0	TGTGT
chr7	55249156	1	T	0	1	0	0	0	0	0	0	0	0	0	GTGTG
chr7	55249157	1	G	0	1	0	0	0	0	0	0	0	0	0	TGTGC
chr7	55249158	1	T	0	1	0	0	0	0	0	0	0	0	0	GTGCA
chr7	55249159	2	G	0	2	0	0	0	0	0	0	0	0	0	TGCAG
chr7	55249160	2	C	0	2	0	0	0	0	0	0	0	0	0	GCAGA
chr7	55249161	2	A	0	2	0	0	0	0	0	0	0	0	0	CAGAT
chr7	55249162	2	G	0	2	0	0	0	0	0	0	0	0	0	AGATC
chr7	55249163	2	A	0	2	0	0	0	0	0	0	0	0	0	GATCG
chr7	55249164	2	T	0	2	0	0	0	0	0	0	0	0	0	ATCGC
chr7	55249165	2	C	0	2	0	0	0	0	0	0	0	0	0	TCGCA
chr7	55249166	2	G	0	2	0	0	0	0	0	0	0	0	0	CGCAA
chr7	55249167	2	C	0	2	0	0	0	0	0	0	0	0	0	GCAAA
chr7	55249168	2	A	0	2	0	0	0	0	0	0	0	0	0	CAAAG
chr7	55249169	2	A	0	2	0	0	0	0	0	0	0	0	0	AAAGG
chr7	55249170	2	A	0	2	0	0	0	0	0	0	0	0	0	AAGGT
chr7	55249171	2	G	0	2	0	0	0	0	0	0	0	0	0	AGGTA
chr7	55259514	3	C	2	1	0	0	0	0	0	0	0	0	0	GCTGG
chr7	55259515	3	T	2	1	0	0	0	0	0	0	0	0	0	CTGGC
chr7	55259516	3	G	2	1	0	0	0	0	0	0	0	0	0	TGGCC
chr7	55259523	2	C	2	0	0	0	0	0	0	0	0	0	0	ACTGC
chr7	55259524	2	T	2	0	0	0	0	0	0	0	0	0	0	CTGCT
chr7	55259525	2	G	2	0	0	0	0	0	0	0	0	0	0	TGCTG
chr7	140453135	996	C	409	586	0	0	0	0	0	1	0	0	0	TCACT
chr7	140453136	995	A	409	586	0	0	0	0	0	0	0	0	0	CACTG
chr7	140453137	974	C	408	555	0	0	0	0	0	11	0	0	0	ACTGT
chr12	330042	1	C	1	0	0	0	0	0	0	0	0	0	71	GCTGC	nan	nan	nan	nan
chr12	25380274	2084	C	1308	776	0	0	0	0	0	0	0	0	0	TCTTG
chr12	25380275	2094	T	1316	777	0	0	0	0	0	0	1	0	0	CTTGA
chr12	25380276	2116	T	1325	776	0	1	11	1	0	0	2	0	0	TTGAC
chr12	25380277	2093	G	1337	754	1	0	0	0	0	1	0	0	0	TGACC
chr12	25380278	2097	A	1342	750	0	0	0	0	0	1	1	3	0	GACCT
chr12	25398283	1853	A	740	1111	0	0	0	0	0	1	1	0	0	CACCA
chr12	25398284	1868	C	733	1133	2	0	0	0	0	0	0	0	0	ACCAG
chr12	25398285	1858	C	738	1120	0	0	0	0	0	0	0	0	0	CCAGC
chr12	25398286	1853	A	735	1117	0	0	0	0	0	1	0	0	0	CAGCT
