CHR	POS	DEPTH	REF	R+	R-	A+	A-	C+	C-	T+	T-	G+	G-	PAD	MOTIF
chr7	1026846	1	C	0	1	0	0	0	0	0	0	0	0	0	GCCGC	nan	nan	nan	nan
chr7	140453135	972	C	372	598	0	0	0	0	0	2	0	0	0	TCACT
chr7	140453136	981	A	376	604	0	0	0	0	0	1	0	0	0	CACTG
chr7	140453137	953	C	376	569	0	1	0	0	0	7	0	0	0	ACTGT
chr12	335655	1	T	1	0	0	0	0	0	0	0	0	0	0	TTGAG	nan	nan	nan	nan
chr12	25380274	1681	C	974	707	0	0	0	0	0	0	0	0	0	TCTTG
chr12	25380275	1681	T	972	709	0	0	0	0	0	0	0	0	0	CTTGA
chr12	25380276	1701	T	975	713	0	0	12	0	0	0	1	0	0	TTGAC
chr12	25380277	1685	G	986	697	0	1	0	0	0	0	0	0	0	TGACC
chr12	25380278	1685	A	983	698	0	0	0	0	0	0	0	4	0	GACCT
chr12	25398283	1402	A	483	915	0	0	0	0	1	0	1	2	0	CACCA
chr12	25398284	1416	C	482	930	3	0	0	0	0	0	1	0	0	ACCAG
chr12	25398285	1413	C	482	931	0	0	0	0	0	0	0	0	0	CCAGC
chr12	25398286	1420	A	478	940	0	0	0	0	0	2	0	0	0	CAGCT
