CHR	POS	DEPTH	REF	R+	R-	A+	A-	C+	C-	T+	T-	G+	G-	PAD	MOTIF
chr7	1026279	1	G	0	1	0	0	0	0	0	0	0	0	0	TGGCT
chr7	55241706	7	G	2	5	0	0	0	0	0	0	0	0	0	TGGGC
chr7	55241707	6	G	2	4	0	0	0	0	0	0	0	0	0	GGGCT
chr7	55241708	7	G	2	5	0	0	0	0	0	0	0	0	0	GGCTC
chr7	55241709	7	C	2	5	0	0	0	0	0	0	0	0	0	GCTCC
chr7	55242415	7	G	2	5	0	0	0	0	0	0	0	0	0	GGGAC
chr7	55242416	7	G	2	5	0	0	0	0	0	0	0	0	0	GGACT
chr7	55242417	7	A	2	5	0	0	0	0	0	0	0	0	0	GACTC
chr7	55242418	7	C	2	5	0	0	0	0	0	0	0	0	0	ACTCT
chr7	55242419	7	T	2	5	0	0	0	0	0	0	0	0	0	CTCTG
chr7	55242420	7	C	2	5	0	0	0	0	0	0	0	0	0	TCTGG
chr7	55242421	7	T	2	5	0	0	0	0	0	0	0	0	0	CTGGA
chr7	55242422	7	G	2	5	0	0	0	0	0	0	0	0	0	TGGAT
chr7	55242423	7	G	2	5	0	0	0	0	0	0	0	0	0	GGATC
chr7	55242424	7	A	2	5	0	0	0	0	0	0	0	0	0	GATCC
chr7	55242425	7	T	2	5	0	0	0	0	0	0	0	0	0	ATCCC
chr7	55242426	7	C	2	5	0	0	0	0	0	0	0	0	0	TCCCA
chr7	55242427	7	C	2	5	0	0	0	0	0	0	0	0	0	CCCAG
chr7	55242428	7	C	2	5	0	0	0	0	0	0	0	0	0	CCAGA
chr7	55242429	7	A	2	5	0	0	0	0	0	0	0	0	0	CAGAA
chr7	55242430	7	G	2	5	0	0	0	0	0	0	0	0	0	AGAAG
chr7	55242431	7	A	2	5	0	0	0	0	0	0	0	0	0	GAAGG
chr7	55242432	7	A	2	5	0	0	0	0	0	0	0	0	0	AAGGT
chr7	55242433	7	G	2	5	0	0	0	0	0	0	0	0	0	AGGTG
chr7	55242434	7	G	2	5	0	0	0	0	0	0	0	0	0	GGTGA
chr7	55242435	7	T	2	5	0	0	0	0	0	0	0	0	0	GTGAG
chr7	55242436	7	G	2	5	0	0	0	0	0	0	0	0	0	TGAGA
chr7	55242437	7	A	2	5	0	0	0	0	0	0	0	0	0	GAGAA
chr7	55242438	7	G	2	5	0	0	0	0	0	0	0	0	0	AGAAA
chr7	55242439	7	A	2	5	0	0	0	0	0	0	0	0	0	GAAAG
chr7	55242440	7	A	2	5	0	0	0	0	0	0	0	0	0	AAAGT
chr7	55242441	7	A	2	5	0	0	0	0	0	0	0	0	0	AAGTT
chr7	55242442	8	G	2	6	0	0	0	0	0	0	0	0	0	AGTTA
chr7	55242443	6	T	1	5	0	0	0	0	0	0	0	0	0	GTTAA
chr7	55242444	6	T	1	5	0	0	0	0	0	0	0	0	0	TTAAA
chr7	55242445	5	A	1	4	0	0	0	0	0	0	0	0	0	TAAAA
chr7	55242446	5	A	1	4	0	0	0	0	0	0	0	0	0	AAAAT
chr7	55242447	5	A	1	4	0	0	0	0	0	0	0	0	0	AAATT
chr7	55242448	5	A	1	4	0	0	0	0	0	0	0	0	0	AATTC
chr7	55242449	5	T	1	4	0	0	0	0	0	0	0	0	0	ATTCC
chr7	55242450	5	T	1	4	0	0	0	0	0	0	0	0	0	TTCCC
chr7	55242451	5	C	1	4	0	0	0	0	0	0	0	0	0	TCCCG
chr7	55242452	5	C	1	4	0	0	0	0	0	0	0	0	0	CCCGT
chr7	55242453	5	C	1	4	0	0	0	0	0	0	0	0	0	CCGTC
chr7	55242454	5	G	1	4	0	0	0	0	0	0	0	0	0	CGTCG
chr7	55242455	4	T	0	4	0	0	0	0	0	0	0	0	0	GTCGC
chr7	55242456	4	C	0	4	0	0	0	0	0	0	0	0	0	TCGCT
chr7	55242457	4	G	0	4	0	0	0	0	0	0	0	0	0	CGCTA
chr7	55242458	4	C	0	4	0	0	0	0	0	0	0	0	0	GCTAT
chr7	55242459	4	T	0	4	0	0	0	0	0	0	0	0	0	CTATC
chr7	55242460	4	A	0	4	0	0	0	0	0	0	0	0	0	TATCA
chr7	55242461	4	T	0	4	0	0	0	0	0	0	0	0	0	ATCAA
chr7	55242462	4	C	0	4	0	0	0	0	0	0	0	0	0	TCAAG
chr7	55242463	4	A	0	4	0	0	0	0	0	0	0	0	0	CAAGG
chr7	55242464	3	A	0	3	0	0	0	0	0	0	0	0	0	AAGGA
chr7	55242465	3	G	0	3	0	0	0	0	0	0	0	0	0	AGGAA
chr7	55242466	3	G	0	3	0	0	0	0	0	0	0	0	0	GGAAT
chr7	55242467	3	A	0	3	0	0	0	0	0	0	0	0	0	GAATT
chr7	55242468	3	A	0	3	0	0	0	0	0	0	0	0	0	AATTA
chr7	55242469	4	T	1	3	0	0	0	0	0	0	0	0	0	ATTAA
chr7	55242470	3	T	1	2	0	0	0	0	0	0	0	0	0	TTAAG
chr7	55242471	2	A	0	2	0	0	0	0	0	0	0	0	0	TAAGA
chr7	55242472	2	A	0	2	0	0	0	0	0	0	0	0	0	AAGAG
chr7	55242473	2	G	0	2	0	0	0	0	0	0	0	0	0	AGAGA
chr7	55242474	2	A	0	2	0	0	0	0	0	0	0	0	0	GAGAA
chr7	55242475	2	G	0	2	0	0	0	0	0	0	0	0	0	AGAAG
chr7	55242476	2	A	0	2	0	0	0	0	0	0	0	0	0	GAAGC
chr7	55242477	2	A	0	2	0	0	0	0	0	0	0	0	0	AAGCA
chr7	55242478	2	G	0	2	0	0	0	0	0	0	0	0	0	AGCAA
chr7	55242479	2	C	0	2	0	0	0	0	0	0	0	0	0	GCAAC
chr7	55242480	2	A	0	2	0	0	0	0	0	0	0	0	0	CAACA
chr7	55242481	2	A	0	2	0	0	0	0	0	0	0	0	0	AACAT
chr7	55242482	2	C	0	2	0	0	0	0	0	0	0	0	0	ACATC
chr7	55242483	2	A	0	2	0	0	0	0	0	0	0	0	0	CATCT
chr7	55242484	2	T	0	2	0	0	0	0	0	0	0	0	0	ATCTC
chr7	55242485	2	C	0	2	0	0	0	0	0	0	0	0	0	TCTCC
chr7	55242486	2	T	0	2	0	0	0	0	0	0	0	0	0	CTCCG
chr7	55242487	2	C	0	2	0	0	0	0	0	0	0	0	0	TCCGA
chr7	55242488	2	C	0	2	0	0	0	0	0	0	0	0	0	CCGAA
chr7	55242489	2	G	0	2	0	0	0	0	0	0	0	0	0	CGAAA
chr7	55242490	2	A	0	2	0	0	0	0	0	0	0	0	0	GAAAG
chr7	55242491	2	A	0	2	0	0	0	0	0	0	0	0	0	AAAGC
chr7	55242492	2	A	0	2	0	0	0	0	0	0	0	0	0	AAGCC
chr7	55242493	2	G	0	2	0	0	0	0	0	0	0	0	0	AGCCA
chr7	55242494	2	C	0	2	0	0	0	0	0	0	0	0	0	GCCAA
chr7	55242495	2	C	0	2	0	0	0	0	0	0	0	0	0	CCAAC
chr7	55242496	2	A	0	2	0	0	0	0	0	0	0	0	0	CAACA
chr7	55242497	2	A	0	2	0	0	0	0	0	0	0	0	0	AACAA
chr7	55242498	2	C	0	2	0	0	0	0	0	0	0	0	0	ACAAG
chr7	55242499	2	A	0	2	0	0	0	0	0	0	0	0	0	CAAGG
chr7	55242500	2	A	0	2	0	0	0	0	0	0	0	0	0	AAGGA
chr7	55242501	2	G	0	2	0	0	0	0	0	0	0	0	0	AGGAA
chr7	55242502	2	G	0	2	0	0	0	0	0	0	0	0	0	GGAAA
chr7	55242503	2	A	0	2	0	0	0	0	0	0	0	0	0	GAAAT
chr7	55242504	2	A	0	2	0	0	0	0	0	0	0	0	0	AAATC
chr7	55242505	2	A	0	2	0	0	0	0	0	0	0	0	0	AATCC
chr7	55242506	2	T	0	2	0	0	0	0	0	0	0	0	0	ATCCT
chr7	55259514	1	C	1	0	0	0	0	0	0	0	0	0	0	GCTGG
chr7	55259515	1	T	0	0	0	0	0	0	0	0	1	0	0	CTGGC
chr7	55259516	1	G	1	0	0	0	0	0	0	0	0	0	0	TGGCC
chr7	55259523	1	C	1	0	0	0	0	0	0	0	0	0	0	ACTGC
chr7	55259524	1	T	1	0	0	0	0	0	0	0	0	0	0	CTGCT
chr7	55259525	1	G	1	0	0	0	0	0	0	0	0	0	0	TGCTG
chr7	140453135	412	C	142	269	0	0	0	0	1	0	0	0	0	TCACT
chr7	140453136	413	A	143	270	0	0	0	0	0	0	0	0	0	CACTG
chr7	140453137	401	C	146	255	0	0	0	0	0	0	0	0	0	ACTGT
chr12	335549	1	C	0	1	0	0	0	0	0	0	0	0	9	ACACT
chr12	25380274	1520	C	797	723	0	0	0	0	0	0	0	0	0	TCTTG
chr12	25380275	1521	T	798	723	0	0	0	0	0	0	0	0	0	CTTGA
chr12	25380276	1528	T	795	723	0	0	10	0	0	0	0	0	0	TTGAC
chr12	25380277	1531	G	808	723	0	0	0	0	0	0	0	0	0	TGACC
chr12	25380278	1522	A	796	724	0	0	0	0	0	0	0	2	0	GACCT
chr12	25398283	904	A	335	566	0	0	0	0	0	0	0	2	0	CACCA
chr12	25398284	910	C	334	575	0	1	0	0	0	0	0	0	0	ACCAG
chr12	25398285	908	C	333	575	0	0	0	0	0	0	0	0	0	CCAGC
chr12	25398286	909	A	331	578	0	0	0	0	0	0	0	0	0	CAGCT
