CHR	POS	DEPTH	REF	R+	R-	A+	A-	C+	C-	T+	T-	G+	G-	PAD	MOTIF
chr7	1022498	1	T	1	0	0	0	0	0	0	0	0	0	349	TTCTG	nan	nan	nan	nan
chr7	55241706	6	G	4	2	0	0	0	0	0	0	0	0	0	TGGGC
chr7	55241707	6	G	4	2	0	0	0	0	0	0	0	0	0	GGGCT
chr7	55241708	6	G	4	2	0	0	0	0	0	0	0	0	0	GGCTC
chr7	55241709	6	C	4	2	0	0	0	0	0	0	0	0	0	GCTCC
chr7	55242415	7	G	5	2	0	0	0	0	0	0	0	0	0	GGGAC
chr7	55242416	7	G	5	2	0	0	0	0	0	0	0	0	0	GGACT
chr7	55242417	7	A	5	2	0	0	0	0	0	0	0	0	0	GACTC
chr7	55242418	7	C	5	2	0	0	0	0	0	0	0	0	0	ACTCT
chr7	55242419	7	T	5	2	0	0	0	0	0	0	0	0	0	CTCTG
chr7	55242420	7	C	5	2	0	0	0	0	0	0	0	0	0	TCTGG
chr7	55242421	7	T	5	2	0	0	0	0	0	0	0	0	0	CTGGA
chr7	55242422	7	G	5	2	0	0	0	0	0	0	0	0	0	TGGAT
chr7	55242423	7	G	5	2	0	0	0	0	0	0	0	0	0	GGATC
chr7	55242424	7	A	5	2	0	0	0	0	0	0	0	0	0	GATCC
chr7	55242425	7	T	5	2	0	0	0	0	0	0	0	0	0	ATCCC
chr7	55242426	7	C	5	2	0	0	0	0	0	0	0	0	0	TCCCA
chr7	55242427	7	C	5	2	0	0	0	0	0	0	0	0	0	CCCAG
chr7	55242428	7	C	5	2	0	0	0	0	0	0	0	0	0	CCAGA
chr7	55242429	6	A	4	2	0	0	0	0	0	0	0	0	0	CAGAA
chr7	55242430	7	G	5	2	0	0	0	0	0	0	0	0	0	AGAAG
chr7	55242431	7	A	5	2	0	0	0	0	0	0	0	0	0	GAAGG
chr7	55242432	7	A	5	2	0	0	0	0	0	0	0	0	0	AAGGT
chr7	55242433	9	G	7	2	0	0	0	0	0	0	0	0	0	AGGTG
chr7	55242434	9	G	7	2	0	0	0	0	0	0	0	0	0	GGTGA
chr7	55242435	9	T	7	2	0	0	0	0	0	0	0	0	0	GTGAG
chr7	55242436	9	G	7	2	0	0	0	0	0	0	0	0	0	TGAGA
chr7	55242437	9	A	7	2	0	0	0	0	0	0	0	0	0	GAGAA
chr7	55242438	9	G	7	2	0	0	0	0	0	0	0	0	0	AGAAA
chr7	55242439	9	A	7	2	0	0	0	0	0	0	0	0	0	GAAAG
chr7	55242440	9	A	7	2	0	0	0	0	0	0	0	0	0	AAAGT
chr7	55242441	9	A	7	2	0	0	0	0	0	0	0	0	0	AAGTT
chr7	55242442	9	G	7	2	0	0	0	0	0	0	0	0	0	AGTTA
chr7	55242443	9	T	7	2	0	0	0	0	0	0	0	0	0	GTTAA
chr7	55242444	7	T	6	1	0	0	0	0	0	0	0	0	0	TTAAA
chr7	55242445	7	A	6	1	0	0	0	0	0	0	0	0	0	TAAAA
chr7	55242446	6	A	5	1	0	0	0	0	0	0	0	0	0	AAAAT
chr7	55242447	7	A	6	1	0	0	0	0	0	0	0	0	0	AAATT
chr7	55242448	7	A	6	1	0	0	0	0	0	0	0	0	0	AATTC
chr7	55242449	7	T	6	1	0	0	0	0	0	0	0	0	0	ATTCC
chr7	55242450	7	T	6	1	0	0	0	0	0	0	0	0	0	TTCCC
chr7	55242451	7	C	6	1	0	0	0	0	0	0	0	0	0	TCCCG
chr7	55242452	7	C	6	1	0	0	0	0	0	0	0	0	0	CCCGT
chr7	55242453	7	C	6	1	0	0	0	0	0	0	0	0	0	CCGTC
chr7	55242454	7	G	6	1	0	0	0	0	0	0	0	0	0	CGTCG
chr7	55242455	7	T	6	1	0	0	0	0	0	0	0	0	0	GTCGC
chr7	55242456	7	C	6	1	0	0	0	0	0	0	0	0	0	TCGCT
chr7	55242457	8	G	7	1	0	0	0	0	0	0	0	0	0	CGCTA
chr7	55242458	7	C	6	1	0	0	0	0	0	0	0	0	0	GCTAT
chr7	55242459	7	T	6	1	0	0	0	0	0	0	0	0	0	CTATC
chr7	55242460	7	A	6	1	0	0	0	0	0	0	0	0	0	TATCA
chr7	55242461	7	T	6	1	0	0	0	0	0	0	0	0	0	ATCAA
chr7	55242462	7	C	6	1	0	0	0	0	0	0	0	0	0	TCAAG
chr7	55242463	7	A	6	1	0	0	0	0	0	0	0	0	0	CAAGG
chr7	55242464	7	A	6	1	0	0	0	0	0	0	0	0	0	AAGGA
chr7	55242465	7	G	6	1	0	0	0	0	0	0	0	0	0	AGGAA
chr7	55242466	7	G	6	1	0	0	0	0	0	0	0	0	0	GGAAT
chr7	55242467	7	A	6	1	0	0	0	0	0	0	0	0	0	GAATT
chr7	55242468	7	A	6	1	0	0	0	0	0	0	0	0	0	AATTA
chr7	55242469	7	T	6	1	0	0	0	0	0	0	0	0	0	ATTAA
chr7	55242470	7	T	6	1	0	0	0	0	0	0	0	0	0	TTAAG
chr7	55242471	7	A	6	1	0	0	0	0	0	0	0	0	0	TAAGA
chr7	55242472	7	A	6	1	0	0	0	0	0	0	0	0	0	AAGAG
chr7	55242473	6	G	5	1	0	0	0	0	0	0	0	0	0	AGAGA
chr7	55242474	6	A	5	1	0	0	0	0	0	0	0	0	0	GAGAA
chr7	55242475	6	G	5	1	0	0	0	0	0	0	0	0	0	AGAAG
chr7	55242476	6	A	5	1	0	0	0	0	0	0	0	0	0	GAAGC
chr7	55242477	6	A	5	1	0	0	0	0	0	0	0	0	0	AAGCA
chr7	55242478	6	G	5	1	0	0	0	0	0	0	0	0	0	AGCAA
chr7	55242479	6	C	5	1	0	0	0	0	0	0	0	0	0	GCAAC
chr7	55242480	6	A	5	1	0	0	0	0	0	0	0	0	0	CAACA
chr7	55242481	6	A	5	1	0	0	0	0	0	0	0	0	0	AACAT
chr7	55242482	6	C	5	1	0	0	0	0	0	0	0	0	0	ACATC
chr7	55242483	6	A	5	1	0	0	0	0	0	0	0	0	0	CATCT
chr7	55242484	6	T	5	1	0	0	0	0	0	0	0	0	0	ATCTC
chr7	55242485	7	C	5	2	0	0	0	0	0	0	0	0	0	TCTCC
chr7	55242486	7	T	5	2	0	0	0	0	0	0	0	0	0	CTCCG
chr7	55242487	7	C	5	2	0	0	0	0	0	0	0	0	0	TCCGA
chr7	55242488	8	C	5	3	0	0	0	0	0	0	0	0	0	CCGAA
chr7	55242489	7	G	5	2	0	0	0	0	0	0	0	0	0	CGAAA
chr7	55242490	8	A	5	3	0	0	0	0	0	0	0	0	0	GAAAG
chr7	55242491	8	A	5	3	0	0	0	0	0	0	0	0	0	AAAGC
chr7	55242492	9	A	5	4	0	0	0	0	0	0	0	0	0	AAGCC
chr7	55242493	8	G	4	4	0	0	0	0	0	0	0	0	0	AGCCA
chr7	55242494	8	C	4	4	0	0	0	0	0	0	0	0	0	GCCAA
chr7	55242495	8	C	4	4	0	0	0	0	0	0	0	0	0	CCAAC
chr7	55242496	8	A	4	4	0	0	0	0	0	0	0	0	0	CAACA
chr7	55242497	8	A	4	4	0	0	0	0	0	0	0	0	0	AACAA
chr7	55242498	8	C	4	4	0	0	0	0	0	0	0	0	0	ACAAG
chr7	55242499	8	A	4	4	0	0	0	0	0	0	0	0	0	CAAGG
chr7	55242500	8	A	4	4	0	0	0	0	0	0	0	0	0	AAGGA
chr7	55242501	8	G	5	3	0	0	0	0	0	0	0	0	0	AGGAA
chr7	55242502	8	G	5	3	0	0	0	0	0	0	0	0	0	GGAAA
chr7	55242503	8	A	5	3	0	0	0	0	0	0	0	0	0	GAAAT
chr7	55242504	8	A	5	3	0	0	0	0	0	0	0	0	0	AAATC
chr7	55242505	8	A	5	3	0	0	0	0	0	0	0	0	0	AATCC
chr7	55242506	8	T	5	3	0	0	0	0	0	0	0	0	0	ATCCT
chr7	55242507	8	C	5	3	0	0	0	0	0	0	0	0	0	TCCTC
chr7	55242508	8	C	5	3	0	0	0	0	0	0	0	0	0	CCTCG
chr7	55242509	8	T	5	3	0	0	0	0	0	0	0	0	0	CTCGA
chr7	55242510	8	C	5	3	0	0	0	0	0	0	0	0	0	TCGAT
chr7	55242511	7	G	4	3	0	0	0	0	0	0	0	0	0	CGATG
chr7	55242512	7	A	4	3	0	0	0	0	0	0	0	0	0	GATGT
chr7	55242513	7	T	4	3	0	0	0	0	0	0	0	0	0	ATGTG
chr7	55248986	9	G	6	3	0	0	0	0	0	0	0	0	0	GGAAG
chr7	55248987	9	A	6	3	0	0	0	0	0	0	0	0	0	GAAGC
chr7	55248988	9	A	6	3	0	0	0	0	0	0	0	0	0	AAGCC
chr7	55248989	9	G	6	3	0	0	0	0	0	0	0	0	0	AGCCT
chr7	55248990	9	C	6	3	0	0	0	0	0	0	0	0	0	GCCTA
chr7	55248991	9	C	6	3	0	0	0	0	0	0	0	0	0	CCTAC
chr7	55248992	9	T	6	3	0	0	0	0	0	0	0	0	0	CTACG
chr7	55248993	9	A	6	3	0	0	0	0	0	0	0	0	0	TACGT
chr7	55248994	9	C	6	3	0	0	0	0	0	0	0	0	0	ACGTG
chr7	55248995	9	G	6	3	0	0	0	0	0	0	0	0	0	CGTGA
chr7	55248996	9	T	6	3	0	0	0	0	0	0	0	0	0	GTGAT
chr7	55248997	9	G	6	3	0	0	0	0	0	0	0	0	0	TGATG
chr7	55248998	9	A	6	3	0	0	0	0	0	0	0	0	0	GATGG
chr7	55248999	9	T	6	3	0	0	0	0	0	0	0	0	0	ATGGC
chr7	55249000	9	G	6	3	0	0	0	0	0	0	0	0	0	TGGCC
chr7	55249001	8	G	5	3	0	0	0	0	0	0	0	0	0	GGCCA
chr7	55249002	8	C	5	3	0	0	0	0	0	0	0	0	0	GCCAG
chr7	55249003	8	C	5	3	0	0	0	0	0	0	0	0	0	CCAGC
chr7	55249004	8	A	5	3	0	0	0	0	0	0	0	0	0	CAGCG
chr7	55249005	8	G	5	3	0	0	0	0	0	0	0	0	0	AGCGT
chr7	55249006	8	C	5	3	0	0	0	0	0	0	0	0	0	GCGTG
chr7	55249007	8	G	5	3	0	0	0	0	0	0	0	0	0	CGTGG
chr7	55249008	8	T	5	3	0	0	0	0	0	0	0	0	0	GTGGA
chr7	55249009	8	G	5	3	0	0	0	0	0	0	0	0	0	TGGAC
chr7	55249010	8	G	5	3	0	0	0	0	0	0	0	0	0	GGACA
chr7	55249011	9	A	6	3	0	0	0	0	0	0	0	0	0	GACAA
chr7	55249012	9	C	6	3	0	0	0	0	0	0	0	0	0	ACAAC
chr7	55249013	9	A	6	3	0	0	0	0	0	0	0	0	0	CAACC
chr7	55249014	9	A	6	3	0	0	0	0	0	0	0	0	0	AACCC
chr7	55249015	9	C	6	3	0	0	0	0	0	0	0	0	0	ACCCC
chr7	55249016	9	C	6	3	0	0	0	0	0	0	0	0	0	CCCCC
chr7	55249017	9	C	6	3	0	0	0	0	0	0	0	0	0	CCCCA
chr7	55249018	9	C	6	3	0	0	0	0	0	0	0	0	0	CCCAC
chr7	55249019	9	C	6	3	0	0	0	0	0	0	0	0	0	CCACG
chr7	55249020	9	A	6	3	0	0	0	0	0	0	0	0	0	CACGT
chr7	55249021	9	C	6	3	0	0	0	0	0	0	0	0	0	ACGTG
chr7	55249022	9	G	5	4	0	0	0	0	0	0	0	0	0	CGTGT
chr7	55249023	7	T	3	4	0	0	0	0	0	0	0	0	0	GTGTG
chr7	55249024	7	G	3	4	0	0	0	0	0	0	0	0	0	TGTGC
chr7	55249025	7	T	3	4	0	0	0	0	0	0	0	0	0	GTGCC
chr7	55249026	7	G	3	4	0	0	0	0	0	0	0	0	0	TGCCG
chr7	55249027	7	C	3	4	0	0	0	0	0	0	0	0	0	GCCGC
chr7	55249028	7	C	3	4	0	0	0	0	0	0	0	0	0	CCGCC
chr7	55249029	7	G	3	4	0	0	0	0	0	0	0	0	0	CGCCT
chr7	55249030	7	C	3	4	0	0	0	0	0	0	0	0	0	GCCTG
chr7	55249031	7	C	3	4	0	0	0	0	0	0	0	0	0	CCTGC
chr7	55249032	7	T	3	4	0	0	0	0	0	0	0	0	0	CTGCT
chr7	55249033	8	G	3	5	0	0	0	0	0	0	0	0	0	TGCTG
chr7	55249034	8	C	3	5	0	0	0	0	0	0	0	0	0	GCTGG
chr7	55249035	8	T	3	5	0	0	0	0	0	0	0	0	0	CTGGG
chr7	55249036	9	G	4	5	0	0	0	0	0	0	0	0	0	TGGGC
chr7	55249037	9	G	4	5	0	0	0	0	0	0	0	0	0	GGGCA
chr7	55249038	9	G	4	5	0	0	0	0	0	0	0	0	0	GGCAT
chr7	55249039	10	C	5	5	0	0	0	0	0	0	0	0	0	GCATC
chr7	55249040	10	A	5	5	0	0	0	0	0	0	0	0	0	CATCT
chr7	55249041	10	T	5	5	0	0	0	0	0	0	0	0	0	ATCTG
chr7	55249042	10	C	5	5	0	0	0	0	0	0	0	0	0	TCTGC
chr7	55249043	9	T	4	5	0	0	0	0	0	0	0	0	0	CTGCC
chr7	55249044	10	G	5	5	0	0	0	0	0	0	0	0	0	TGCCT
chr7	55249045	10	C	5	5	0	0	0	0	0	0	0	0	0	GCCTC
chr7	55249046	10	C	5	5	0	0	0	0	0	0	0	0	0	CCTCA
chr7	55249047	10	T	5	5	0	0	0	0	0	0	0	0	0	CTCAC
chr7	55249048	10	C	5	5	0	0	0	0	0	0	0	0	0	TCACC
chr7	55249049	10	A	4	6	0	0	0	0	0	0	0	0	0	CACCT
chr7	55249050	9	C	3	6	0	0	0	0	0	0	0	0	0	ACCTC
chr7	55249051	9	C	3	6	0	0	0	0	0	0	0	0	0	CCTCC
chr7	55249052	9	T	3	6	0	0	0	0	0	0	0	0	0	CTCCA
chr7	55249053	9	C	3	6	0	0	0	0	0	0	0	0	0	TCCAC
chr7	55249054	9	C	3	6	0	0	0	0	0	0	0	0	0	CCACC
chr7	55249055	9	A	3	6	0	0	0	0	0	0	0	0	0	CACCG
chr7	55249056	9	C	3	6	0	0	0	0	0	0	0	0	0	ACCGT
chr7	55249057	9	C	3	6	0	0	0	0	0	0	0	0	0	CCGTG
chr7	55249058	9	G	3	6	0	0	0	0	0	0	0	0	0	CGTGC
chr7	55249059	9	T	3	6	0	0	0	0	0	0	0	0	0	GTGCA
chr7	55249060	8	G	3	5	0	0	0	0	0	0	0	0	0	TGCAG
chr7	55249061	7	C	3	4	0	0	0	0	0	0	0	0	0	GCAGC
chr7	55249062	7	A	3	4	0	0	0	0	0	0	0	0	0	CAGCT
chr7	55249063	7	G	0	1	3	3	0	0	0	0	0	0	0	AGCTC
chr7	55249064	7	C	3	4	0	0	0	0	0	0	0	0	0	GCTCA
chr7	55249065	7	T	3	4	0	0	0	0	0	0	0	0	0	CTCAT
chr7	55249066	7	C	3	4	0	0	0	0	0	0	0	0	0	TCATC
chr7	55249067	7	A	3	4	0	0	0	0	0	0	0	0	0	CATCA
chr7	55249068	7	T	3	4	0	0	0	0	0	0	0	0	0	ATCAC
chr7	55249069	7	C	3	4	0	0	0	0	0	0	0	0	0	TCACG
chr7	55249070	8	A	4	4	0	0	0	0	0	0	0	0	0	CACGC
chr7	55249071	7	C	4	3	0	0	0	0	0	0	0	0	0	ACGCA
chr7	55249072	7	G	4	3	0	0	0	0	0	0	0	0	0	CGCAG
chr7	55249073	7	C	4	3	0	0	0	0	0	0	0	0	0	GCAGC
chr7	55249074	6	A	4	2	0	0	0	0	0	0	0	0	0	CAGCT
chr7	55249075	6	G	4	2	0	0	0	0	0	0	0	0	0	AGCTC
chr7	55249076	6	C	4	2	0	0	0	0	0	0	0	0	0	GCTCA
chr7	55249077	6	T	4	2	0	0	0	0	0	0	0	0	0	CTCAT
chr7	55249078	6	C	4	2	0	0	0	0	0	0	0	0	0	TCATG
chr7	55249079	6	A	4	2	0	0	0	0	0	0	0	0	0	CATGC
chr7	55249080	6	T	4	2	0	0	0	0	0	0	0	0	0	ATGCC
chr7	55249081	5	G	3	2	0	0	0	0	0	0	0	0	0	TGCCC
chr7	55249082	4	C	3	1	0	0	0	0	0	0	0	0	0	GCCCT
chr7	55249083	4	C	3	1	0	0	0	0	0	0	0	0	0	CCCTT
chr7	55249084	4	C	3	1	0	0	0	0	0	0	0	0	0	CCTTC
chr7	55249085	5	T	3	2	0	0	0	0	0	0	0	0	0	CTTCG
chr7	55249086	5	T	3	2	0	0	0	0	0	0	0	0	0	TTCGG
chr7	55249087	5	C	3	2	0	0	0	0	0	0	0	0	0	TCGGC
chr7	55249088	5	G	3	2	0	0	0	0	0	0	0	0	0	CGGCT
chr7	55249089	5	G	3	2	0	0	0	0	0	0	0	0	0	GGCTG
chr7	55249090	5	C	3	2	0	0	0	0	0	0	0	0	0	GCTGC
chr7	55249091	5	T	3	2	0	0	0	0	0	0	0	0	0	CTGCC
chr7	55249092	5	G	3	2	0	0	0	0	0	0	0	0	0	TGCCT
chr7	55249093	5	C	3	2	0	0	0	0	0	0	0	0	0	GCCTC
chr7	55249094	5	C	3	2	0	0	0	0	0	0	0	0	0	CCTCC
chr7	55249095	5	T	3	2	0	0	0	0	0	0	0	0	0	CTCCT
chr7	55249096	5	C	3	2	0	0	0	0	0	0	0	0	0	TCCTG
chr7	55249097	5	C	3	2	0	0	0	0	0	0	0	0	0	CCTGG
chr7	55249098	5	T	3	2	0	0	0	0	0	0	0	0	0	CTGGA
chr7	55249099	5	G	3	2	0	0	0	0	0	0	0	0	0	TGGAC
chr7	55249100	5	G	3	2	0	0	0	0	0	0	0	0	0	GGACT
chr7	55249101	5	A	3	2	0	0	0	0	0	0	0	0	0	GACTA
chr7	55249102	5	C	3	2	0	0	0	0	0	0	0	0	0	ACTAT
chr7	55249103	5	T	3	2	0	0	0	0	0	0	0	0	0	CTATG
chr7	55249104	5	A	3	2	0	0	0	0	0	0	0	0	0	TATGT
chr7	55249105	5	T	3	2	0	0	0	0	0	0	0	0	0	ATGTC
chr7	55249106	4	G	3	1	0	0	0	0	0	0	0	0	0	TGTCC
chr7	55249107	5	T	3	2	0	0	0	0	0	0	0	0	0	GTCCG
chr7	55249108	5	C	3	2	0	0	0	0	0	0	0	0	0	TCCGG
chr7	55249109	5	C	3	2	0	0	0	0	0	0	0	0	0	CCGGG
chr7	55249110	5	G	3	2	0	0	0	0	0	0	0	0	0	CGGGA
chr7	55249111	5	G	3	2	0	0	0	0	0	0	0	0	0	GGGAA
chr7	55249112	5	G	3	2	0	0	0	0	0	0	0	0	0	GGAAC
chr7	55249113	5	A	3	2	0	0	0	0	0	0	0	0	0	GAACA
chr7	55249114	5	A	3	2	0	0	0	0	0	0	0	0	0	AACAC
chr7	55249115	5	C	3	2	0	0	0	0	0	0	0	0	0	ACACA
chr7	55249116	5	A	3	2	0	0	0	0	0	0	0	0	0	CACAA
chr7	55249117	5	C	3	2	0	0	0	0	0	0	0	0	0	ACAAA
chr7	55249118	5	A	3	2	0	0	0	0	0	0	0	0	0	CAAAG
chr7	55249119	5	A	3	2	0	0	0	0	0	0	0	0	0	AAAGA
chr7	55249120	5	A	3	2	0	0	0	0	0	0	0	0	0	AAGAC
chr7	55249121	5	G	3	2	0	0	0	0	0	0	0	0	0	AGACA
chr7	55249122	5	A	3	2	0	0	0	0	0	0	0	0	0	GACAA
chr7	55249123	5	C	3	2	0	0	0	0	0	0	0	0	0	ACAAT
chr7	55249124	5	A	3	2	0	0	0	0	0	0	0	0	0	CAATA
chr7	55249125	5	A	3	2	0	0	0	0	0	0	0	0	0	AATAT
chr7	55249126	5	T	3	2	0	0	0	0	0	0	0	0	0	ATATT
chr7	55249127	5	A	3	2	0	0	0	0	0	0	0	0	0	TATTG
chr7	55249128	5	T	3	2	0	0	0	0	0	0	0	0	0	ATTGG
chr7	55249129	5	T	4	1	0	0	0	0	0	0	0	0	0	TTGGC
chr7	55249130	4	G	3	1	0	0	0	0	0	0	0	0	0	TGGCT
chr7	55249131	4	G	3	1	0	0	0	0	0	0	0	0	0	GGCTC
chr7	55249132	4	C	3	1	0	0	0	0	0	0	0	0	0	GCTCC
chr7	55249133	4	T	3	1	0	0	0	0	0	0	0	0	0	CTCCC
chr7	55249134	4	C	3	1	0	0	0	0	0	0	0	0	0	TCCCA
chr7	55249135	4	C	3	1	0	0	0	0	0	0	0	0	0	CCCAG
chr7	55249136	4	C	3	1	0	0	0	0	0	0	0	0	0	CCAGT
chr7	55249137	5	A	3	1	0	0	0	0	0	0	1	0	0	CAGTA
chr7	55249138	5	G	4	1	0	0	0	0	0	0	0	0	0	AGTAC
chr7	55249139	4	T	3	1	0	0	0	0	0	0	0	0	0	GTACC
chr7	55249140	4	A	3	1	0	0	0	0	0	0	0	0	0	TACCT
chr7	55249141	5	C	4	1	0	0	0	0	0	0	0	0	0	ACCTG
chr7	55249142	6	C	5	1	0	0	0	0	0	0	0	0	0	CCTGC
chr7	55249143	6	T	5	1	0	0	0	0	0	0	0	0	0	CTGCT
chr7	55249144	6	G	5	1	0	0	0	0	0	0	0	0	0	TGCTC
chr7	55249145	6	C	5	1	0	0	0	0	0	0	0	0	0	GCTCA
chr7	55249146	6	T	4	1	1	0	0	0	0	0	0	0	0	CTCAA
chr7	55249147	6	C	5	1	0	0	0	0	0	0	0	0	0	TCAAC
chr7	55249148	6	A	5	1	0	0	0	0	0	0	0	0	0	CAACT
chr7	55249149	6	A	5	1	0	0	0	0	0	0	0	0	0	AACTG
chr7	55249150	6	C	5	1	0	0	0	0	0	0	0	0	0	ACTGG
chr7	55249151	6	T	5	1	0	0	0	0	0	0	0	0	0	CTGGT
chr7	55249152	7	G	5	2	0	0	0	0	0	0	0	0	0	TGGTG
chr7	55249153	7	G	5	2	0	0	0	0	0	0	0	0	0	GGTGT
chr7	55249154	7	T	5	2	0	0	0	0	0	0	0	0	0	GTGTG
chr7	55249155	8	G	4	4	0	0	0	0	0	0	0	0	0	TGTGT
chr7	55249156	8	T	4	4	0	0	0	0	0	0	0	0	0	GTGTG
chr7	55249157	8	G	4	4	0	0	0	0	0	0	0	0	0	TGTGC
chr7	55249158	8	T	4	4	0	0	0	0	0	0	0	0	0	GTGCA
chr7	55249159	8	G	4	4	0	0	0	0	0	0	0	0	0	TGCAG
chr7	55249160	8	C	3	5	0	0	0	0	0	0	0	0	0	GCAGA
chr7	55249161	8	A	3	5	0	0	0	0	0	0	0	0	0	CAGAT
chr7	55249162	8	G	3	5	0	0	0	0	0	0	0	0	0	AGATC
chr7	55249163	8	A	3	5	0	0	0	0	0	0	0	0	0	GATCG
chr7	55249164	8	T	3	5	0	0	0	0	0	0	0	0	0	ATCGC
chr7	55249165	7	C	3	4	0	0	0	0	0	0	0	0	0	TCGCA
chr7	55249166	8	G	3	5	0	0	0	0	0	0	0	0	0	CGCAA
chr7	55249167	8	C	3	5	0	0	0	0	0	0	0	0	0	GCAAA
chr7	55249168	7	A	3	4	0	0	0	0	0	0	0	0	0	CAAAG
chr7	55249169	7	A	3	4	0	0	0	0	0	0	0	0	0	AAAGG
chr7	55249170	6	A	3	3	0	0	0	0	0	0	0	0	0	AAGGT
chr7	55249171	7	G	3	4	0	0	0	0	0	0	0	0	0	AGGTA
chr7	55259514	4	C	1	3	0	0	0	0	0	0	0	0	0	GCTGG
chr7	55259515	4	T	0	4	0	0	0	0	0	0	0	0	0	CTGGC
chr7	55259516	4	G	0	4	0	0	0	0	0	0	0	0	0	TGGCC
chr7	55259523	4	C	0	4	0	0	0	0	0	0	0	0	0	ACTGC
chr7	55259524	4	T	0	4	0	0	0	0	0	0	0	0	0	CTGCT
chr7	55259525	4	G	0	4	0	0	0	0	0	0	0	0	0	TGCTG
chr7	140453135	340	C	122	217	0	0	0	0	0	1	0	0	0	TCACT
chr7	140453136	338	A	123	215	0	0	0	0	0	0	0	0	0	CACTG
chr7	140453137	323	C	122	196	0	0	0	0	0	5	0	0	0	ACTGT
chr12	330091	1	G	1	0	0	0	0	0	0	0	0	0	22	AGGCA	nan	nan	nan	nan
chr12	25380274	970	C	600	370	0	0	0	0	0	0	0	0	0	TCTTG
chr12	25380275	973	T	599	374	0	0	0	0	0	0	0	0	0	CTTGA
chr12	25380276	983	T	600	377	0	0	6	0	0	0	0	0	0	TTGAC
chr12	25380277	981	G	604	377	0	0	0	0	0	0	0	0	0	TGACC
chr12	25380278	970	A	600	367	0	0	0	0	0	0	1	2	0	GACCT
chr12	25398283	838	A	357	477	0	0	0	1	0	0	1	2	0	CACCA
chr12	25398284	842	C	359	483	0	0	0	0	0	0	0	0	0	ACCAG
chr12	25398285	846	C	360	486	0	0	0	0	0	0	0	0	0	CCAGC
chr12	25398286	851	A	360	491	0	0	0	0	0	0	0	0	0	CAGCT
