CHR	POS	DEPTH	REF	R+	R-	A+	A-	C+	C-	T+	T-	G+	G-	PAD	MOTIF
chr7	1022513	1	A	1	0	0	0	0	0	0	0	0	0	334	AAGGC
chr7	55242415	2	G	0	2	0	0	0	0	0	0	0	0	0	GGGAC
chr7	55242416	2	G	0	2	0	0	0	0	0	0	0	0	0	GGACT
chr7	55242417	2	A	0	2	0	0	0	0	0	0	0	0	0	GACTC
chr7	55242418	2	C	0	2	0	0	0	0	0	0	0	0	0	ACTCT
chr7	55242419	2	T	0	2	0	0	0	0	0	0	0	0	0	CTCTG
chr7	55242420	2	C	0	2	0	0	0	0	0	0	0	0	0	TCTGG
chr7	55242421	2	T	0	2	0	0	0	0	0	0	0	0	0	CTGGA
chr7	55242422	2	G	0	2	0	0	0	0	0	0	0	0	0	TGGAT
chr7	55242423	2	G	0	2	0	0	0	0	0	0	0	0	0	GGATC
chr7	55242424	2	A	0	2	0	0	0	0	0	0	0	0	0	GATCC
chr7	55242425	2	T	0	2	0	0	0	0	0	0	0	0	0	ATCCC
chr7	55242426	3	C	1	2	0	0	0	0	0	0	0	0	0	TCCCA
chr7	55242427	3	C	1	2	0	0	0	0	0	0	0	0	0	CCCAG
chr7	55242428	3	C	1	2	0	0	0	0	0	0	0	0	0	CCAGA
chr7	55242429	3	A	1	2	0	0	0	0	0	0	0	0	0	CAGAA
chr7	55242430	3	G	1	2	0	0	0	0	0	0	0	0	0	AGAAG
chr7	55242431	3	A	1	2	0	0	0	0	0	0	0	0	0	GAAGG
chr7	55242432	3	A	1	2	0	0	0	0	0	0	0	0	0	AAGGT
chr7	55242433	3	G	1	2	0	0	0	0	0	0	0	0	0	AGGTG
chr7	55242434	3	G	1	2	0	0	0	0	0	0	0	0	0	GGTGA
chr7	55242435	3	T	1	2	0	0	0	0	0	0	0	0	0	GTGAG
chr7	55242436	3	G	1	2	0	0	0	0	0	0	0	0	0	TGAGA
chr7	55242437	3	A	1	2	0	0	0	0	0	0	0	0	0	GAGAA
chr7	55242438	3	G	1	2	0	0	0	0	0	0	0	0	0	AGAAA
chr7	55242439	3	A	1	2	0	0	0	0	0	0	0	0	0	GAAAG
chr7	55242440	3	A	1	2	0	0	0	0	0	0	0	0	0	AAAGT
chr7	55242441	3	A	1	2	0	0	0	0	0	0	0	0	0	AAGTT
chr7	55242442	3	G	1	2	0	0	0	0	0	0	0	0	0	AGTTA
chr7	55242443	3	T	1	2	0	0	0	0	0	0	0	0	0	GTTAA
chr7	55242444	3	T	1	2	0	0	0	0	0	0	0	0	0	TTAAA
chr7	55242445	3	A	1	2	0	0	0	0	0	0	0	0	0	TAAAA
chr7	55242446	3	A	1	2	0	0	0	0	0	0	0	0	0	AAAAT
chr7	55242447	3	A	1	2	0	0	0	0	0	0	0	0	0	AAATT
chr7	55242448	3	A	1	2	0	0	0	0	0	0	0	0	0	AATTC
chr7	55242449	3	T	1	2	0	0	0	0	0	0	0	0	0	ATTCC
chr7	55242450	3	T	1	2	0	0	0	0	0	0	0	0	0	TTCCC
chr7	55242451	3	C	1	2	0	0	0	0	0	0	0	0	0	TCCCG
chr7	55242452	3	C	1	2	0	0	0	0	0	0	0	0	0	CCCGT
chr7	55242453	3	C	1	2	0	0	0	0	0	0	0	0	0	CCGTC
chr7	55242454	3	G	1	2	0	0	0	0	0	0	0	0	0	CGTCG
chr7	55242455	3	T	1	2	0	0	0	0	0	0	0	0	0	GTCGC
chr7	55242456	3	C	1	2	0	0	0	0	0	0	0	0	0	TCGCT
chr7	55242457	3	G	1	2	0	0	0	0	0	0	0	0	0	CGCTA
chr7	55242458	3	C	1	2	0	0	0	0	0	0	0	0	0	GCTAT
chr7	55242459	3	T	1	2	0	0	0	0	0	0	0	0	0	CTATC
chr7	55242460	3	A	1	2	0	0	0	0	0	0	0	0	0	TATCA
chr7	55242461	3	T	1	2	0	0	0	0	0	0	0	0	0	ATCAA
chr7	55242462	3	C	2	1	0	0	0	0	0	0	0	0	0	TCAAG
chr7	55242463	3	A	2	1	0	0	0	0	0	0	0	0	0	CAAGG
chr7	55242464	3	A	2	1	0	0	0	0	0	0	0	0	0	AAGGA
chr7	55242465	3	G	2	1	0	0	0	0	0	0	0	0	0	AGGAA
chr7	55242466	3	G	2	1	0	0	0	0	0	0	0	0	0	GGAAT
chr7	55242467	3	A	2	1	0	0	0	0	0	0	0	0	0	GAATT
chr7	55242468	3	A	2	1	0	0	0	0	0	0	0	0	0	AATTA
chr7	55242469	3	T	2	1	0	0	0	0	0	0	0	0	0	ATTAA
chr7	55242470	3	T	2	1	0	0	0	0	0	0	0	0	0	TTAAG
chr7	55242471	2	A	1	1	0	0	0	0	0	0	0	0	0	TAAGA
chr7	55242472	2	A	2	0	0	0	0	0	0	0	0	0	0	AAGAG
chr7	55242473	2	G	2	0	0	0	0	0	0	0	0	0	0	AGAGA
chr7	55242474	2	A	2	0	0	0	0	0	0	0	0	0	0	GAGAA
chr7	55242475	2	G	2	0	0	0	0	0	0	0	0	0	0	AGAAG
chr7	55242476	2	A	2	0	0	0	0	0	0	0	0	0	0	GAAGC
chr7	55242477	2	A	2	0	0	0	0	0	0	0	0	0	0	AAGCA
chr7	55242478	2	G	2	0	0	0	0	0	0	0	0	0	0	AGCAA
chr7	55242479	2	C	2	0	0	0	0	0	0	0	0	0	0	GCAAC
chr7	55242480	2	A	2	0	0	0	0	0	0	0	0	0	0	CAACA
chr7	55242481	2	A	2	0	0	0	0	0	0	0	0	0	0	AACAT
chr7	55242482	1	C	1	0	0	0	0	0	0	0	0	0	0	ACATC
chr7	55242483	1	A	1	0	0	0	0	0	0	0	0	0	0	CATCT
chr7	55242484	1	T	1	0	0	0	0	0	0	0	0	0	0	ATCTC
chr7	55242485	1	C	1	0	0	0	0	0	0	0	0	0	0	TCTCC
chr7	55242486	1	T	1	0	0	0	0	0	0	0	0	0	0	CTCCG
chr7	55242487	1	C	1	0	0	0	0	0	0	0	0	0	0	TCCGA
chr7	55242488	1	C	1	0	0	0	0	0	0	0	0	0	0	CCGAA
chr7	55242489	1	G	1	0	0	0	0	0	0	0	0	0	0	CGAAA
chr7	55242490	1	A	1	0	0	0	0	0	0	0	0	0	0	GAAAG
chr7	55242491	1	A	1	0	0	0	0	0	0	0	0	0	0	AAAGC
chr7	55242492	1	A	1	0	0	0	0	0	0	0	0	0	0	AAGCC
chr7	55242493	1	G	1	0	0	0	0	0	0	0	0	0	0	AGCCA
chr7	55242494	1	C	1	0	0	0	0	0	0	0	0	0	0	GCCAA
chr7	55242495	1	C	1	0	0	0	0	0	0	0	0	0	0	CCAAC
chr7	55242496	1	A	1	0	0	0	0	0	0	0	0	0	0	CAACA
chr7	55242497	1	A	1	0	0	0	0	0	0	0	0	0	0	AACAA
chr7	55242498	1	C	1	0	0	0	0	0	0	0	0	0	0	ACAAG
chr7	55242499	1	A	1	0	0	0	0	0	0	0	0	0	0	CAAGG
chr7	55242500	1	A	1	0	0	0	0	0	0	0	0	0	0	AAGGA
chr7	55242501	1	G	1	0	0	0	0	0	0	0	0	0	0	AGGAA
chr7	55242502	1	G	1	0	0	0	0	0	0	0	0	0	0	GGAAA
chr7	55242503	1	A	1	0	0	0	0	0	0	0	0	0	0	GAAAT
chr7	55242504	1	A	1	0	0	0	0	0	0	0	0	0	0	AAATC
chr7	55242505	1	A	1	0	0	0	0	0	0	0	0	0	0	AATCC
chr7	55242506	1	T	1	0	0	0	0	0	0	0	0	0	0	ATCCT
chr7	55242507	1	C	1	0	0	0	0	0	0	0	0	0	0	TCCTC
chr7	55242508	1	C	1	0	0	0	0	0	0	0	0	0	0	CCTCG
chr7	55242509	1	T	1	0	0	0	0	0	0	0	0	0	0	CTCGA
chr7	55242510	1	C	1	0	0	0	0	0	0	0	0	0	0	TCGAT
chr7	55242511	1	G	1	0	0	0	0	0	0	0	0	0	0	CGATG
chr7	55242512	1	A	1	0	0	0	0	0	0	0	0	0	0	GATGT
chr7	55242513	1	T	1	0	0	0	0	0	0	0	0	0	0	ATGTG
chr7	140453135	553	C	190	363	0	0	0	0	0	0	0	0	0	TCACT
chr7	140453136	556	A	193	363	0	0	0	0	0	0	0	0	0	CACTG
chr7	140453137	541	C	200	339	0	0	0	0	0	2	0	0	0	ACTGT
chr12	332209	1	G	0	1	0	0	0	0	0	0	0	0	79	TGCGA
chr12	25380274	634	C	376	257	0	1	0	0	0	0	0	0	0	TCTTG
chr12	25380275	634	T	376	258	0	0	0	0	0	0	0	0	0	CTTGA
chr12	25380276	635	T	373	257	0	0	5	0	0	0	0	0	0	TTGAC
chr12	25380277	636	G	381	253	1	0	0	0	0	0	0	0	0	TGACC
chr12	25380278	629	A	373	254	0	0	0	0	0	0	2	0	0	GACCT
chr12	25398283	665	A	295	368	0	0	0	1	0	0	0	1	0	CACCA
chr12	25398284	665	C	293	371	0	0	0	0	0	0	1	0	0	ACCAG
chr12	25398285	666	C	296	370	0	0	0	0	0	0	0	0	0	CCAGC
chr12	25398286	664	A	292	371	0	0	0	0	0	0	1	0	0	CAGCT
