CHR	POS	DEPTH	REF	R+	R-	A+	A-	C+	C-	T+	T-	G+	G-	PAD	MOTIF
chr7	1022876	1	G	1	0	0	0	0	0	0	0	0	0	0	GGCCT	nan	nan	nan	nan
chr7	55241706	1	G	1	0	0	0	0	0	0	0	0	0	0	TGGGC
chr7	55241707	1	G	1	0	0	0	0	0	0	0	0	0	0	GGGCT
chr7	55241708	1	G	1	0	0	0	0	0	0	0	0	0	0	GGCTC
chr7	55241709	1	C	1	0	0	0	0	0	0	0	0	0	0	GCTCC
chr7	55242415	34	G	20	14	0	0	0	0	0	0	0	0	0	GGGAC
chr7	55242416	33	G	19	14	0	0	0	0	0	0	0	0	0	GGACT
chr7	55242417	34	A	20	14	0	0	0	0	0	0	0	0	0	GACTC
chr7	55242418	34	C	20	14	0	0	0	0	0	0	0	0	0	ACTCT
chr7	55242419	34	T	22	12	0	0	0	0	0	0	0	0	0	CTCTG
chr7	55242420	35	C	23	12	0	0	0	0	0	0	0	0	0	TCTGG
chr7	55242421	34	T	22	12	0	0	0	0	0	0	0	0	0	CTGGA
chr7	55242422	33	G	21	12	0	0	0	0	0	0	0	0	0	TGGAT
chr7	55242423	33	G	21	12	0	0	0	0	0	0	0	0	0	GGATC
chr7	55242424	33	A	20	12	0	0	0	0	0	0	1	0	0	GATCC
chr7	55242425	33	T	20	12	1	0	0	0	0	0	0	0	0	ATCCC
chr7	55242426	34	C	21	13	0	0	0	0	0	0	0	0	0	TCCCA
chr7	55242427	34	C	21	13	0	0	0	0	0	0	0	0	0	CCCAG
chr7	55242428	35	C	22	13	0	0	0	0	0	0	0	0	0	CCAGA
chr7	55242429	34	A	21	13	0	0	0	0	0	0	0	0	0	CAGAA
chr7	55242430	35	G	22	13	0	0	0	0	0	0	0	0	0	AGAAG
chr7	55242431	35	A	22	13	0	0	0	0	0	0	0	0	0	GAAGG
chr7	55242432	35	A	22	13	0	0	0	0	0	0	0	0	0	AAGGT
chr7	55242433	35	G	22	13	0	0	0	0	0	0	0	0	0	AGGTG
chr7	55242434	34	G	20	14	0	0	0	0	0	0	0	0	0	GGTGA
chr7	55242435	34	T	21	13	0	0	0	0	0	0	0	0	0	GTGAG
chr7	55242436	34	G	21	13	0	0	0	0	0	0	0	0	0	TGAGA
chr7	55242437	34	A	21	13	0	0	0	0	0	0	0	0	0	GAGAA
chr7	55242438	34	G	22	12	0	0	0	0	0	0	0	0	0	AGAAA
chr7	55242439	32	A	21	11	0	0	0	0	0	0	0	0	0	GAAAG
chr7	55242440	33	A	21	12	0	0	0	0	0	0	0	0	0	AAAGT
chr7	55242441	33	A	20	13	0	0	0	0	0	0	0	0	0	AAGTT
chr7	55242442	33	G	20	13	0	0	0	0	0	0	0	0	0	AGTTA
chr7	55242443	32	T	19	13	0	0	0	0	0	0	0	0	0	GTTAA
chr7	55242444	33	T	19	14	0	0	0	0	0	0	0	0	0	TTAAA
chr7	55242445	34	A	20	14	0	0	0	0	0	0	0	0	0	TAAAA
chr7	55242446	33	A	19	14	0	0	0	0	0	0	0	0	0	AAAAT
chr7	55242447	32	A	20	12	0	0	0	0	0	0	0	0	0	AAATT
chr7	55242448	34	A	21	13	0	0	0	0	0	0	0	0	0	AATTC
chr7	55242449	35	T	22	13	0	0	0	0	0	0	0	0	0	ATTCC
chr7	55242450	35	T	22	13	0	0	0	0	0	0	0	0	0	TTCCC
chr7	55242451	35	C	22	13	0	0	0	0	0	0	0	0	0	TCCCG
chr7	55242452	34	C	22	12	0	0	0	0	0	0	0	0	0	CCCGT
chr7	55242453	33	C	21	12	0	0	0	0	0	0	0	0	0	CCGTC
chr7	55242454	36	G	23	13	0	0	0	0	0	0	0	0	0	CGTCG
chr7	55242455	36	T	23	13	0	0	0	0	0	0	0	0	0	GTCGC
chr7	55242456	36	C	23	13	0	0	0	0	0	0	0	0	0	TCGCT
chr7	55242457	34	G	21	13	0	0	0	0	0	0	0	0	0	CGCTA
chr7	55242458	35	C	22	13	0	0	0	0	0	0	0	0	0	GCTAT
chr7	55242459	35	T	22	13	0	0	0	0	0	0	0	0	0	CTATC
chr7	55242460	34	A	22	12	0	0	0	0	0	0	0	0	0	TATCA
chr7	55242461	33	T	22	11	0	0	0	0	0	0	0	0	0	ATCAA
chr7	55242462	34	C	22	12	0	0	0	0	0	0	0	0	0	TCAAG
chr7	55242463	34	A	22	12	0	0	0	0	0	0	0	0	0	CAAGG
chr7	55242464	34	A	22	12	0	0	0	0	0	0	0	0	0	AAGGA
chr7	55242465	33	G	22	11	0	0	0	0	0	0	0	0	0	AGGAA
chr7	55242466	33	G	22	11	0	0	0	0	0	0	0	0	0	GGAAT
chr7	55242467	33	A	22	11	0	0	0	0	0	0	0	0	0	GAATT
chr7	55242468	31	A	21	10	0	0	0	0	0	0	0	0	0	AATTA
chr7	55242469	33	T	22	11	0	0	0	0	0	0	0	0	0	ATTAA
chr7	55242470	35	T	22	12	0	0	0	0	0	0	0	0	0	TTAAG
chr7	55242471	34	A	23	10	0	0	0	0	0	0	0	0	0	TAAGA
chr7	55242472	34	A	22	11	0	0	0	0	0	0	0	0	0	AAGAG
chr7	55242473	35	G	23	11	0	0	0	0	0	0	0	0	0	AGAGA
chr7	55242474	35	A	23	11	0	0	0	0	0	0	0	0	0	GAGAA
chr7	55242475	35	G	22	12	0	0	0	0	0	0	0	0	0	AGAAG
chr7	55242476	33	A	20	12	0	0	0	0	0	0	0	0	0	GAAGC
chr7	55242477	34	A	21	12	0	0	0	0	0	0	0	0	0	AAGCA
chr7	55242478	34	G	21	12	0	0	0	0	0	0	0	0	0	AGCAA
chr7	55242479	34	C	21	12	0	0	0	0	0	0	0	0	0	GCAAC
chr7	55242480	33	A	22	10	0	0	0	0	0	0	0	0	0	CAACA
chr7	55242481	33	A	23	9	0	0	0	0	0	0	0	0	0	AACAT
chr7	55242482	34	C	22	11	0	0	0	0	0	0	0	0	0	ACATC
chr7	55242483	33	A	23	9	0	0	0	0	0	0	0	0	0	CATCT
chr7	55242484	35	T	24	10	0	0	0	0	0	0	0	0	0	ATCTC
chr7	55242485	35	C	23	11	0	0	0	0	0	0	0	0	0	TCTCC
chr7	55242486	33	T	23	9	0	0	0	0	0	0	0	0	0	CTCCG
chr7	55242487	33	C	23	9	0	0	0	0	0	0	0	0	0	TCCGA
chr7	55242488	33	C	23	10	0	0	0	0	0	0	0	0	0	CCGAA
chr7	55242489	32	G	23	9	0	0	0	0	0	0	0	0	0	CGAAA
chr7	55242490	29	A	20	9	0	0	0	0	0	0	0	0	0	GAAAG
chr7	55242491	28	A	20	8	0	0	0	0	0	0	0	0	0	AAAGC
chr7	55242492	29	A	20	9	0	0	0	0	0	0	0	0	0	AAGCC
chr7	55242493	28	G	19	9	0	0	0	0	0	0	0	0	0	AGCCA
chr7	55242494	25	C	16	9	0	0	0	0	0	0	0	0	0	GCCAA
chr7	55242495	27	C	18	9	0	0	0	0	0	0	0	0	0	CCAAC
chr7	55242496	26	A	17	9	0	0	0	0	0	0	0	0	0	CAACA
chr7	55242497	25	A	17	8	0	0	0	0	0	0	0	0	0	AACAA
chr7	55242498	29	C	17	12	0	0	0	0	0	0	0	0	0	ACAAG
chr7	55242499	28	A	17	11	0	0	0	0	0	0	0	0	0	CAAGG
chr7	55242500	29	A	17	12	0	0	0	0	0	0	0	0	0	AAGGA
chr7	55242501	27	G	16	11	0	0	0	0	0	0	0	0	0	AGGAA
chr7	55242502	29	G	16	13	0	0	0	0	0	0	0	0	0	GGAAA
chr7	55242503	27	A	16	11	0	0	0	0	0	0	0	0	0	GAAAT
chr7	55242504	28	A	16	12	0	0	0	0	0	0	0	0	0	AAATC
chr7	55242505	30	A	17	13	0	0	0	0	0	0	0	0	0	AATCC
chr7	55242506	29	T	16	13	0	0	0	0	0	0	0	0	0	ATCCT
chr7	55242507	28	C	16	12	0	0	0	0	0	0	0	0	0	TCCTC
chr7	55242508	30	C	17	13	0	0	0	0	0	0	0	0	0	CCTCG
chr7	55242509	32	T	18	14	0	0	0	0	0	0	0	0	0	CTCGA
chr7	55242510	34	C	19	14	0	0	0	0	1	0	0	0	0	TCGAT
chr7	55242511	35	G	20	15	0	0	0	0	0	0	0	0	0	CGATG
chr7	55242512	37	A	21	16	0	0	0	0	0	0	0	0	0	GATGT
chr7	55242513	35	T	20	15	0	0	0	0	0	0	0	0	0	ATGTG
chr7	55248986	28	G	14	14	0	0	0	0	0	0	0	0	0	GGAAG
chr7	55248987	27	A	13	14	0	0	0	0	0	0	0	0	0	GAAGC
chr7	55248988	28	A	13	15	0	0	0	0	0	0	0	0	0	AAGCC
chr7	55248989	29	G	15	14	0	0	0	0	0	0	0	0	0	AGCCT
chr7	55248990	30	C	16	14	0	0	0	0	0	0	0	0	0	GCCTA
chr7	55248991	30	C	16	14	0	0	0	0	0	0	0	0	0	CCTAC
chr7	55248992	31	T	17	14	0	0	0	0	0	0	0	0	0	CTACG
chr7	55248993	31	A	17	14	0	0	0	0	0	0	0	0	0	TACGT
chr7	55248994	31	C	18	13	0	0	0	0	0	0	0	0	0	ACGTG
chr7	55248995	32	G	19	13	0	0	0	0	0	0	0	0	0	CGTGA
chr7	55248996	31	T	18	13	0	0	0	0	0	0	0	0	0	GTGAT
chr7	55248997	32	G	19	13	0	0	0	0	0	0	0	0	0	TGATG
chr7	55248998	33	A	19	14	0	0	0	0	0	0	0	0	0	GATGG
chr7	55248999	32	T	18	14	0	0	0	0	0	0	0	0	0	ATGGC
chr7	55249000	32	G	18	14	0	0	0	0	0	0	0	0	0	TGGCC
chr7	55249001	32	G	18	14	0	0	0	0	0	0	0	0	0	GGCCA
chr7	55249002	31	C	17	14	0	0	0	0	0	0	0	0	0	GCCAG
chr7	55249003	30	C	17	13	0	0	0	0	0	0	0	0	0	CCAGC
chr7	55249004	29	A	15	14	0	0	0	0	0	0	0	0	0	CAGCG
chr7	55249005	29	G	14	14	1	0	0	0	0	0	0	0	0	AGCGT
chr7	55249006	29	C	15	14	0	0	0	0	0	0	0	0	0	GCGTG
chr7	55249007	30	G	15	15	0	0	0	0	0	0	0	0	0	CGTGG
chr7	55249008	30	T	15	15	0	0	0	0	0	0	0	0	0	GTGGA
chr7	55249009	30	G	15	15	0	0	0	0	0	0	0	0	0	TGGAC
chr7	55249010	30	G	15	15	0	0	0	0	0	0	0	0	0	GGACA
chr7	55249011	30	A	15	15	0	0	0	0	0	0	0	0	0	GACAA
chr7	55249012	30	C	15	15	0	0	0	0	0	0	0	0	0	ACAAC
chr7	55249013	29	A	15	14	0	0	0	0	0	0	0	0	0	CAACC
chr7	55249014	30	A	15	15	0	0	0	0	0	0	0	0	0	AACCC
chr7	55249015	29	C	14	15	0	0	0	0	0	0	0	0	0	ACCCC
chr7	55249016	30	C	14	16	0	0	0	0	0	0	0	0	0	CCCCC
chr7	55249017	30	C	15	15	0	0	0	0	0	0	0	0	0	CCCCA
chr7	55249018	30	C	15	15	0	0	0	0	0	0	0	0	0	CCCAC
chr7	55249019	30	C	15	15	0	0	0	0	0	0	0	0	0	CCACG
chr7	55249020	33	A	18	15	0	0	0	0	0	0	0	0	0	CACGT
chr7	55249021	33	C	18	15	0	0	0	0	0	0	0	0	0	ACGTG
chr7	55249022	34	G	19	15	0	0	0	0	0	0	0	0	0	CGTGT
chr7	55249023	33	T	18	15	0	0	0	0	0	0	0	0	0	GTGTG
chr7	55249024	33	G	17	16	0	0	0	0	0	0	0	0	0	TGTGC
chr7	55249025	33	T	17	16	0	0	0	0	0	0	0	0	0	GTGCC
chr7	55249026	33	G	17	16	0	0	0	0	0	0	0	0	0	TGCCG
chr7	55249027	32	C	16	15	0	0	0	0	0	1	0	0	0	GCCGC
chr7	55249028	32	C	16	16	0	0	0	0	0	0	0	0	0	CCGCC
chr7	55249029	31	G	16	15	0	0	0	0	0	0	0	0	0	CGCCT
chr7	55249030	31	C	16	15	0	0	0	0	0	0	0	0	0	GCCTG
chr7	55249031	30	C	16	14	0	0	0	0	0	0	0	0	0	CCTGC
chr7	55249032	31	T	16	15	0	0	0	0	0	0	0	0	0	CTGCT
chr7	55249033	32	G	17	15	0	0	0	0	0	0	0	0	0	TGCTG
chr7	55249034	32	C	17	15	0	0	0	0	0	0	0	0	0	GCTGG
chr7	55249035	33	T	18	15	0	0	0	0	0	0	0	0	0	CTGGG
chr7	55249036	33	G	18	15	0	0	0	0	0	0	0	0	0	TGGGC
chr7	55249037	32	G	18	14	0	0	0	0	0	0	0	0	0	GGGCA
chr7	55249038	31	G	17	14	0	0	0	0	0	0	0	0	0	GGCAT
chr7	55249039	32	C	18	14	0	0	0	0	0	0	0	0	0	GCATC
chr7	55249040	32	A	18	14	0	0	0	0	0	0	0	0	0	CATCT
chr7	55249041	32	T	18	14	0	0	0	0	0	0	0	0	0	ATCTG
chr7	55249042	31	C	17	14	0	0	0	0	0	0	0	0	0	TCTGC
chr7	55249043	33	T	17	16	0	0	0	0	0	0	0	0	0	CTGCC
chr7	55249044	31	G	16	15	0	0	0	0	0	0	0	0	0	TGCCT
chr7	55249045	33	C	17	16	0	0	0	0	0	0	0	0	0	GCCTC
chr7	55249046	32	C	17	15	0	0	0	0	0	0	0	0	0	CCTCA
chr7	55249047	32	T	17	15	0	0	0	0	0	0	0	0	0	CTCAC
chr7	55249048	34	C	19	15	0	0	0	0	0	0	0	0	0	TCACC
chr7	55249049	34	A	19	15	0	0	0	0	0	0	0	0	0	CACCT
chr7	55249050	31	C	17	14	0	0	0	0	0	0	0	0	0	ACCTC
chr7	55249051	33	C	18	15	0	0	0	0	0	0	0	0	0	CCTCC
chr7	55249052	34	T	19	15	0	0	0	0	0	0	0	0	0	CTCCA
chr7	55249053	34	C	19	15	0	0	0	0	0	0	0	0	0	TCCAC
chr7	55249054	34	C	19	15	0	0	0	0	0	0	0	0	0	CCACC
chr7	55249055	34	A	19	15	0	0	0	0	0	0	0	0	0	CACCG
chr7	55249056	34	C	20	14	0	0	0	0	0	0	0	0	0	ACCGT
chr7	55249057	34	C	20	14	0	0	0	0	0	0	0	0	0	CCGTG
chr7	55249058	33	G	19	14	0	0	0	0	0	0	0	0	0	CGTGC
chr7	55249059	34	T	20	14	0	0	0	0	0	0	0	0	0	GTGCA
chr7	55249060	34	G	21	13	0	0	0	0	0	0	0	0	0	TGCAG
chr7	55249061	34	C	22	12	0	0	0	0	0	0	0	0	0	GCAGC
chr7	55249062	33	A	21	12	0	0	0	0	0	0	0	0	0	CAGCT
chr7	55249063	33	G	2	1	19	11	0	0	0	0	0	0	0	AGCTC
chr7	55249064	33	C	22	11	0	0	0	0	0	0	0	0	0	GCTCA
chr7	55249065	35	T	23	12	0	0	0	0	0	0	0	0	0	CTCAT
chr7	55249066	34	C	23	11	0	0	0	0	0	0	0	0	0	TCATC
chr7	55249067	34	A	23	11	0	0	0	0	0	0	0	0	0	CATCA
chr7	55249068	34	T	22	12	0	0	0	0	0	0	0	0	0	ATCAC
chr7	55249069	33	C	22	11	0	0	0	0	0	0	0	0	0	TCACG
chr7	55249070	32	A	22	10	0	0	0	0	0	0	0	0	0	CACGC
chr7	55249071	33	C	22	11	0	0	0	0	0	0	0	0	0	ACGCA
chr7	55249072	33	G	22	11	0	0	0	0	0	0	0	0	0	CGCAG
chr7	55249073	33	C	21	12	0	0	0	0	0	0	0	0	0	GCAGC
chr7	55249074	33	A	20	13	0	0	0	0	0	0	0	0	0	CAGCT
chr7	55249075	32	G	20	12	0	0	0	0	0	0	0	0	0	AGCTC
chr7	55249076	33	C	20	13	0	0	0	0	0	0	0	0	0	GCTCA
chr7	55249077	33	T	20	13	0	0	0	0	0	0	0	0	0	CTCAT
chr7	55249078	33	C	20	13	0	0	0	0	0	0	0	0	0	TCATG
chr7	55249079	32	A	20	12	0	0	0	0	0	0	0	0	0	CATGC
chr7	55249080	32	T	19	13	0	0	0	0	0	0	0	0	0	ATGCC
chr7	55249081	33	G	22	11	0	0	0	0	0	0	0	0	0	TGCCC
chr7	55249082	36	C	23	13	0	0	0	0	0	0	0	0	0	GCCCT
chr7	55249083	36	C	23	13	0	0	0	0	0	0	0	0	0	CCCTT
chr7	55249084	35	C	22	13	0	0	0	0	0	0	0	0	0	CCTTC
chr7	55249085	35	T	22	13	0	0	0	0	0	0	0	0	0	CTTCG
chr7	55249086	35	T	22	13	0	0	0	0	0	0	0	0	0	TTCGG
chr7	55249087	36	C	23	13	0	0	0	0	0	0	0	0	0	TCGGC
chr7	55249088	36	G	22	14	0	0	0	0	0	0	0	0	0	CGGCT
chr7	55249089	36	G	22	14	0	0	0	0	0	0	0	0	0	GGCTG
chr7	55249090	37	C	23	14	0	0	0	0	0	0	0	0	0	GCTGC
chr7	55249091	36	T	23	13	0	0	0	0	0	0	0	0	0	CTGCC
chr7	55249092	37	G	23	14	0	0	0	0	0	0	0	0	0	TGCCT
chr7	55249093	36	C	23	13	0	0	0	0	0	0	0	0	0	GCCTC
chr7	55249094	36	C	23	13	0	0	0	0	0	0	0	0	0	CCTCC
chr7	55249095	37	T	25	12	0	0	0	0	0	0	0	0	0	CTCCT
chr7	55249096	36	C	25	11	0	0	0	0	0	0	0	0	0	TCCTG
chr7	55249097	36	C	24	12	0	0	0	0	0	0	0	0	0	CCTGG
chr7	55249098	36	T	24	11	0	0	0	1	0	0	0	0	0	CTGGA
chr7	55249099	34	G	24	10	0	0	0	0	0	0	0	0	0	TGGAC
chr7	55249100	34	G	23	11	0	0	0	0	0	0	0	0	0	GGACT
chr7	55249101	36	A	24	12	0	0	0	0	0	0	0	0	0	GACTA
chr7	55249102	36	C	24	12	0	0	0	0	0	0	0	0	0	ACTAT
chr7	55249103	36	T	23	12	0	1	0	0	0	0	0	0	0	CTATG
chr7	55249104	34	A	22	11	0	0	0	0	0	1	0	0	0	TATGT
chr7	55249105	37	T	24	12	0	1	0	0	0	0	0	0	0	ATGTC
chr7	55249106	37	G	25	12	0	0	0	0	0	0	0	0	0	TGTCC
chr7	55249107	38	T	25	13	0	0	0	0	0	0	0	0	0	GTCCG
chr7	55249108	40	C	25	15	0	0	0	0	0	0	0	0	0	TCCGG
chr7	55249109	40	C	25	15	0	0	0	0	0	0	0	0	0	CCGGG
chr7	55249110	37	G	24	13	0	0	0	0	0	0	0	0	0	CGGGA
chr7	55249111	37	G	23	14	0	0	0	0	0	0	0	0	0	GGGAA
chr7	55249112	38	G	24	14	0	0	0	0	0	0	0	0	0	GGAAC
chr7	55249113	36	A	22	14	0	0	0	0	0	0	0	0	0	GAACA
chr7	55249114	34	A	20	14	0	0	0	0	0	0	0	0	0	AACAC
chr7	55249115	36	C	21	15	0	0	0	0	0	0	0	0	0	ACACA
chr7	55249116	38	A	23	15	0	0	0	0	0	0	0	0	0	CACAA
chr7	55249117	38	C	22	16	0	0	0	0	0	0	0	0	0	ACAAA
chr7	55249118	38	A	22	16	0	0	0	0	0	0	0	0	0	CAAAG
chr7	55249119	33	A	20	13	0	0	0	0	0	0	0	0	0	AAAGA
chr7	55249120	34	A	21	13	0	0	0	0	0	0	0	0	0	AAGAC
chr7	55249121	38	G	23	15	0	0	0	0	0	0	0	0	0	AGACA
chr7	55249122	37	A	23	14	0	0	0	0	0	0	0	0	0	GACAA
chr7	55249123	37	C	23	14	0	0	0	0	0	0	0	0	0	ACAAT
chr7	55249124	34	A	22	12	0	0	0	0	0	0	0	0	0	CAATA
chr7	55249125	35	A	22	13	0	0	0	0	0	0	0	0	0	AATAT
chr7	55249126	33	T	21	12	0	0	0	0	0	0	0	0	0	ATATT
chr7	55249127	35	A	23	12	0	0	0	0	0	0	0	0	0	TATTG
chr7	55249128	34	T	22	12	0	0	0	0	0	0	0	0	0	ATTGG
chr7	55249129	33	T	21	12	0	0	0	0	0	0	0	0	0	TTGGC
chr7	55249130	36	G	23	13	0	0	0	0	0	0	0	0	0	TGGCT
chr7	55249131	37	G	23	14	0	0	0	0	0	0	0	0	0	GGCTC
chr7	55249132	36	C	23	13	0	0	0	0	0	0	0	0	0	GCTCC
chr7	55249133	36	T	23	13	0	0	0	0	0	0	0	0	0	CTCCC
chr7	55249134	37	C	23	14	0	0	0	0	0	0	0	0	0	TCCCA
chr7	55249135	37	C	22	15	0	0	0	0	0	0	0	0	0	CCCAG
chr7	55249136	37	C	22	15	0	0	0	0	0	0	0	0	0	CCAGT
chr7	55249137	34	A	21	13	0	0	0	0	0	0	0	0	0	CAGTA
chr7	55249138	35	G	20	15	0	0	0	0	0	0	0	0	0	AGTAC
chr7	55249139	33	T	19	14	0	0	0	0	0	0	0	0	0	GTACC
chr7	55249140	35	A	19	16	0	0	0	0	0	0	0	0	0	TACCT
chr7	55249141	36	C	18	18	0	0	0	0	0	0	0	0	0	ACCTG
chr7	55249142	36	C	18	18	0	0	0	0	0	0	0	0	0	CCTGC
chr7	55249143	32	T	18	14	0	0	0	0	0	0	0	0	0	CTGCT
chr7	55249144	36	G	18	18	0	0	0	0	0	0	0	0	0	TGCTC
chr7	55249145	38	C	19	19	0	0	0	0	0	0	0	0	0	GCTCA
chr7	55249146	36	T	19	17	0	0	0	0	0	0	0	0	0	CTCAA
chr7	55249147	38	C	19	19	0	0	0	0	0	0	0	0	0	TCAAC
chr7	55249148	36	A	18	18	0	0	0	0	0	0	0	0	0	CAACT
chr7	55249149	35	A	18	17	0	0	0	0	0	0	0	0	0	AACTG
chr7	55249150	38	C	19	19	0	0	0	0	0	0	0	0	0	ACTGG
chr7	55249151	37	T	19	18	0	0	0	0	0	0	0	0	0	CTGGT
chr7	55249152	38	G	18	20	0	0	0	0	0	0	0	0	0	TGGTG
chr7	55249153	38	G	18	20	0	0	0	0	0	0	0	0	0	GGTGT
chr7	55249154	37	T	17	20	0	0	0	0	0	0	0	0	0	GTGTG
chr7	55249155	38	G	18	20	0	0	0	0	0	0	0	0	0	TGTGT
chr7	55249156	35	T	17	18	0	0	0	0	0	0	0	0	0	GTGTG
chr7	55249157	36	G	17	19	0	0	0	0	0	0	0	0	0	TGTGC
chr7	55249158	33	T	16	17	0	0	0	0	0	0	0	0	0	GTGCA
chr7	55249159	36	G	17	19	0	0	0	0	0	0	0	0	0	TGCAG
chr7	55249160	35	C	16	19	0	0	0	0	0	0	0	0	0	GCAGA
chr7	55249161	36	A	16	20	0	0	0	0	0	0	0	0	0	CAGAT
chr7	55249162	34	G	14	20	0	0	0	0	0	0	0	0	0	AGATC
chr7	55249163	35	A	15	20	0	0	0	0	0	0	0	0	0	GATCG
chr7	55249164	36	T	16	20	0	0	0	0	0	0	0	0	0	ATCGC
chr7	55249165	36	C	17	19	0	0	0	0	0	0	0	0	0	TCGCA
chr7	55249166	37	G	17	20	0	0	0	0	0	0	0	0	0	CGCAA
chr7	55249167	37	C	14	23	0	0	0	0	0	0	0	0	0	GCAAA
chr7	55249168	37	A	15	22	0	0	0	0	0	0	0	0	0	CAAAG
chr7	55249169	36	A	14	22	0	0	0	0	0	0	0	0	0	AAAGG
chr7	55249170	36	A	14	22	0	0	0	0	0	0	0	0	0	AAGGT
chr7	55249171	39	G	15	24	0	0	0	0	0	0	0	0	0	AGGTA
chr7	55259514	40	C	17	23	0	0	0	0	0	0	0	0	0	GCTGG
chr7	55259515	41	T	19	22	0	0	0	0	0	0	0	0	0	CTGGC
chr7	55259516	43	G	20	23	0	0	0	0	0	0	0	0	0	TGGCC
chr7	55259523	43	C	20	23	0	0	0	0	0	0	0	0	0	ACTGC
chr7	55259524	43	T	19	24	0	0	0	0	0	0	0	0	0	CTGCT
chr7	55259525	40	G	15	25	0	0	0	0	0	0	0	0	0	TGCTG
chr7	140453135	70	C	23	47	0	0	0	0	0	0	0	0	0	TCACT
chr7	140453136	69	A	21	48	0	0	0	0	0	0	0	0	0	CACTG
chr7	140453137	70	C	24	46	0	0	0	0	0	0	0	0	0	ACTGT
chr12	331698	1	T	0	1	0	0	0	0	0	0	0	0	0	CTGTG	nan	nan	nan	nan
chr12	25380274	261	C	156	105	0	0	0	0	0	0	0	0	0	TCTTG
chr12	25380275	255	T	152	103	0	0	0	0	0	0	0	0	0	CTTGA
chr12	25380276	259	T	156	102	0	0	1	0	0	0	0	0	0	TTGAC
chr12	25380277	259	G	156	103	0	0	0	0	0	0	0	0	0	TGACC
chr12	25380278	256	A	155	100	0	0	0	0	0	0	1	0	0	GACCT
chr12	25398283	207	A	92	114	0	0	0	0	1	0	0	0	0	CACCA
chr12	25398284	204	C	90	113	1	0	0	0	0	0	0	0	0	ACCAG
chr12	25398285	210	C	91	119	0	0	0	0	0	0	0	0	0	CCAGC
chr12	25398286	210	A	91	119	0	0	0	0	0	0	0	0	0	CAGCT
