CHR	POS	DEPTH	REF	R+	R-	A+	A-	C+	C-	T+	T-	G+	G-	PAD	MOTIF
chr7	1027008	1	C	1	0	0	0	0	0	0	0	0	0	0	GCGTG	nan	nan	nan	nan
chr7	140453135	249	C	114	135	0	0	0	0	0	0	0	0	0	TCACT
chr7	140453136	251	A	115	136	0	0	0	0	0	0	0	0	0	CACTG
chr7	140453137	248	C	118	129	0	0	0	0	0	1	0	0	0	ACTGT
chr12	335493	1	G	1	0	0	0	0	0	0	0	0	0	62	AGACG	nan	nan	nan	nan
chr12	25380274	399	C	254	145	0	0	0	0	0	0	0	0	0	TCTTG
chr12	25380275	402	T	257	145	0	0	0	0	0	0	0	0	0	CTTGA
chr12	25380276	404	T	254	145	0	0	5	0	0	0	0	0	0	TTGAC
chr12	25380277	404	G	265	139	0	0	0	0	0	0	0	0	0	TGACC
chr12	25380278	404	A	267	136	0	0	0	0	0	0	0	1	0	GACCT
chr12	25398283	500	A	223	275	0	0	0	1	1	0	0	0	0	CACCA
chr12	25398284	505	C	222	279	3	0	0	0	0	0	0	1	0	ACCAG
chr12	25398285	504	C	224	280	0	0	0	0	0	0	0	0	0	CCAGC
chr12	25398286	506	A	220	283	0	0	0	2	0	1	0	0	0	CAGCT
