CHR	POS	DEPTH	REF	R+	R-	A+	A-	C+	C-	T+	T-	G+	G-	PAD	MOTIF
chr7	1024593	1	C	1	0	0	0	0	0	0	0	0	0	0	TCTTC
chr7	55242465	1	G	0	1	0	0	0	0	0	0	0	0	0	AGGAA
chr7	55242466	1	G	0	1	0	0	0	0	0	0	0	0	0	GGAAT
chr7	55242467	1	A	0	1	0	0	0	0	0	0	0	0	0	GAATT
chr7	55242468	1	A	0	1	0	0	0	0	0	0	0	0	0	AATTA
chr7	55242469	1	T	0	1	0	0	0	0	0	0	0	0	0	ATTAA
chr7	55242470	1	T	0	1	0	0	0	0	0	0	0	0	0	TTAAG
chr7	55242471	1	A	0	1	0	0	0	0	0	0	0	0	0	TAAGA
chr7	55242472	1	A	0	1	0	0	0	0	0	0	0	0	0	AAGAG
chr7	55242473	1	G	0	1	0	0	0	0	0	0	0	0	0	AGAGA
chr7	55242474	1	A	0	1	0	0	0	0	0	0	0	0	0	GAGAA
chr7	55242475	1	G	0	1	0	0	0	0	0	0	0	0	0	AGAAG
chr7	55242476	1	A	0	1	0	0	0	0	0	0	0	0	0	GAAGC
chr7	55242477	1	A	0	1	0	0	0	0	0	0	0	0	0	AAGCA
chr7	55242478	1	G	0	1	0	0	0	0	0	0	0	0	0	AGCAA
chr7	55242479	1	C	0	1	0	0	0	0	0	0	0	0	0	GCAAC
chr7	55242480	1	A	0	1	0	0	0	0	0	0	0	0	0	CAACA
chr7	55242481	1	A	0	1	0	0	0	0	0	0	0	0	0	AACAT
chr7	55242482	1	C	0	1	0	0	0	0	0	0	0	0	0	ACATC
chr7	55242483	1	A	0	1	0	0	0	0	0	0	0	0	0	CATCT
chr7	55242484	1	T	0	1	0	0	0	0	0	0	0	0	0	ATCTC
chr7	55242485	1	C	0	1	0	0	0	0	0	0	0	0	0	TCTCC
chr7	55242486	1	T	0	1	0	0	0	0	0	0	0	0	0	CTCCG
chr7	55242487	1	C	0	1	0	0	0	0	0	0	0	0	0	TCCGA
chr7	55242488	1	C	0	1	0	0	0	0	0	0	0	0	0	CCGAA
chr7	55242489	1	G	0	1	0	0	0	0	0	0	0	0	0	CGAAA
chr7	55242490	1	A	0	1	0	0	0	0	0	0	0	0	0	GAAAG
chr7	55242491	1	A	0	1	0	0	0	0	0	0	0	0	0	AAAGC
chr7	55242492	1	A	0	1	0	0	0	0	0	0	0	0	0	AAGCC
chr7	55242493	1	G	0	1	0	0	0	0	0	0	0	0	0	AGCCA
chr7	55242494	1	C	0	1	0	0	0	0	0	0	0	0	0	GCCAA
chr7	55242495	1	C	0	1	0	0	0	0	0	0	0	0	0	CCAAC
chr7	55242496	1	A	0	1	0	0	0	0	0	0	0	0	0	CAACA
chr7	55242497	1	A	0	1	0	0	0	0	0	0	0	0	0	AACAA
chr7	55242498	1	C	0	1	0	0	0	0	0	0	0	0	0	ACAAG
chr7	55242499	1	A	0	1	0	0	0	0	0	0	0	0	0	CAAGG
chr7	55242500	1	A	0	1	0	0	0	0	0	0	0	0	0	AAGGA
chr7	55242501	1	G	0	1	0	0	0	0	0	0	0	0	0	AGGAA
chr7	55242502	1	G	0	1	0	0	0	0	0	0	0	0	0	GGAAA
chr7	55242503	1	A	0	1	0	0	0	0	0	0	0	0	0	GAAAT
chr7	55242504	1	A	0	1	0	0	0	0	0	0	0	0	0	AAATC
chr7	55242505	1	A	0	1	0	0	0	0	0	0	0	0	0	AATCC
chr7	55242506	1	T	0	1	0	0	0	0	0	0	0	0	0	ATCCT
chr7	55242507	1	C	0	1	0	0	0	0	0	0	0	0	0	TCCTC
chr7	55242508	1	C	0	1	0	0	0	0	0	0	0	0	0	CCTCG
chr7	55242509	1	T	0	1	0	0	0	0	0	0	0	0	0	CTCGA
chr7	55242510	1	C	0	1	0	0	0	0	0	0	0	0	0	TCGAT
chr7	55242511	1	G	0	1	0	0	0	0	0	0	0	0	0	CGATG
chr7	55242512	1	A	0	1	0	0	0	0	0	0	0	0	0	GATGT
chr7	55242513	1	T	0	1	0	0	0	0	0	0	0	0	0	ATGTG
chr7	55248986	1	G	0	1	0	0	0	0	0	0	0	0	0	GGAAG
chr7	55248987	1	A	0	1	0	0	0	0	0	0	0	0	0	GAAGC
chr7	55248988	1	A	0	1	0	0	0	0	0	0	0	0	0	AAGCC
chr7	55248989	1	G	0	1	0	0	0	0	0	0	0	0	0	AGCCT
chr7	55248990	1	C	0	1	0	0	0	0	0	0	0	0	0	GCCTA
chr7	55248991	1	C	0	1	0	0	0	0	0	0	0	0	0	CCTAC
chr7	55248992	1	T	0	1	0	0	0	0	0	0	0	0	0	CTACG
chr7	55248993	1	A	0	1	0	0	0	0	0	0	0	0	0	TACGT
chr7	55248994	1	C	0	1	0	0	0	0	0	0	0	0	0	ACGTG
chr7	55248995	1	G	0	1	0	0	0	0	0	0	0	0	0	CGTGA
chr7	55248996	1	T	0	1	0	0	0	0	0	0	0	0	0	GTGAT
chr7	55248997	1	G	0	1	0	0	0	0	0	0	0	0	0	TGATG
chr7	55248998	1	A	0	1	0	0	0	0	0	0	0	0	0	GATGG
chr7	55248999	1	T	0	1	0	0	0	0	0	0	0	0	0	ATGGC
chr7	55249000	1	G	0	1	0	0	0	0	0	0	0	0	0	TGGCC
chr7	55249001	1	G	0	1	0	0	0	0	0	0	0	0	0	GGCCA
chr7	55249002	1	C	0	1	0	0	0	0	0	0	0	0	0	GCCAG
chr7	55249003	1	C	0	1	0	0	0	0	0	0	0	0	0	CCAGC
chr7	55249004	1	A	0	1	0	0	0	0	0	0	0	0	0	CAGCG
chr7	55249005	1	G	0	1	0	0	0	0	0	0	0	0	0	AGCGT
chr7	55249006	1	C	0	1	0	0	0	0	0	0	0	0	0	GCGTG
chr7	55249007	1	G	0	1	0	0	0	0	0	0	0	0	0	CGTGG
chr7	55249008	1	T	0	1	0	0	0	0	0	0	0	0	0	GTGGA
chr7	55249009	1	G	0	1	0	0	0	0	0	0	0	0	0	TGGAC
chr7	55249010	1	G	0	1	0	0	0	0	0	0	0	0	0	GGACA
chr7	55249011	1	A	0	1	0	0	0	0	0	0	0	0	0	GACAA
chr7	55249012	1	C	0	1	0	0	0	0	0	0	0	0	0	ACAAC
chr7	55249013	1	A	0	1	0	0	0	0	0	0	0	0	0	CAACC
chr7	55249014	1	A	0	1	0	0	0	0	0	0	0	0	0	AACCC
chr7	55249015	1	C	0	1	0	0	0	0	0	0	0	0	0	ACCCC
chr7	55249016	1	C	0	1	0	0	0	0	0	0	0	0	0	CCCCC
chr7	55249017	1	C	0	1	0	0	0	0	0	0	0	0	0	CCCCA
chr7	55249018	1	C	0	1	0	0	0	0	0	0	0	0	0	CCCAC
chr7	55249019	1	C	0	1	0	0	0	0	0	0	0	0	0	CCACG
chr7	55249020	1	A	0	1	0	0	0	0	0	0	0	0	0	CACGT
chr7	55249021	1	C	0	1	0	0	0	0	0	0	0	0	0	ACGTG
chr7	55249022	1	G	0	1	0	0	0	0	0	0	0	0	0	CGTGT
chr7	55249023	1	T	0	1	0	0	0	0	0	0	0	0	0	GTGTG
chr7	55249024	1	G	0	1	0	0	0	0	0	0	0	0	0	TGTGC
chr7	55249025	1	T	0	1	0	0	0	0	0	0	0	0	0	GTGCC
chr7	55249026	1	G	0	1	0	0	0	0	0	0	0	0	0	TGCCG
chr7	55249027	1	C	0	1	0	0	0	0	0	0	0	0	0	GCCGC
chr7	55249028	1	C	0	1	0	0	0	0	0	0	0	0	0	CCGCC
chr7	55249029	1	G	0	1	0	0	0	0	0	0	0	0	0	CGCCT
chr7	55249030	1	C	0	1	0	0	0	0	0	0	0	0	0	GCCTG
chr7	55249031	1	C	0	1	0	0	0	0	0	0	0	0	0	CCTGC
chr7	55249032	1	T	0	1	0	0	0	0	0	0	0	0	0	CTGCT
chr7	55249033	1	G	0	1	0	0	0	0	0	0	0	0	0	TGCTG
chr7	55249034	1	C	0	1	0	0	0	0	0	0	0	0	0	GCTGG
chr7	55249035	1	T	0	1	0	0	0	0	0	0	0	0	0	CTGGG
chr7	55249036	1	G	0	1	0	0	0	0	0	0	0	0	0	TGGGC
chr7	55249037	1	G	0	1	0	0	0	0	0	0	0	0	0	GGGCA
chr7	55249038	1	G	0	1	0	0	0	0	0	0	0	0	0	GGCAT
chr7	55249039	1	C	0	1	0	0	0	0	0	0	0	0	0	GCATC
chr7	55249040	1	A	0	1	0	0	0	0	0	0	0	0	0	CATCT
chr7	55249041	1	T	0	1	0	0	0	0	0	0	0	0	0	ATCTG
chr7	55249042	1	C	0	1	0	0	0	0	0	0	0	0	0	TCTGC
chr7	55249043	2	T	1	1	0	0	0	0	0	0	0	0	0	CTGCC
chr7	55249044	1	G	1	0	0	0	0	0	0	0	0	0	0	TGCCT
chr7	55249045	1	C	1	0	0	0	0	0	0	0	0	0	0	GCCTC
chr7	55249046	1	C	1	0	0	0	0	0	0	0	0	0	0	CCTCA
chr7	55249047	1	T	1	0	0	0	0	0	0	0	0	0	0	CTCAC
chr7	55249048	1	C	1	0	0	0	0	0	0	0	0	0	0	TCACC
chr7	55249049	1	A	1	0	0	0	0	0	0	0	0	0	0	CACCT
chr7	55249050	1	C	1	0	0	0	0	0	0	0	0	0	0	ACCTC
chr7	55249051	1	C	1	0	0	0	0	0	0	0	0	0	0	CCTCC
chr7	55249052	1	T	1	0	0	0	0	0	0	0	0	0	0	CTCCA
chr7	55249053	1	C	1	0	0	0	0	0	0	0	0	0	0	TCCAC
chr7	140453135	260	C	77	183	0	0	0	0	0	0	0	0	0	TCACT
chr7	140453136	263	A	80	183	0	0	0	0	0	0	0	0	0	CACTG
chr7	140453137	262	C	81	181	0	0	0	0	0	0	0	0	0	ACTGT
chr12	330272	1	A	1	0	0	0	0	0	0	0	0	0	38	GAGCG
chr12	25380274	732	C	370	362	0	0	0	0	0	0	0	0	0	TCTTG
chr12	25380275	733	T	370	363	0	0	0	0	0	0	0	0	0	CTTGA
chr12	25380276	731	T	363	364	0	0	4	0	0	0	0	0	0	TTGAC
chr12	25380277	734	G	367	366	0	0	0	0	0	0	0	0	0	TGACC
chr12	25380278	734	A	367	366	0	0	0	0	0	1	0	0	0	GACCT
chr12	25398283	409	A	156	253	0	0	0	0	0	0	0	0	0	CACCA
chr12	25398284	411	C	154	257	0	0	0	0	0	0	0	0	0	ACCAG
chr12	25398285	403	C	154	249	0	0	0	0	0	0	0	0	0	CCAGC
chr12	25398286	403	A	155	248	0	0	0	0	0	0	0	0	0	CAGCT
