CHR	POS	DEPTH	REF	R+	R-	A+	A-	C+	C-	T+	T-	G+	G-	PAD	MOTIF
chr7	1028027	1	C	0	1	0	0	0	0	0	0	0	0	0	GCGGG	nan	nan	nan	nan
chr7	55241706	2	G	1	0	0	0	0	0	1	0	0	0	0	TGGGC
chr7	55241707	2	G	2	0	0	0	0	0	0	0	0	0	0	GGGCT
chr7	55241708	2	G	2	0	0	0	0	0	0	0	0	0	0	GGCTC
chr7	55241709	2	C	2	0	0	0	0	0	0	0	0	0	0	GCTCC
chr7	55242415	3	G	2	1	0	0	0	0	0	0	0	0	0	GGGAC
chr7	55242416	3	G	2	1	0	0	0	0	0	0	0	0	0	GGACT
chr7	55242417	4	A	3	1	0	0	0	0	0	0	0	0	0	GACTC
chr7	55242418	4	C	3	1	0	0	0	0	0	0	0	0	0	ACTCT
chr7	55242419	4	T	3	1	0	0	0	0	0	0	0	0	0	CTCTG
chr7	55242420	4	C	2	1	0	0	0	0	1	0	0	0	0	TCTGG
chr7	55242421	4	T	3	1	0	0	0	0	0	0	0	0	0	CTGGA
chr7	55242422	4	G	3	1	0	0	0	0	0	0	0	0	0	TGGAT
chr7	55242423	4	G	3	1	0	0	0	0	0	0	0	0	0	GGATC
chr7	55242424	4	A	3	1	0	0	0	0	0	0	0	0	0	GATCC
chr7	55242425	4	T	3	1	0	0	0	0	0	0	0	0	0	ATCCC
chr7	55242426	4	C	3	1	0	0	0	0	0	0	0	0	0	TCCCA
chr7	55242427	5	C	4	1	0	0	0	0	0	0	0	0	0	CCCAG
chr7	55242428	5	C	4	1	0	0	0	0	0	0	0	0	0	CCAGA
chr7	55242429	5	A	4	1	0	0	0	0	0	0	0	0	0	CAGAA
chr7	55242430	5	G	4	1	0	0	0	0	0	0	0	0	0	AGAAG
chr7	55242431	5	A	4	1	0	0	0	0	0	0	0	0	0	GAAGG
chr7	55242432	5	A	4	1	0	0	0	0	0	0	0	0	0	AAGGT
chr7	55242433	5	G	4	1	0	0	0	0	0	0	0	0	0	AGGTG
chr7	55242434	5	G	4	1	0	0	0	0	0	0	0	0	0	GGTGA
chr7	55242435	5	T	4	1	0	0	0	0	0	0	0	0	0	GTGAG
chr7	55242436	5	G	4	1	0	0	0	0	0	0	0	0	0	TGAGA
chr7	55242437	5	A	4	1	0	0	0	0	0	0	0	0	0	GAGAA
chr7	55242438	5	G	4	1	0	0	0	0	0	0	0	0	0	AGAAA
chr7	55242439	5	A	4	1	0	0	0	0	0	0	0	0	0	GAAAG
chr7	55242440	5	A	4	1	0	0	0	0	0	0	0	0	0	AAAGT
chr7	55242441	5	A	4	1	0	0	0	0	0	0	0	0	0	AAGTT
chr7	55242442	5	G	4	1	0	0	0	0	0	0	0	0	0	AGTTA
chr7	55242443	5	T	4	1	0	0	0	0	0	0	0	0	0	GTTAA
chr7	55242444	5	T	4	1	0	0	0	0	0	0	0	0	0	TTAAA
chr7	55242445	5	A	4	1	0	0	0	0	0	0	0	0	0	TAAAA
chr7	55242446	5	A	4	1	0	0	0	0	0	0	0	0	0	AAAAT
chr7	55242447	5	A	4	1	0	0	0	0	0	0	0	0	0	AAATT
chr7	55242448	5	A	4	1	0	0	0	0	0	0	0	0	0	AATTC
chr7	55242449	5	T	4	1	0	0	0	0	0	0	0	0	0	ATTCC
chr7	55242450	5	T	4	1	0	0	0	0	0	0	0	0	0	TTCCC
chr7	55242451	5	C	4	0	0	0	0	0	0	0	0	0	0	TCCCG
chr7	55242452	5	C	4	1	0	0	0	0	0	0	0	0	0	CCCGT
chr7	55242453	5	C	4	1	0	0	0	0	0	0	0	0	0	CCGTC
chr7	55242454	5	G	4	1	0	0	0	0	0	0	0	0	0	CGTCG
chr7	55242455	5	T	4	1	0	0	0	0	0	0	0	0	0	GTCGC
chr7	55242456	5	C	4	1	0	0	0	0	0	0	0	0	0	TCGCT
chr7	55242457	5	G	4	1	0	0	0	0	0	0	0	0	0	CGCTA
chr7	55242458	5	C	4	1	0	0	0	0	0	0	0	0	0	GCTAT
chr7	55242459	5	T	4	1	0	0	0	0	0	0	0	0	0	CTATC
chr7	55242460	5	A	4	1	0	0	0	0	0	0	0	0	0	TATCA
chr7	55242461	5	T	4	1	0	0	0	0	0	0	0	0	0	ATCAA
chr7	55242462	5	C	4	1	0	0	0	0	0	0	0	0	0	TCAAG
chr7	55242463	5	A	4	1	0	0	0	0	0	0	0	0	0	CAAGG
chr7	55242464	5	A	4	1	0	0	0	0	0	0	0	0	0	AAGGA
chr7	55242465	5	G	4	1	0	0	0	0	0	0	0	0	0	AGGAA
chr7	55242466	5	G	4	1	0	0	0	0	0	0	0	0	0	GGAAT
chr7	55242467	5	A	4	1	0	0	0	0	0	0	0	0	0	GAATT
chr7	55242468	5	A	4	1	0	0	0	0	0	0	0	0	0	AATTA
chr7	55242469	5	T	4	1	0	0	0	0	0	0	0	0	0	ATTAA
chr7	55242470	5	T	4	1	0	0	0	0	0	0	0	0	0	TTAAG
chr7	55242471	5	A	4	1	0	0	0	0	0	0	0	0	0	TAAGA
chr7	55242472	5	A	4	1	0	0	0	0	0	0	0	0	0	AAGAG
chr7	55242473	5	G	4	1	0	0	0	0	0	0	0	0	0	AGAGA
chr7	55242474	5	A	4	1	0	0	0	0	0	0	0	0	0	GAGAA
chr7	55242475	5	G	4	1	0	0	0	0	0	0	0	0	0	AGAAG
chr7	55242476	5	A	4	1	0	0	0	0	0	0	0	0	0	GAAGC
chr7	55242477	6	A	5	1	0	0	0	0	0	0	0	0	0	AAGCA
chr7	55242478	6	G	5	1	0	0	0	0	0	0	0	0	0	AGCAA
chr7	55242479	5	C	4	1	0	0	0	0	0	0	0	0	0	GCAAC
chr7	55242480	5	A	4	1	0	0	0	0	0	0	0	0	0	CAACA
chr7	55242481	5	A	4	1	0	0	0	0	0	0	0	0	0	AACAT
chr7	55242482	5	C	4	1	0	0	0	0	0	0	0	0	0	ACATC
chr7	55242483	5	A	4	1	0	0	0	0	0	0	0	0	0	CATCT
chr7	55242484	5	T	3	2	0	0	0	0	0	0	0	0	0	ATCTC
chr7	55242485	5	C	3	2	0	0	0	0	0	0	0	0	0	TCTCC
chr7	55242486	5	T	3	2	0	0	0	0	0	0	0	0	0	CTCCG
chr7	55242487	5	C	3	2	0	0	0	0	0	0	0	0	0	TCCGA
chr7	55242488	5	C	3	2	0	0	0	0	0	0	0	0	0	CCGAA
chr7	55242489	4	G	2	2	0	0	0	0	0	0	0	0	0	CGAAA
chr7	55242490	3	A	1	2	0	0	0	0	0	0	0	0	0	GAAAG
chr7	55242491	3	A	1	2	0	0	0	0	0	0	0	0	0	AAAGC
chr7	55242492	3	A	1	2	0	0	0	0	0	0	0	0	0	AAGCC
chr7	55242493	3	G	1	2	0	0	0	0	0	0	0	0	0	AGCCA
chr7	55242494	3	C	1	2	0	0	0	0	0	0	0	0	0	GCCAA
chr7	55242495	3	C	1	2	0	0	0	0	0	0	0	0	0	CCAAC
chr7	55242496	3	A	1	2	0	0	0	0	0	0	0	0	0	CAACA
chr7	55242497	3	A	1	2	0	0	0	0	0	0	0	0	0	AACAA
chr7	55242498	3	C	1	2	0	0	0	0	0	0	0	0	0	ACAAG
chr7	55242499	3	A	1	2	0	0	0	0	0	0	0	0	0	CAAGG
chr7	55242500	3	A	1	2	0	0	0	0	0	0	0	0	0	AAGGA
chr7	55242501	3	G	1	2	0	0	0	0	0	0	0	0	0	AGGAA
chr7	55242502	3	G	1	2	0	0	0	0	0	0	0	0	0	GGAAA
chr7	55242503	3	A	1	2	0	0	0	0	0	0	0	0	0	GAAAT
chr7	55242504	3	A	1	2	0	0	0	0	0	0	0	0	0	AAATC
chr7	55242505	3	A	1	2	0	0	0	0	0	0	0	0	0	AATCC
chr7	55242506	3	T	1	2	0	0	0	0	0	0	0	0	0	ATCCT
chr7	55242507	3	C	1	2	0	0	0	0	0	0	0	0	0	TCCTC
chr7	55242508	3	C	1	2	0	0	0	0	0	0	0	0	0	CCTCG
chr7	55242509	3	T	1	2	0	0	0	0	0	0	0	0	0	CTCGA
chr7	55242510	3	C	1	2	0	0	0	0	0	0	0	0	0	TCGAT
chr7	55242511	3	G	1	2	0	0	0	0	0	0	0	0	0	CGATG
chr7	55242512	3	A	1	2	0	0	0	0	0	0	0	0	0	GATGT
chr7	55242513	3	T	1	2	0	0	0	0	0	0	0	0	0	ATGTG
chr7	55248986	4	G	2	2	0	0	0	0	0	0	0	0	0	GGAAG
chr7	55248987	4	A	2	2	0	0	0	0	0	0	0	0	0	GAAGC
chr7	55248988	4	A	2	2	0	0	0	0	0	0	0	0	0	AAGCC
chr7	55248989	5	G	3	2	0	0	0	0	0	0	0	0	0	AGCCT
chr7	55248990	5	C	3	2	0	0	0	0	0	0	0	0	0	GCCTA
chr7	55248991	5	C	3	2	0	0	0	0	0	0	0	0	0	CCTAC
chr7	55248992	5	T	3	2	0	0	0	0	0	0	0	0	0	CTACG
chr7	55248993	5	A	3	2	0	0	0	0	0	0	0	0	0	TACGT
chr7	55248994	5	C	3	2	0	0	0	0	0	0	0	0	0	ACGTG
chr7	55248995	5	G	3	2	0	0	0	0	0	0	0	0	0	CGTGA
chr7	55248996	5	T	3	2	0	0	0	0	0	0	0	0	0	GTGAT
chr7	55248997	5	G	3	2	0	0	0	0	0	0	0	0	0	TGATG
chr7	55248998	5	A	3	2	0	0	0	0	0	0	0	0	0	GATGG
chr7	55248999	5	T	3	2	0	0	0	0	0	0	0	0	0	ATGGC
chr7	55249000	5	G	3	2	0	0	0	0	0	0	0	0	0	TGGCC
chr7	55249001	5	G	3	2	0	0	0	0	0	0	0	0	0	GGCCA
chr7	55249002	5	C	3	2	0	0	0	0	0	0	0	0	0	GCCAG
chr7	55249003	5	C	3	2	0	0	0	0	0	0	0	0	0	CCAGC
chr7	55249004	5	A	3	2	0	0	0	0	0	0	0	0	0	CAGCG
chr7	55249005	5	G	3	2	0	0	0	0	0	0	0	0	0	AGCGT
chr7	55249006	5	C	3	2	0	0	0	0	0	0	0	0	0	GCGTG
chr7	55249007	5	G	3	2	0	0	0	0	0	0	0	0	0	CGTGG
chr7	55249008	5	T	3	2	0	0	0	0	0	0	0	0	0	GTGGA
chr7	55249009	5	G	3	2	0	0	0	0	0	0	0	0	0	TGGAC
chr7	55249010	5	G	3	2	0	0	0	0	0	0	0	0	0	GGACA
chr7	55249011	5	A	3	2	0	0	0	0	0	0	0	0	0	GACAA
chr7	55249012	5	C	3	2	0	0	0	0	0	0	0	0	0	ACAAC
chr7	55249013	5	A	3	2	0	0	0	0	0	0	0	0	0	CAACC
chr7	55249014	5	A	3	2	0	0	0	0	0	0	0	0	0	AACCC
chr7	55249015	5	C	3	2	0	0	0	0	0	0	0	0	0	ACCCC
chr7	55249016	5	C	3	2	0	0	0	0	0	0	0	0	0	CCCCC
chr7	55249017	5	C	3	2	0	0	0	0	0	0	0	0	0	CCCCA
chr7	55249018	4	C	2	2	0	0	0	0	0	0	0	0	0	CCCAC
chr7	55249019	4	C	2	2	0	0	0	0	0	0	0	0	0	CCACG
chr7	55249020	4	A	2	2	0	0	0	0	0	0	0	0	0	CACGT
chr7	55249021	4	C	2	2	0	0	0	0	0	0	0	0	0	ACGTG
chr7	55249022	4	G	2	2	0	0	0	0	0	0	0	0	0	CGTGT
chr7	55249023	4	T	2	2	0	0	0	0	0	0	0	0	0	GTGTG
chr7	55249024	4	G	2	2	0	0	0	0	0	0	0	0	0	TGTGC
chr7	55249025	4	T	1	3	0	0	0	0	0	0	0	0	0	GTGCC
chr7	55249026	4	G	1	3	0	0	0	0	0	0	0	0	0	TGCCG
chr7	55249027	4	C	1	3	0	0	0	0	0	0	0	0	0	GCCGC
chr7	55249028	5	C	2	3	0	0	0	0	0	0	0	0	0	CCGCC
chr7	55249029	5	G	2	3	0	0	0	0	0	0	0	0	0	CGCCT
chr7	55249030	5	C	2	3	0	0	0	0	0	0	0	0	0	GCCTG
chr7	55249031	5	C	2	3	0	0	0	0	0	0	0	0	0	CCTGC
chr7	55249032	5	T	2	3	0	0	0	0	0	0	0	0	0	CTGCT
chr7	55249033	5	G	2	3	0	0	0	0	0	0	0	0	0	TGCTG
chr7	55249034	5	C	2	3	0	0	0	0	0	0	0	0	0	GCTGG
chr7	55249035	5	T	2	3	0	0	0	0	0	0	0	0	0	CTGGG
chr7	55249036	5	G	2	3	0	0	0	0	0	0	0	0	0	TGGGC
chr7	55249037	4	G	2	2	0	0	0	0	0	0	0	0	0	GGGCA
chr7	55249038	4	G	2	2	0	0	0	0	0	0	0	0	0	GGCAT
chr7	55249039	4	C	2	2	0	0	0	0	0	0	0	0	0	GCATC
chr7	55249040	4	A	2	2	0	0	0	0	0	0	0	0	0	CATCT
chr7	55249041	4	T	2	2	0	0	0	0	0	0	0	0	0	ATCTG
chr7	55249042	4	C	2	2	0	0	0	0	0	0	0	0	0	TCTGC
chr7	55249043	4	T	2	2	0	0	0	0	0	0	0	0	0	CTGCC
chr7	55249044	4	G	2	2	0	0	0	0	0	0	0	0	0	TGCCT
chr7	55249045	4	C	2	2	0	0	0	0	0	0	0	0	0	GCCTC
chr7	55249046	3	C	2	1	0	0	0	0	0	0	0	0	0	CCTCA
chr7	55249047	3	T	2	1	0	0	0	0	0	0	0	0	0	CTCAC
chr7	55249048	3	C	2	1	0	0	0	0	0	0	0	0	0	TCACC
chr7	55249049	3	A	2	1	0	0	0	0	0	0	0	0	0	CACCT
chr7	55249050	3	C	2	1	0	0	0	0	0	0	0	0	0	ACCTC
chr7	55249051	3	C	2	1	0	0	0	0	0	0	0	0	0	CCTCC
chr7	55249052	3	T	2	1	0	0	0	0	0	0	0	0	0	CTCCA
chr7	55249053	3	C	2	1	0	0	0	0	0	0	0	0	0	TCCAC
chr7	55249054	3	C	2	1	0	0	0	0	0	0	0	0	0	CCACC
chr7	55249055	3	A	2	1	0	0	0	0	0	0	0	0	0	CACCG
chr7	55249056	2	C	2	0	0	0	0	0	0	0	0	0	0	ACCGT
chr7	55249057	2	C	2	0	0	0	0	0	0	0	0	0	0	CCGTG
chr7	55249058	2	G	2	0	0	0	0	0	0	0	0	0	0	CGTGC
chr7	55249059	2	T	2	0	0	0	0	0	0	0	0	0	0	GTGCA
chr7	55249060	2	G	2	0	0	0	0	0	0	0	0	0	0	TGCAG
chr7	55249061	2	C	2	0	0	0	0	0	0	0	0	0	0	GCAGC
chr7	55249062	2	A	2	0	0	0	0	0	0	0	0	0	0	CAGCT
chr7	55249063	2	G	1	0	1	0	0	0	0	0	0	0	0	AGCTC
chr7	55249064	2	C	2	0	0	0	0	0	0	0	0	0	0	GCTCA
chr7	55249065	2	T	2	0	0	0	0	0	0	0	0	0	0	CTCAT
chr7	55249066	2	C	2	0	0	0	0	0	0	0	0	0	0	TCATC
chr7	55249067	2	A	2	0	0	0	0	0	0	0	0	0	0	CATCA
chr7	55249068	2	T	2	0	0	0	0	0	0	0	0	0	0	ATCAC
chr7	55249069	2	C	2	0	0	0	0	0	0	0	0	0	0	TCACG
chr7	55249070	2	A	2	0	0	0	0	0	0	0	0	0	0	CACGC
chr7	55249071	2	C	2	0	0	0	0	0	0	0	0	0	0	ACGCA
chr7	55249072	2	G	2	0	0	0	0	0	0	0	0	0	0	CGCAG
chr7	55249073	2	C	2	0	0	0	0	0	0	0	0	0	0	GCAGC
chr7	55249074	2	A	2	0	0	0	0	0	0	0	0	0	0	CAGCT
chr7	55249075	2	G	2	0	0	0	0	0	0	0	0	0	0	AGCTC
chr7	55249076	2	C	2	0	0	0	0	0	0	0	0	0	0	GCTCA
chr7	55249077	2	T	2	0	0	0	0	0	0	0	0	0	0	CTCAT
chr7	55249078	3	C	2	0	0	0	0	0	0	0	1	0	0	TCATG
chr7	55249079	3	A	3	0	0	0	0	0	0	0	0	0	0	CATGC
chr7	55249080	3	T	3	0	0	0	0	0	0	0	0	0	0	ATGCC
chr7	55249081	3	G	3	0	0	0	0	0	0	0	0	0	0	TGCCC
chr7	55249082	3	C	3	0	0	0	0	0	0	0	0	0	0	GCCCT
chr7	55249083	4	C	3	1	0	0	0	0	0	0	0	0	0	CCCTT
chr7	55249084	4	C	3	1	0	0	0	0	0	0	0	0	0	CCTTC
chr7	55249085	4	T	3	1	0	0	0	0	0	0	0	0	0	CTTCG
chr7	55249086	4	T	3	1	0	0	0	0	0	0	0	0	0	TTCGG
chr7	55249087	4	C	3	1	0	0	0	0	0	0	0	0	0	TCGGC
chr7	55249088	4	G	3	1	0	0	0	0	0	0	0	0	0	CGGCT
chr7	55249089	4	G	3	1	0	0	0	0	0	0	0	0	0	GGCTG
chr7	55249090	4	C	3	1	0	0	0	0	0	0	0	0	0	GCTGC
chr7	55249091	4	T	3	1	0	0	0	0	0	0	0	0	0	CTGCC
chr7	55249092	4	G	3	1	0	0	0	0	0	0	0	0	0	TGCCT
chr7	55249093	4	C	3	1	0	0	0	0	0	0	0	0	0	GCCTC
chr7	55249094	4	C	3	1	0	0	0	0	0	0	0	0	0	CCTCC
chr7	55249095	4	T	3	1	0	0	0	0	0	0	0	0	0	CTCCT
chr7	55249096	4	C	3	1	0	0	0	0	0	0	0	0	0	TCCTG
chr7	55249097	4	C	3	1	0	0	0	0	0	0	0	0	0	CCTGG
chr7	55249098	4	T	3	1	0	0	0	0	0	0	0	0	0	CTGGA
chr7	55249099	4	G	3	1	0	0	0	0	0	0	0	0	0	TGGAC
chr7	55249100	4	G	3	1	0	0	0	0	0	0	0	0	0	GGACT
chr7	55249101	4	A	3	1	0	0	0	0	0	0	0	0	0	GACTA
chr7	55249102	4	C	3	1	0	0	0	0	0	0	0	0	0	ACTAT
chr7	55249103	4	T	2	2	0	0	0	0	0	0	0	0	0	CTATG
chr7	55249104	4	A	2	2	0	0	0	0	0	0	0	0	0	TATGT
chr7	55249105	4	T	2	2	0	0	0	0	0	0	0	0	0	ATGTC
chr7	55249106	4	G	2	2	0	0	0	0	0	0	0	0	0	TGTCC
chr7	55249107	4	T	2	2	0	0	0	0	0	0	0	0	0	GTCCG
chr7	55249108	4	C	2	2	0	0	0	0	0	0	0	0	0	TCCGG
chr7	55249109	4	C	2	2	0	0	0	0	0	0	0	0	0	CCGGG
chr7	55249110	4	G	2	2	0	0	0	0	0	0	0	0	0	CGGGA
chr7	55249111	4	G	2	2	0	0	0	0	0	0	0	0	0	GGGAA
chr7	55249112	4	G	2	2	0	0	0	0	0	0	0	0	0	GGAAC
chr7	55249113	4	A	2	2	0	0	0	0	0	0	0	0	0	GAACA
chr7	55249114	4	A	2	2	0	0	0	0	0	0	0	0	0	AACAC
chr7	55249115	4	C	2	2	0	0	0	0	0	0	0	0	0	ACACA
chr7	55249116	4	A	2	2	0	0	0	0	0	0	0	0	0	CACAA
chr7	55249117	4	C	2	2	0	0	0	0	0	0	0	0	0	ACAAA
chr7	55249118	4	A	2	2	0	0	0	0	0	0	0	0	0	CAAAG
chr7	55249119	5	A	3	2	0	0	0	0	0	0	0	0	0	AAAGA
chr7	55249120	5	A	3	2	0	0	0	0	0	0	0	0	0	AAGAC
chr7	55249121	5	G	3	2	0	0	0	0	0	0	0	0	0	AGACA
chr7	55249122	5	A	3	2	0	0	0	0	0	0	0	0	0	GACAA
chr7	55249123	5	C	3	2	0	0	0	0	0	0	0	0	0	ACAAT
chr7	55249124	5	A	3	2	0	0	0	0	0	0	0	0	0	CAATA
chr7	55249125	4	A	2	2	0	0	0	0	0	0	0	0	0	AATAT
chr7	55249126	5	T	3	2	0	0	0	0	0	0	0	0	0	ATATT
chr7	55249127	5	A	3	2	0	0	0	0	0	0	0	0	0	TATTG
chr7	55249128	5	T	3	2	0	0	0	0	0	0	0	0	0	ATTGG
chr7	55249129	5	T	3	2	0	0	0	0	0	0	0	0	0	TTGGC
chr7	55249130	5	G	3	2	0	0	0	0	0	0	0	0	0	TGGCT
chr7	55249131	4	G	3	1	0	0	0	0	0	0	0	0	0	GGCTC
chr7	55249132	5	C	3	2	0	0	0	0	0	0	0	0	0	GCTCC
chr7	55249133	5	T	3	2	0	0	0	0	0	0	0	0	0	CTCCC
chr7	55249134	5	C	3	2	0	0	0	0	0	0	0	0	0	TCCCA
chr7	55249135	5	C	3	2	0	0	0	0	0	0	0	0	0	CCCAG
chr7	55249136	5	C	3	2	0	0	0	0	0	0	0	0	0	CCAGT
chr7	55249137	5	A	3	2	0	0	0	0	0	0	0	0	0	CAGTA
chr7	55249138	5	G	3	2	0	0	0	0	0	0	0	0	0	AGTAC
chr7	55249139	5	T	3	2	0	0	0	0	0	0	0	0	0	GTACC
chr7	55249140	5	A	3	2	0	0	0	0	0	0	0	0	0	TACCT
chr7	55249141	5	C	3	2	0	0	0	0	0	0	0	0	0	ACCTG
chr7	55249142	5	C	3	2	0	0	0	0	0	0	0	0	0	CCTGC
chr7	55249143	5	T	3	2	0	0	0	0	0	0	0	0	0	CTGCT
chr7	55249144	5	G	3	2	0	0	0	0	0	0	0	0	0	TGCTC
chr7	55249145	5	C	3	2	0	0	0	0	0	0	0	0	0	GCTCA
chr7	55249146	5	T	3	2	0	0	0	0	0	0	0	0	0	CTCAA
chr7	55249147	5	C	3	2	0	0	0	0	0	0	0	0	0	TCAAC
chr7	55249148	5	A	3	2	0	0	0	0	0	0	0	0	0	CAACT
chr7	55249149	5	A	2	3	0	0	0	0	0	0	0	0	0	AACTG
chr7	55249150	5	C	2	3	0	0	0	0	0	0	0	0	0	ACTGG
chr7	55249151	5	T	2	3	0	0	0	0	0	0	0	0	0	CTGGT
chr7	55249152	6	G	2	4	0	0	0	0	0	0	0	0	0	TGGTG
chr7	55249153	6	G	2	4	0	0	0	0	0	0	0	0	0	GGTGT
chr7	55249154	6	T	2	4	0	0	0	0	0	0	0	0	0	GTGTG
chr7	55249155	6	G	2	4	0	0	0	0	0	0	0	0	0	TGTGT
chr7	55249156	6	T	2	4	0	0	0	0	0	0	0	0	0	GTGTG
chr7	55249157	5	G	2	3	0	0	0	0	0	0	0	0	0	TGTGC
chr7	55249158	5	T	2	3	0	0	0	0	0	0	0	0	0	GTGCA
chr7	55249159	5	G	2	3	0	0	0	0	0	0	0	0	0	TGCAG
chr7	55249160	5	C	2	3	0	0	0	0	0	0	0	0	0	GCAGA
chr7	55249161	5	A	2	3	0	0	0	0	0	0	0	0	0	CAGAT
chr7	55249162	5	G	2	3	0	0	0	0	0	0	0	0	0	AGATC
chr7	55249163	5	A	2	3	0	0	0	0	0	0	0	0	0	GATCG
chr7	55249164	5	T	2	3	0	0	0	0	0	0	0	0	0	ATCGC
chr7	55249165	5	C	2	3	0	0	0	0	0	0	0	0	0	TCGCA
chr7	55249166	5	G	2	3	0	0	0	0	0	0	0	0	0	CGCAA
chr7	55249167	5	C	2	3	0	0	0	0	0	0	0	0	0	GCAAA
chr7	55249168	5	A	2	3	0	0	0	0	0	0	0	0	0	CAAAG
chr7	55249169	6	A	3	3	0	0	0	0	0	0	0	0	0	AAAGG
chr7	55249170	6	A	3	3	0	0	0	0	0	0	0	0	0	AAGGT
chr7	55249171	5	G	3	2	0	0	0	0	0	0	0	0	0	AGGTA
chr7	55259514	3	C	2	1	0	0	0	0	0	0	0	0	0	GCTGG
chr7	55259515	3	T	2	1	0	0	0	0	0	0	0	0	0	CTGGC
chr7	55259516	3	G	2	1	0	0	0	0	0	0	0	0	0	TGGCC
chr7	55259523	2	C	1	1	0	0	0	0	0	0	0	0	0	ACTGC
chr7	55259524	2	T	1	1	0	0	0	0	0	0	0	0	0	CTGCT
chr7	55259525	2	G	1	1	0	0	0	0	0	0	0	0	0	TGCTG
chr7	140453135	473	C	174	299	0	0	0	0	0	0	0	0	0	TCACT
chr7	140453136	467	A	172	295	0	0	0	0	0	0	0	0	0	CACTG
chr7	140453137	460	C	175	283	0	0	0	0	0	2	0	0	0	ACTGT
chr12	336260	1	C	0	1	0	0	0	0	0	0	0	0	12	GCAGA	nan	nan	nan	nan
chr12	25380274	1085	C	576	507	0	0	0	0	2	0	0	0	0	TCTTG
chr12	25380275	1082	T	574	506	1	0	0	0	0	0	1	0	0	CTTGA
chr12	25380276	1079	T	563	507	0	0	9	0	0	0	0	0	0	TTGAC
chr12	25380277	1085	G	573	510	0	1	1	0	0	0	0	0	0	TGACC
chr12	25380278	1077	A	565	502	0	0	1	0	0	0	2	7	0	GACCT
chr12	25398283	697	A	248	449	0	0	0	0	0	0	0	0	0	CACCA
chr12	25398284	699	C	243	455	0	0	0	0	0	0	0	0	0	ACCAG
chr12	25398285	695	C	245	450	0	0	0	0	0	0	0	0	0	CCAGC
chr12	25398286	697	A	244	453	0	0	0	0	0	0	0	0	0	CAGCT
