CHR	POS	DEPTH	REF	R+	R-	A+	A-	C+	C-	T+	T-	G+	G-	PAD	MOTIF
chr7	1024136	1	C	0	1	0	0	0	0	0	0	0	0	0	GCGCT
chr7	55241706	2	G	0	2	0	0	0	0	0	0	0	0	0	TGGGC
chr7	55241707	2	G	0	2	0	0	0	0	0	0	0	0	0	GGGCT
chr7	55241708	2	G	0	2	0	0	0	0	0	0	0	0	0	GGCTC
chr7	55241709	2	C	0	2	0	0	0	0	0	0	0	0	0	GCTCC
chr7	55242415	2	G	0	2	0	0	0	0	0	0	0	0	0	GGGAC
chr7	55242416	2	G	0	2	0	0	0	0	0	0	0	0	0	GGACT
chr7	55242417	2	A	0	2	0	0	0	0	0	0	0	0	0	GACTC
chr7	55242418	2	C	0	2	0	0	0	0	0	0	0	0	0	ACTCT
chr7	55242419	2	T	0	2	0	0	0	0	0	0	0	0	0	CTCTG
chr7	55242420	2	C	0	2	0	0	0	0	0	0	0	0	0	TCTGG
chr7	55242421	2	T	0	2	0	0	0	0	0	0	0	0	0	CTGGA
chr7	55242422	2	G	0	2	0	0	0	0	0	0	0	0	0	TGGAT
chr7	55242423	2	G	0	2	0	0	0	0	0	0	0	0	0	GGATC
chr7	55242424	2	A	0	2	0	0	0	0	0	0	0	0	0	GATCC
chr7	55242425	2	T	0	2	0	0	0	0	0	0	0	0	0	ATCCC
chr7	55242426	2	C	0	2	0	0	0	0	0	0	0	0	0	TCCCA
chr7	55242427	2	C	0	2	0	0	0	0	0	0	0	0	0	CCCAG
chr7	55242428	2	C	0	2	0	0	0	0	0	0	0	0	0	CCAGA
chr7	55242429	2	A	0	2	0	0	0	0	0	0	0	0	0	CAGAA
chr7	55242430	2	G	0	2	0	0	0	0	0	0	0	0	0	AGAAG
chr7	55242431	2	A	0	2	0	0	0	0	0	0	0	0	0	GAAGG
chr7	55242432	2	A	0	2	0	0	0	0	0	0	0	0	0	AAGGT
chr7	55242433	2	G	0	2	0	0	0	0	0	0	0	0	0	AGGTG
chr7	55242434	2	G	0	2	0	0	0	0	0	0	0	0	0	GGTGA
chr7	55242435	2	T	0	2	0	0	0	0	0	0	0	0	0	GTGAG
chr7	55242436	2	G	0	2	0	0	0	0	0	0	0	0	0	TGAGA
chr7	55242437	2	A	0	2	0	0	0	0	0	0	0	0	0	GAGAA
chr7	55242438	2	G	0	2	0	0	0	0	0	0	0	0	0	AGAAA
chr7	55242439	2	A	0	2	0	0	0	0	0	0	0	0	0	GAAAG
chr7	55242440	3	A	1	2	0	0	0	0	0	0	0	0	0	AAAGT
chr7	55242441	2	A	1	1	0	0	0	0	0	0	0	0	0	AAGTT
chr7	55242442	1	G	1	0	0	0	0	0	0	0	0	0	0	AGTTA
chr7	55242443	1	T	1	0	0	0	0	0	0	0	0	0	0	GTTAA
chr7	55242444	1	T	1	0	0	0	0	0	0	0	0	0	0	TTAAA
chr7	55242445	1	A	1	0	0	0	0	0	0	0	0	0	0	TAAAA
chr7	55242446	1	A	1	0	0	0	0	0	0	0	0	0	0	AAAAT
chr7	55242447	1	A	1	0	0	0	0	0	0	0	0	0	0	AAATT
chr7	55242448	1	A	1	0	0	0	0	0	0	0	0	0	0	AATTC
chr7	55242449	1	T	1	0	0	0	0	0	0	0	0	0	0	ATTCC
chr7	55242450	1	T	1	0	0	0	0	0	0	0	0	0	0	TTCCC
chr7	55249125	2	A	2	0	0	0	0	0	0	0	0	0	0	AATAT
chr7	55249126	2	T	2	0	0	0	0	0	0	0	0	0	0	ATATT
chr7	55249127	2	A	2	0	0	0	0	0	0	0	0	0	0	TATTG
chr7	55249128	2	T	2	0	0	0	0	0	0	0	0	0	0	ATTGG
chr7	55249129	2	T	2	0	0	0	0	0	0	0	0	0	0	TTGGC
chr7	55249130	2	G	2	0	0	0	0	0	0	0	0	0	0	TGGCT
chr7	55249131	2	G	2	0	0	0	0	0	0	0	0	0	0	GGCTC
chr7	55249132	2	C	2	0	0	0	0	0	0	0	0	0	0	GCTCC
chr7	55249133	2	T	2	0	0	0	0	0	0	0	0	0	0	CTCCC
chr7	55249134	2	C	2	0	0	0	0	0	0	0	0	0	0	TCCCA
chr7	55249135	2	C	2	0	0	0	0	0	0	0	0	0	0	CCCAG
chr7	55249136	2	C	2	0	0	0	0	0	0	0	0	0	0	CCAGT
chr7	55249137	2	A	2	0	0	0	0	0	0	0	0	0	0	CAGTA
chr7	55249138	2	G	2	0	0	0	0	0	0	0	0	0	0	AGTAC
chr7	55249139	2	T	2	0	0	0	0	0	0	0	0	0	0	GTACC
chr7	55249140	2	A	2	0	0	0	0	0	0	0	0	0	0	TACCT
chr7	55249141	2	C	2	0	0	0	0	0	0	0	0	0	0	ACCTG
chr7	55249142	2	C	2	0	0	0	0	0	0	0	0	0	0	CCTGC
chr7	55249143	2	T	2	0	0	0	0	0	0	0	0	0	0	CTGCT
chr7	55249144	2	G	2	0	0	0	0	0	0	0	0	0	0	TGCTC
chr7	55249145	2	C	2	0	0	0	0	0	0	0	0	0	0	GCTCA
chr7	55249146	2	T	2	0	0	0	0	0	0	0	0	0	0	CTCAA
chr7	55249147	2	C	2	0	0	0	0	0	0	0	0	0	0	TCAAC
chr7	55249148	2	A	2	0	0	0	0	0	0	0	0	0	0	CAACT
chr7	55249149	2	A	2	0	0	0	0	0	0	0	0	0	0	AACTG
chr7	55249150	2	C	2	0	0	0	0	0	0	0	0	0	0	ACTGG
chr7	55249151	2	T	2	0	0	0	0	0	0	0	0	0	0	CTGGT
chr7	55249152	2	G	2	0	0	0	0	0	0	0	0	0	0	TGGTG
chr7	55249153	2	G	2	0	0	0	0	0	0	0	0	0	0	GGTGT
chr7	55249154	2	T	2	0	0	0	0	0	0	0	0	0	0	GTGTG
chr7	55249155	2	G	2	0	0	0	0	0	0	0	0	0	0	TGTGT
chr7	55249156	2	T	2	0	0	0	0	0	0	0	0	0	0	GTGTG
chr7	55249157	2	G	2	0	0	0	0	0	0	0	0	0	0	TGTGC
chr7	55249158	2	T	2	0	0	0	0	0	0	0	0	0	0	GTGCA
chr7	55249159	2	G	2	0	0	0	0	0	0	0	0	0	0	TGCAG
chr7	55249160	3	C	3	0	0	0	0	0	0	0	0	0	0	GCAGA
chr7	55249161	3	A	3	0	0	0	0	0	0	0	0	0	0	CAGAT
chr7	55249162	3	G	3	0	0	0	0	0	0	0	0	0	0	AGATC
chr7	55249163	3	A	3	0	0	0	0	0	0	0	0	0	0	GATCG
chr7	55249164	3	T	3	0	0	0	0	0	0	0	0	0	0	ATCGC
chr7	55249165	3	C	3	0	0	0	0	0	0	0	0	0	0	TCGCA
chr7	55249166	3	G	3	0	0	0	0	0	0	0	0	0	0	CGCAA
chr7	55249167	3	C	3	0	0	0	0	0	0	0	0	0	0	GCAAA
chr7	55249168	4	A	4	0	0	0	0	0	0	0	0	0	0	CAAAG
chr7	55249169	4	A	4	0	0	0	0	0	0	0	0	0	0	AAAGG
chr7	55249170	4	A	4	0	0	0	0	0	0	0	0	0	0	AAGGT
chr7	55249171	4	G	4	0	0	0	0	0	0	0	0	0	0	AGGTA
chr7	55259514	3	C	2	1	0	0	0	0	0	0	0	0	0	GCTGG
chr7	55259515	4	T	3	1	0	0	0	0	0	0	0	0	0	CTGGC
chr7	55259516	4	G	3	1	0	0	0	0	0	0	0	0	0	TGGCC
chr7	55259523	4	C	2	2	0	0	0	0	0	0	0	0	0	ACTGC
chr7	55259524	4	T	2	2	0	0	0	0	0	0	0	0	0	CTGCT
chr7	55259525	4	G	2	2	0	0	0	0	0	0	0	0	0	TGCTG
chr7	140453135	1497	C	567	928	0	0	0	0	0	1	0	1	0	TCACT
chr7	140453136	1500	A	566	934	0	0	0	0	0	0	0	0	0	CACTG
chr7	140453137	1476	C	577	895	0	1	0	0	0	3	0	0	0	ACTGT
chr12	332194	1	C	1	0	0	0	0	0	0	0	0	0	94	CCAGG
chr12	25380274	2286	C	1365	921	0	0	0	0	0	0	0	0	0	TCTTG
chr12	25380275	2299	T	1383	916	0	0	0	0	0	0	0	0	0	CTTGA
chr12	25380276	2292	T	1380	901	0	0	10	0	0	0	1	0	0	TTGAC
chr12	25380277	2302	G	1396	905	0	0	0	1	0	0	0	0	0	TGACC
chr12	25380278	2293	A	1378	909	0	0	0	0	0	1	0	5	0	GACCT
chr12	25398283	1939	A	744	1193	0	0	0	0	0	0	0	2	0	CACCA
chr12	25398284	1939	C	734	1204	1	0	0	0	0	0	0	0	0	ACCAG
chr12	25398285	1924	C	736	1188	0	0	0	0	0	0	0	0	0	CCAGC
chr12	25398286	1927	A	732	1195	0	0	0	0	0	0	0	0	0	CAGCT
