CHR	POS	DEPTH	REF	R+	R-	A+	A-	C+	C-	T+	T-	G+	G-	PAD	MOTIF
chr7	1022791	1	A	0	1	0	0	0	0	0	0	0	0	56	AAGGG	nan	nan	nan	nan
chr7	55241706	93	G	54	38	0	0	0	0	1	0	0	0	0	TGGGC
chr7	55241707	92	G	54	38	0	0	0	0	0	0	0	0	0	GGGCT
chr7	55241708	91	G	54	37	0	0	0	0	0	0	0	0	0	GGCTC
chr7	55241709	94	C	53	41	0	0	0	0	0	0	0	0	0	GCTCC
chr7	55242415	92	G	48	44	0	0	0	0	0	0	0	0	0	GGGAC
chr7	55242416	91	G	48	43	0	0	0	0	0	0	0	0	0	GGACT
chr7	55242417	92	A	48	44	0	0	0	0	0	0	0	0	0	GACTC
chr7	55242418	94	C	49	45	0	0	0	0	0	0	0	0	0	ACTCT
chr7	55242419	94	T	49	45	0	0	0	0	0	0	0	0	0	CTCTG
chr7	55242420	96	C	51	45	0	0	0	0	0	0	0	0	0	TCTGG
chr7	55242421	96	T	49	45	0	0	2	0	0	0	0	0	0	CTGGA
chr7	55242422	96	G	52	44	0	0	0	0	0	0	0	0	0	TGGAT
chr7	55242423	98	G	53	45	0	0	0	0	0	0	0	0	0	GGATC
chr7	55242424	98	A	52	46	0	0	0	0	0	0	0	0	0	GATCC
chr7	55242425	95	T	49	44	0	0	0	0	0	0	2	0	0	ATCCC
chr7	55242426	98	C	53	45	0	0	0	0	0	0	0	0	0	TCCCA
chr7	55242427	98	C	52	46	0	0	0	0	0	0	0	0	0	CCCAG
chr7	55242428	97	C	51	46	0	0	0	0	0	0	0	0	0	CCAGA
chr7	55242429	98	A	52	46	0	0	0	0	0	0	0	0	0	CAGAA
chr7	55242430	97	G	52	45	0	0	0	0	0	0	0	0	0	AGAAG
chr7	55242431	95	A	50	45	0	0	0	0	0	0	0	0	0	GAAGG
chr7	55242432	97	A	52	45	0	0	0	0	0	0	0	0	0	AAGGT
chr7	55242433	96	G	52	44	0	0	0	0	0	0	0	0	0	AGGTG
chr7	55242434	97	G	52	45	0	0	0	0	0	0	0	0	0	GGTGA
chr7	55242435	98	T	52	46	0	0	0	0	0	0	0	0	0	GTGAG
chr7	55242436	96	G	52	44	0	0	0	0	0	0	0	0	0	TGAGA
chr7	55242437	97	A	51	46	0	0	0	0	0	0	0	0	0	GAGAA
chr7	55242438	96	G	51	44	1	0	0	0	0	0	0	0	0	AGAAA
chr7	55242439	96	A	51	45	0	0	0	0	0	0	0	0	0	GAAAG
chr7	55242440	96	A	51	45	0	0	0	0	0	0	0	0	0	AAAGT
chr7	55242441	96	A	50	46	0	0	0	0	0	0	0	0	0	AAGTT
chr7	55242442	95	G	54	41	0	0	0	0	0	0	0	0	0	AGTTA
chr7	55242443	86	T	53	33	0	0	0	0	0	0	0	0	0	GTTAA
chr7	55242444	88	T	54	34	0	0	0	0	0	0	0	0	0	TTAAA
chr7	55242445	84	A	54	30	0	0	0	0	0	0	0	0	0	TAAAA
chr7	55242446	84	A	54	30	0	0	0	0	0	0	0	0	0	AAAAT
chr7	55242447	85	A	55	30	0	0	0	0	0	0	0	0	0	AAATT
chr7	55242448	81	A	53	27	0	0	0	0	0	0	1	0	0	AATTC
chr7	55242449	80	T	52	28	0	0	0	0	0	0	0	0	0	ATTCC
chr7	55242450	78	T	49	29	0	0	0	0	0	0	0	0	0	TTCCC
chr7	55242451	81	C	49	32	0	0	0	0	0	0	0	0	0	TCCCG
chr7	55242452	77	C	45	32	0	0	0	0	0	0	0	0	0	CCCGT
chr7	55242453	72	C	40	32	0	0	0	0	0	0	0	0	0	CCGTC
chr7	55242454	74	G	42	32	0	0	0	0	0	0	0	0	0	CGTCG
chr7	55242455	72	T	40	32	0	0	0	0	0	0	0	0	0	GTCGC
chr7	55242456	71	C	40	31	0	0	0	0	0	0	0	0	0	TCGCT
chr7	55242457	71	G	40	31	0	0	0	0	0	0	0	0	0	CGCTA
chr7	55242458	69	C	40	29	0	0	0	0	0	0	0	0	0	GCTAT
chr7	55242459	70	T	40	30	0	0	0	0	0	0	0	0	0	CTATC
chr7	55242460	70	A	40	30	0	0	0	0	0	0	0	0	0	TATCA
chr7	55242461	71	T	42	29	0	0	0	0	0	0	0	0	0	ATCAA
chr7	55242462	67	C	42	25	0	0	0	0	0	0	0	0	0	TCAAG
chr7	55242463	65	A	41	24	0	0	0	0	0	0	0	0	0	CAAGG
chr7	55242464	65	A	42	23	0	0	0	0	0	0	0	0	0	AAGGA
chr7	55242465	66	G	40	26	0	0	0	0	0	0	0	0	0	AGGAA
chr7	55242466	72	G	42	30	0	0	0	0	0	0	0	0	0	GGAAT
chr7	55242467	41	A	10	12	0	0	0	0	0	0	0	0	0	GAATT
chr7	55242468	41	A	10	12	0	0	0	0	0	0	0	0	0	AATTA
chr7	55242469	41	T	11	11	0	0	0	0	0	0	0	0	0	ATTAA
chr7	55242470	41	T	11	11	0	0	0	0	0	0	0	0	0	TTAAG
chr7	55242471	41	A	10	12	0	0	0	0	0	0	0	0	0	TAAGA
chr7	55242472	40	A	9	12	0	0	0	0	0	0	0	0	0	AAGAG
chr7	55242473	40	G	9	12	0	0	0	0	0	0	0	0	0	AGAGA
chr7	55242474	40	A	9	12	0	0	0	0	0	0	0	0	0	GAGAA
chr7	55242475	40	G	9	12	0	0	0	0	0	0	0	0	0	AGAAG
chr7	55242476	41	A	10	12	0	0	0	0	0	0	0	0	0	GAAGC
chr7	55242477	41	A	10	12	0	0	0	0	0	0	0	0	0	AAGCA
chr7	55242478	41	G	10	12	0	0	0	0	0	0	0	0	0	AGCAA
chr7	55242479	42	C	11	12	0	0	0	0	0	0	0	0	0	GCAAC
chr7	55242480	43	A	12	12	0	0	0	0	0	0	0	0	0	CAACA
chr7	55242481	42	A	11	12	0	0	0	0	0	0	0	0	0	AACAT
chr7	55242482	43	C	12	12	0	0	0	0	0	0	0	0	0	ACATC
chr7	55242483	43	A	12	12	0	0	0	0	0	0	0	0	0	CATCT
chr7	55242484	43	T	12	12	0	0	0	0	0	0	0	0	0	ATCTC
chr7	55242485	43	C	12	12	0	0	0	0	11	8	0	0	0	TCTCC
chr7	55242486	44	T	12	11	0	0	11	10	0	0	0	0	0	CTCCG
chr7	55242487	63	C	34	29	0	0	0	0	0	0	0	0	0	TCCGA
chr7	55242488	64	C	34	30	0	0	0	0	0	0	0	0	0	CCGAA
chr7	55242489	65	G	35	30	0	0	0	0	0	0	0	0	0	CGAAA
chr7	55242490	66	A	34	32	0	0	0	0	0	0	0	0	0	GAAAG
chr7	55242491	65	A	33	32	0	0	0	0	0	0	0	0	0	AAAGC
chr7	55242492	66	A	34	32	0	0	0	0	0	0	0	0	0	AAGCC
chr7	55242493	65	G	33	32	0	0	0	0	0	0	0	0	0	AGCCA
chr7	55242494	65	C	31	34	0	0	0	0	0	0	0	0	0	GCCAA
chr7	55242495	67	C	33	34	0	0	0	0	0	0	0	0	0	CCAAC
chr7	55242496	67	A	33	34	0	0	0	0	0	0	0	0	0	CAACA
chr7	55242497	68	A	34	34	0	0	0	0	0	0	0	0	0	AACAA
chr7	55242498	67	C	33	34	0	0	0	0	0	0	0	0	0	ACAAG
chr7	55242499	67	A	34	33	0	0	0	0	0	0	0	0	0	CAAGG
chr7	55242500	68	A	35	33	0	0	0	0	0	0	0	0	0	AAGGA
chr7	55242501	68	G	35	33	0	0	0	0	0	0	0	0	0	AGGAA
chr7	55242502	68	G	35	33	0	0	0	0	0	0	0	0	0	GGAAA
chr7	55242503	68	A	35	33	0	0	0	0	0	0	0	0	0	GAAAT
chr7	55242504	68	A	35	33	0	0	0	0	0	0	0	0	0	AAATC
chr7	55242505	68	A	35	33	0	0	0	0	0	0	0	0	0	AATCC
chr7	55242506	69	T	36	32	0	0	0	1	0	0	0	0	0	ATCCT
chr7	55242507	67	C	34	33	0	0	0	0	0	0	0	0	0	TCCTC
chr7	55242508	68	C	35	33	0	0	0	0	0	0	0	0	0	CCTCG
chr7	55242509	69	T	36	33	0	0	0	0	0	0	0	0	0	CTCGA
chr7	55242510	68	C	36	32	0	0	0	0	0	0	0	0	0	TCGAT
chr7	55242511	71	G	37	34	0	0	0	0	0	0	0	0	0	CGATG
chr7	55242512	71	A	37	34	0	0	0	0	0	0	0	0	0	GATGT
chr7	55242513	70	T	37	33	0	0	0	0	0	0	0	0	0	ATGTG
chr7	55248986	70	G	37	33	0	0	0	0	0	0	0	0	0	GGAAG
chr7	55248987	70	A	37	33	0	0	0	0	0	0	0	0	0	GAAGC
chr7	55248988	70	A	37	33	0	0	0	0	0	0	0	0	0	AAGCC
chr7	55248989	72	G	39	33	0	0	0	0	0	0	0	0	0	AGCCT
chr7	55248990	73	C	40	33	0	0	0	0	0	0	0	0	0	GCCTA
chr7	55248991	73	C	40	33	0	0	0	0	0	0	0	0	0	CCTAC
chr7	55248992	73	T	40	33	0	0	0	0	0	0	0	0	0	CTACG
chr7	55248993	73	A	40	33	0	0	0	0	0	0	0	0	0	TACGT
chr7	55248994	72	C	39	33	0	0	0	0	0	0	0	0	0	ACGTG
chr7	55248995	72	G	39	33	0	0	0	0	0	0	0	0	0	CGTGA
chr7	55248996	74	T	40	34	0	0	0	0	0	0	0	0	0	GTGAT
chr7	55248997	74	G	40	34	0	0	0	0	0	0	0	0	0	TGATG
chr7	55248998	75	A	40	35	0	0	0	0	0	0	0	0	0	GATGG
chr7	55248999	74	T	38	36	0	0	0	0	0	0	0	0	0	ATGGC
chr7	55249000	74	G	38	36	0	0	0	0	0	0	0	0	0	TGGCC
chr7	55249001	74	G	38	36	0	0	0	0	0	0	0	0	0	GGCCA
chr7	55249002	73	C	36	37	0	0	0	0	0	0	0	0	0	GCCAG
chr7	55249003	74	C	37	37	0	0	0	0	0	0	0	0	0	CCAGC
chr7	55249004	77	A	37	40	0	0	0	0	0	0	0	0	0	CAGCG
chr7	55249005	77	G	36	41	0	0	0	0	0	0	0	0	0	AGCGT
chr7	55249006	77	C	37	40	0	0	0	0	0	0	0	0	0	GCGTG
chr7	55249007	76	G	36	40	0	0	0	0	0	0	0	0	0	CGTGG
chr7	55249008	76	T	36	40	0	0	0	0	0	0	0	0	0	GTGGA
chr7	55249009	76	G	36	40	0	0	0	0	0	0	0	0	0	TGGAC
chr7	55249010	74	G	35	39	0	0	0	0	0	0	0	0	0	GGACA
chr7	55249011	76	A	36	40	0	0	0	0	0	0	0	0	0	GACAA
chr7	55249012	77	C	38	39	0	0	0	0	0	0	0	0	0	ACAAC
chr7	55249013	74	A	37	37	0	0	0	0	0	0	0	0	0	CAACC
chr7	55249014	75	A	38	37	0	0	0	0	0	0	0	0	0	AACCC
chr7	55249015	76	C	38	38	0	0	0	0	0	0	0	0	0	ACCCC
chr7	55249016	76	C	36	40	0	0	0	0	0	0	0	0	0	CCCCC
chr7	55249017	77	C	38	38	0	0	0	0	0	1	0	0	0	CCCCA
chr7	55249018	76	C	37	38	0	0	0	0	0	1	0	0	0	CCCAC
chr7	55249019	79	C	38	41	0	0	0	0	0	0	0	0	0	CCACG
chr7	55249020	80	A	40	40	0	0	0	0	0	0	0	0	0	CACGT
chr7	55249021	81	C	40	41	0	0	0	0	0	0	0	0	0	ACGTG
chr7	55249022	80	G	39	41	0	0	0	0	0	0	0	0	0	CGTGT
chr7	55249023	80	T	39	41	0	0	0	0	0	0	0	0	0	GTGTG
chr7	55249024	81	G	40	41	0	0	0	0	0	0	0	0	0	TGTGC
chr7	55249025	81	T	41	40	0	0	0	0	0	0	0	0	0	GTGCC
chr7	55249026	81	G	40	41	0	0	0	0	0	0	0	0	0	TGCCG
chr7	55249027	78	C	38	40	0	0	0	0	0	0	0	0	0	GCCGC
chr7	55249028	80	C	39	41	0	0	0	0	0	0	0	0	0	CCGCC
chr7	55249029	80	G	38	42	0	0	0	0	0	0	0	0	0	CGCCT
chr7	55249030	81	C	38	43	0	0	0	0	0	0	0	0	0	GCCTG
chr7	55249031	80	C	37	43	0	0	0	0	0	0	0	0	0	CCTGC
chr7	55249032	79	T	36	43	0	0	0	0	0	0	0	0	0	CTGCT
chr7	55249033	84	G	41	43	0	0	0	0	0	0	0	0	0	TGCTG
chr7	55249034	84	C	43	41	0	0	0	0	0	0	0	0	0	GCTGG
chr7	55249035	86	T	44	42	0	0	0	0	0	0	0	0	0	CTGGG
chr7	55249036	83	G	42	41	0	0	0	0	0	0	0	0	0	TGGGC
chr7	55249037	81	G	42	39	0	0	0	0	0	0	0	0	0	GGGCA
chr7	55249038	82	G	41	41	0	0	0	0	0	0	0	0	0	GGCAT
chr7	55249039	80	C	39	41	0	0	0	0	0	0	0	0	0	GCATC
chr7	55249040	79	A	38	41	0	0	0	0	0	0	0	0	0	CATCT
chr7	55249041	79	T	38	41	0	0	0	0	0	0	0	0	0	ATCTG
chr7	55249042	81	C	39	42	0	0	0	0	0	0	0	0	0	TCTGC
chr7	55249043	81	T	40	41	0	0	0	0	0	0	0	0	0	CTGCC
chr7	55249044	81	G	39	42	0	0	0	0	0	0	0	0	0	TGCCT
chr7	55249045	80	C	39	41	0	0	0	0	0	0	0	0	0	GCCTC
chr7	55249046	81	C	39	42	0	0	0	0	0	0	0	0	0	CCTCA
chr7	55249047	77	T	38	39	0	0	0	0	0	0	0	0	0	CTCAC
chr7	55249048	75	C	39	36	0	0	0	0	0	0	0	0	0	TCACC
chr7	55249049	75	A	39	36	0	0	0	0	0	0	0	0	0	CACCT
chr7	55249050	75	C	39	36	0	0	0	0	0	0	0	0	0	ACCTC
chr7	55249051	76	C	40	36	0	0	0	0	0	0	0	0	0	CCTCC
chr7	55249052	74	T	40	34	0	0	0	0	0	0	0	0	0	CTCCA
chr7	55249053	73	C	40	33	0	0	0	0	0	0	0	0	0	TCCAC
chr7	55249054	75	C	40	35	0	0	0	0	0	0	0	0	0	CCACC
chr7	55249055	75	A	41	34	0	0	0	0	0	0	0	0	0	CACCG
chr7	55249056	75	C	38	34	1	0	0	0	2	0	0	0	0	ACCGT
chr7	55249057	75	C	40	35	0	0	0	0	0	0	0	0	0	CCGTG
chr7	55249058	76	G	41	35	0	0	0	0	0	0	0	0	0	CGTGC
chr7	55249059	75	T	39	35	1	0	0	0	0	0	0	0	0	GTGCA
chr7	55249060	75	G	39	36	0	0	0	0	0	0	0	0	0	TGCAG
chr7	55249061	77	C	38	38	0	0	0	0	0	0	1	0	0	GCAGC
chr7	55249062	78	A	38	39	0	0	1	0	0	0	0	0	0	CAGCT
chr7	55249063	78	G	39	39	0	0	0	0	0	0	0	0	0	AGCTC
chr7	55249064	79	C	40	39	0	0	0	0	0	0	0	0	0	GCTCA
chr7	55249065	78	T	39	39	0	0	0	0	0	0	0	0	0	CTCAT
chr7	55249066	78	C	39	39	0	0	0	0	0	0	0	0	0	TCATC
chr7	55249067	76	A	37	39	0	0	0	0	0	0	0	0	0	CATCA
chr7	55249068	78	T	39	39	0	0	0	0	0	0	0	0	0	ATCAC
chr7	55249069	78	C	40	38	0	0	0	0	0	0	0	0	0	TCACG
chr7	55249070	78	A	39	39	0	0	0	0	0	0	0	0	0	CACGC
chr7	55249071	76	C	14	16	0	0	0	0	24	22	0	0	0	ACGCA
chr7	55249072	76	G	38	38	0	0	0	0	0	0	0	0	0	CGCAG
chr7	55249073	75	C	38	37	0	0	0	0	0	0	0	0	0	GCAGC
chr7	55249074	74	A	38	36	0	0	0	0	0	0	0	0	0	CAGCT
chr7	55249075	75	G	38	37	0	0	0	0	0	0	0	0	0	AGCTC
chr7	55249076	75	C	38	37	0	0	0	0	0	0	0	0	0	GCTCA
chr7	55249077	74	T	38	36	0	0	0	0	0	0	0	0	0	CTCAT
chr7	55249078	72	C	37	35	0	0	0	0	0	0	0	0	0	TCATG
chr7	55249079	73	A	39	34	0	0	0	0	0	0	0	0	0	CATGC
chr7	55249080	72	T	39	33	0	0	0	0	0	0	0	0	0	ATGCC
chr7	55249081	72	G	39	33	0	0	0	0	0	0	0	0	0	TGCCC
chr7	55249082	72	C	39	33	0	0	0	0	0	0	0	0	0	GCCCT
chr7	55249083	73	C	41	32	0	0	0	0	0	0	0	0	0	CCCTT
chr7	55249084	74	C	41	33	0	0	0	0	0	0	0	0	0	CCTTC
chr7	55249085	74	T	41	33	0	0	0	0	0	0	0	0	0	CTTCG
chr7	55249086	74	T	40	34	0	0	0	0	0	0	0	0	0	TTCGG
chr7	55249087	75	C	41	34	0	0	0	0	0	0	0	0	0	TCGGC
chr7	55249088	74	G	39	35	0	0	0	0	0	0	0	0	0	CGGCT
chr7	55249089	77	G	42	35	0	0	0	0	0	0	0	0	0	GGCTG
chr7	55249090	77	C	41	36	0	0	0	0	0	0	0	0	0	GCTGC
chr7	55249091	75	T	39	36	0	0	0	0	0	0	0	0	0	CTGCC
chr7	55249092	74	G	23	20	0	0	15	16	0	0	0	0	0	TGCCT
chr7	55249093	75	C	39	36	0	0	0	0	0	0	0	0	0	GCCTC
chr7	55249094	75	C	38	36	1	0	0	0	0	0	0	0	0	CCTCC
chr7	55249095	76	T	39	36	0	0	1	0	0	0	0	0	0	CTCCT
chr7	55249096	76	C	39	36	0	0	0	0	0	0	1	0	0	TCCTG
chr7	55249097	76	C	39	36	0	0	0	0	0	0	1	0	0	CCTGG
chr7	55249098	78	T	41	37	0	0	0	0	0	0	0	0	0	CTGGA
chr7	55249099	78	G	41	37	0	0	0	0	0	0	0	0	0	TGGAC
chr7	55249100	79	G	42	37	0	0	0	0	0	0	0	0	0	GGACT
chr7	55249101	79	A	41	38	0	0	0	0	0	0	0	0	0	GACTA
chr7	55249102	79	C	41	38	0	0	0	0	0	0	0	0	0	ACTAT
chr7	55249103	78	T	41	37	0	0	0	0	0	0	0	0	0	CTATG
chr7	55249104	78	A	41	37	0	0	0	0	0	0	0	0	0	TATGT
chr7	55249105	78	T	41	37	0	0	0	0	0	0	0	0	0	ATGTC
chr7	55249106	79	G	42	37	0	0	0	0	0	0	0	0	0	TGTCC
chr7	55249107	79	T	41	38	0	0	0	0	0	0	0	0	0	GTCCG
chr7	55249108	77	C	40	37	0	0	0	0	0	0	0	0	0	TCCGG
chr7	55249109	77	C	40	37	0	0	0	0	0	0	0	0	0	CCGGG
chr7	55249110	77	G	40	37	0	0	0	0	0	0	0	0	0	CGGGA
chr7	55249111	79	G	41	38	0	0	0	0	0	0	0	0	0	GGGAA
chr7	55249112	79	G	41	38	0	0	0	0	0	0	0	0	0	GGAAC
chr7	55249113	78	A	40	38	0	0	0	0	0	0	0	0	0	GAACA
chr7	55249114	80	A	41	39	0	0	0	0	0	0	0	0	0	AACAC
chr7	55249115	80	C	42	38	0	0	0	0	0	0	0	0	0	ACACA
chr7	55249116	83	A	42	41	0	0	0	0	0	0	0	0	0	CACAA
chr7	55249117	81	C	43	38	0	0	0	0	0	0	0	0	0	ACAAA
chr7	55249118	80	A	42	38	0	0	0	0	0	0	0	0	0	CAAAG
chr7	55249119	80	A	41	39	0	0	0	0	0	0	0	0	0	AAAGA
chr7	55249120	81	A	41	40	0	0	0	0	0	0	0	0	0	AAGAC
chr7	55249121	82	G	42	40	0	0	0	0	0	0	0	0	0	AGACA
chr7	55249122	79	A	42	37	0	0	0	0	0	0	0	0	0	GACAA
chr7	55249123	78	C	43	35	0	0	0	0	0	0	0	0	0	ACAAT
chr7	55249124	78	A	45	33	0	0	0	0	0	0	0	0	0	CAATA
chr7	55249125	78	A	45	33	0	0	0	0	0	0	0	0	0	AATAT
chr7	55249126	76	T	44	32	0	0	0	0	0	0	0	0	0	ATATT
chr7	55249127	76	A	43	33	0	0	0	0	0	0	0	0	0	TATTG
chr7	55249128	74	T	41	33	0	0	0	0	0	0	0	0	0	ATTGG
chr7	55249129	74	T	42	32	0	0	0	0	0	0	0	0	0	TTGGC
chr7	55249130	72	G	40	32	0	0	0	0	0	0	0	0	0	TGGCT
chr7	55249131	71	G	39	32	0	0	0	0	0	0	0	0	0	GGCTC
chr7	55249132	70	C	38	32	0	0	0	0	0	0	0	0	0	GCTCC
chr7	55249133	70	T	37	33	0	0	0	0	0	0	0	0	0	CTCCC
chr7	55249134	69	C	36	33	0	0	0	0	0	0	0	0	0	TCCCA
chr7	55249135	68	C	36	32	0	0	0	0	0	0	0	0	0	CCCAG
chr7	55249136	69	C	37	32	0	0	0	0	0	0	0	0	0	CCAGT
chr7	55249137	68	A	37	31	0	0	0	0	0	0	0	0	0	CAGTA
chr7	55249138	68	G	37	31	0	0	0	0	0	0	0	0	0	AGTAC
chr7	55249139	66	T	36	30	0	0	0	0	0	0	0	0	0	GTACC
chr7	55249140	66	A	35	31	0	0	0	0	0	0	0	0	0	TACCT
chr7	55249141	65	C	34	31	0	0	0	0	0	0	0	0	0	ACCTG
chr7	55249142	67	C	37	30	0	0	0	0	0	0	0	0	0	CCTGC
chr7	55249143	67	T	36	31	0	0	0	0	0	0	0	0	0	CTGCT
chr7	55249144	68	G	36	32	0	0	0	0	0	0	0	0	0	TGCTC
chr7	55249145	66	C	35	31	0	0	0	0	0	0	0	0	0	GCTCA
chr7	55249146	63	T	33	30	0	0	0	0	0	0	0	0	0	CTCAA
chr7	55249147	64	C	33	31	0	0	0	0	0	0	0	0	0	TCAAC
chr7	55249148	65	A	32	33	0	0	0	0	0	0	0	0	0	CAACT
chr7	55249149	65	A	32	33	0	0	0	0	0	0	0	0	0	AACTG
chr7	55249150	66	C	32	34	0	0	0	0	0	0	0	0	0	ACTGG
chr7	55249151	66	T	31	35	0	0	0	0	0	0	0	0	0	CTGGT
chr7	55249152	61	G	25	36	0	0	0	0	0	0	0	0	0	TGGTG
chr7	55249153	61	G	25	36	0	0	0	0	0	0	0	0	0	GGTGT
chr7	55249154	61	T	25	36	0	0	0	0	0	0	0	0	0	GTGTG
chr7	55249155	62	G	25	37	0	0	0	0	0	0	0	0	0	TGTGT
chr7	55249156	62	T	25	37	0	0	0	0	0	0	0	0	0	GTGTG
chr7	55249157	60	G	26	34	0	0	0	0	0	0	0	0	0	TGTGC
chr7	55249158	62	T	27	34	0	1	0	0	0	0	0	0	0	GTGCA
chr7	55249159	62	G	27	35	0	0	0	0	0	0	0	0	0	TGCAG
chr7	55249160	61	C	27	34	0	0	0	0	0	0	0	0	0	GCAGA
chr7	55249161	61	A	27	34	0	0	0	0	0	0	0	0	0	CAGAT
chr7	55249162	62	G	27	35	0	0	0	0	0	0	0	0	0	AGATC
chr7	55249163	62	A	27	35	0	0	0	0	0	0	0	0	0	GATCG
chr7	55249164	64	T	28	36	0	0	0	0	0	0	0	0	0	ATCGC
chr7	55249165	64	C	28	36	0	0	0	0	0	0	0	0	0	TCGCA
chr7	55249166	64	G	28	36	0	0	0	0	0	0	0	0	0	CGCAA
chr7	55249167	61	C	27	34	0	0	0	0	0	0	0	0	0	GCAAA
chr7	55249168	66	A	31	34	0	0	0	0	0	0	0	1	0	CAAAG
chr7	55249169	71	A	36	35	0	0	0	0	0	0	0	0	0	AAAGG
chr7	55249170	71	A	36	34	0	0	0	0	0	0	0	1	0	AAGGT
chr7	55249171	67	G	35	32	0	0	0	0	0	0	0	0	0	AGGTA
chr7	55259514	102	C	49	53	0	0	0	0	0	0	0	0	0	GCTGG
chr7	55259515	102	T	49	53	0	0	0	0	0	0	0	0	0	CTGGC
chr7	55259516	98	G	48	50	0	0	0	0	0	0	0	0	0	TGGCC
chr7	55259523	103	C	48	55	0	0	0	0	0	0	0	0	0	ACTGC
chr7	55259524	102	T	46	56	0	0	0	0	0	0	0	0	0	CTGCT
chr7	55259525	102	G	46	56	0	0	0	0	0	0	0	0	0	TGCTG
chr7	140453135	474	C	190	283	0	0	0	0	1	0	0	0	0	TCACT
chr7	140453136	476	A	196	280	0	0	0	0	0	0	0	0	0	CACTG
chr7	140453137	462	C	200	257	0	0	0	0	0	4	1	0	0	ACTGT
chr12	331742	1	G	0	1	0	0	0	0	0	0	0	0	0	AGAGG	nan	nan	nan	nan
chr12	25380274	1471	C	924	547	0	0	0	0	0	0	0	0	0	TCTTG
chr12	25380275	1468	T	927	541	0	0	0	0	0	0	0	0	0	CTTGA
chr12	25380276	1491	T	936	546	0	0	8	0	0	0	1	0	0	TTGAC
chr12	25380277	1474	G	934	540	0	0	0	0	0	0	0	0	0	TGACC
chr12	25380278	1485	A	941	534	0	0	0	0	1	0	1	8	0	GACCT
chr12	25398283	1165	A	418	744	0	0	0	0	2	0	0	1	0	CACCA
chr12	25398284	1182	C	422	758	2	0	0	0	0	0	0	0	0	ACCAG
chr12	25398285	1185	C	426	758	0	1	0	0	0	0	0	0	0	CCAGC
chr12	25398286	1184	A	428	754	0	0	0	0	0	0	0	2	0	CAGCT
