CHR	POS	DEPTH	REF	R+	R-	A+	A-	C+	C-	T+	T-	G+	G-	PAD	MOTIF
chr7	1022867	1	T	1	0	0	0	0	0	0	0	0	0	0	CTGTT	nan	nan	nan	nan
chr7	55241706	11	G	6	5	0	0	0	0	0	0	0	0	0	TGGGC
chr7	55241707	11	G	6	5	0	0	0	0	0	0	0	0	0	GGGCT
chr7	55241708	11	G	6	5	0	0	0	0	0	0	0	0	0	GGCTC
chr7	55241709	11	C	6	5	0	0	0	0	0	0	0	0	0	GCTCC
chr7	55242415	8	G	2	6	0	0	0	0	0	0	0	0	0	GGGAC
chr7	55242416	8	G	2	6	0	0	0	0	0	0	0	0	0	GGACT
chr7	55242417	8	A	2	6	0	0	0	0	0	0	0	0	0	GACTC
chr7	55242418	9	C	2	7	0	0	0	0	0	0	0	0	0	ACTCT
chr7	55242419	10	T	2	8	0	0	0	0	0	0	0	0	0	CTCTG
chr7	55242420	11	C	3	8	0	0	0	0	0	0	0	0	0	TCTGG
chr7	55242421	10	T	3	7	0	0	0	0	0	0	0	0	0	CTGGA
chr7	55242422	10	G	3	7	0	0	0	0	0	0	0	0	0	TGGAT
chr7	55242423	10	G	3	7	0	0	0	0	0	0	0	0	0	GGATC
chr7	55242424	11	A	4	7	0	0	0	0	0	0	0	0	0	GATCC
chr7	55242425	11	T	3	7	0	0	0	0	0	0	1	0	0	ATCCC
chr7	55242426	11	C	4	7	0	0	0	0	0	0	0	0	0	TCCCA
chr7	55242427	12	C	5	7	0	0	0	0	0	0	0	0	0	CCCAG
chr7	55242428	12	C	5	7	0	0	0	0	0	0	0	0	0	CCAGA
chr7	55242429	11	A	5	6	0	0	0	0	0	0	0	0	0	CAGAA
chr7	55242430	11	G	5	6	0	0	0	0	0	0	0	0	0	AGAAG
chr7	55242431	10	A	4	6	0	0	0	0	0	0	0	0	0	GAAGG
chr7	55242432	10	A	4	6	0	0	0	0	0	0	0	0	0	AAGGT
chr7	55242433	11	G	5	6	0	0	0	0	0	0	0	0	0	AGGTG
chr7	55242434	11	G	5	6	0	0	0	0	0	0	0	0	0	GGTGA
chr7	55242435	11	T	5	6	0	0	0	0	0	0	0	0	0	GTGAG
chr7	55242436	11	G	5	6	0	0	0	0	0	0	0	0	0	TGAGA
chr7	55242437	11	A	5	6	0	0	0	0	0	0	0	0	0	GAGAA
chr7	55242438	11	G	5	6	0	0	0	0	0	0	0	0	0	AGAAA
chr7	55242439	11	A	5	6	0	0	0	0	0	0	0	0	0	GAAAG
chr7	55242440	11	A	5	6	0	0	0	0	0	0	0	0	0	AAAGT
chr7	55242441	12	A	5	7	0	0	0	0	0	0	0	0	0	AAGTT
chr7	55242442	12	G	6	6	0	0	0	0	0	0	0	0	0	AGTTA
chr7	55242443	12	T	6	6	0	0	0	0	0	0	0	0	0	GTTAA
chr7	55242444	12	T	6	6	0	0	0	0	0	0	0	0	0	TTAAA
chr7	55242445	12	A	6	6	0	0	0	0	0	0	0	0	0	TAAAA
chr7	55242446	12	A	6	6	0	0	0	0	0	0	0	0	0	AAAAT
chr7	55242447	12	A	6	6	0	0	0	0	0	0	0	0	0	AAATT
chr7	55242448	11	A	6	5	0	0	0	0	0	0	0	0	0	AATTC
chr7	55242449	12	T	6	6	0	0	0	0	0	0	0	0	0	ATTCC
chr7	55242450	11	T	5	6	0	0	0	0	0	0	0	0	0	TTCCC
chr7	55242451	10	C	5	5	0	0	0	0	0	0	0	0	0	TCCCG
chr7	55242452	11	C	5	6	0	0	0	0	0	0	0	0	0	CCCGT
chr7	55242453	11	C	5	6	0	0	0	0	0	0	0	0	0	CCGTC
chr7	55242454	12	G	5	7	0	0	0	0	0	0	0	0	0	CGTCG
chr7	55242455	12	T	5	7	0	0	0	0	0	0	0	0	0	GTCGC
chr7	55242456	12	C	5	7	0	0	0	0	0	0	0	0	0	TCGCT
chr7	55242457	12	G	5	7	0	0	0	0	0	0	0	0	0	CGCTA
chr7	55242458	12	C	5	7	0	0	0	0	0	0	0	0	0	GCTAT
chr7	55242459	12	T	5	7	0	0	0	0	0	0	0	0	0	CTATC
chr7	55242460	12	A	5	7	0	0	0	0	0	0	0	0	0	TATCA
chr7	55242461	11	T	4	7	0	0	0	0	0	0	0	0	0	ATCAA
chr7	55242462	12	C	5	7	0	0	0	0	0	0	0	0	0	TCAAG
chr7	55242463	13	A	5	8	0	0	0	0	0	0	0	0	0	CAAGG
chr7	55242464	13	A	5	8	0	0	0	0	0	0	0	0	0	AAGGA
chr7	55242465	13	G	4	9	0	0	0	0	0	0	0	0	0	AGGAA
chr7	55242466	14	G	5	9	0	0	0	0	0	0	0	0	0	GGAAT
chr7	55242467	16	A	5	11	0	0	0	0	0	0	0	0	0	GAATT
chr7	55242468	16	A	5	11	0	0	0	0	0	0	0	0	0	AATTA
chr7	55242469	16	T	5	11	0	0	0	0	0	0	0	0	0	ATTAA
chr7	55242470	16	T	5	11	0	0	0	0	0	0	0	0	0	TTAAG
chr7	55242471	16	A	5	11	0	0	0	0	0	0	0	0	0	TAAGA
chr7	55242472	16	A	5	11	0	0	0	0	0	0	0	0	0	AAGAG
chr7	55242473	16	G	5	11	0	0	0	0	0	0	0	0	0	AGAGA
chr7	55242474	16	A	5	11	0	0	0	0	0	0	0	0	0	GAGAA
chr7	55242475	16	G	5	11	0	0	0	0	0	0	0	0	0	AGAAG
chr7	55242476	16	A	5	11	0	0	0	0	0	0	0	0	0	GAAGC
chr7	55242477	17	A	6	11	0	0	0	0	0	0	0	0	0	AAGCA
chr7	55242478	17	G	6	11	0	0	0	0	0	0	0	0	0	AGCAA
chr7	55242479	18	C	6	12	0	0	0	0	0	0	0	0	0	GCAAC
chr7	55242480	17	A	6	11	0	0	0	0	0	0	0	0	0	CAACA
chr7	55242481	17	A	5	12	0	0	0	0	0	0	0	0	0	AACAT
chr7	55242482	18	C	6	12	0	0	0	0	0	0	0	0	0	ACATC
chr7	55242483	18	A	6	12	0	0	0	0	0	0	0	0	0	CATCT
chr7	55242484	18	T	6	12	0	0	0	0	0	0	0	0	0	ATCTC
chr7	55242485	18	C	6	12	0	0	0	0	0	0	0	0	0	TCTCC
chr7	55242486	17	T	6	11	0	0	0	0	0	0	0	0	0	CTCCG
chr7	55242487	18	C	6	12	0	0	0	0	0	0	0	0	0	TCCGA
chr7	55242488	18	C	6	12	0	0	0	0	0	0	0	0	0	CCGAA
chr7	55242489	18	G	6	12	0	0	0	0	0	0	0	0	0	CGAAA
chr7	55242490	18	A	6	12	0	0	0	0	0	0	0	0	0	GAAAG
chr7	55242491	18	A	6	12	0	0	0	0	0	0	0	0	0	AAAGC
chr7	55242492	18	A	6	12	0	0	0	0	0	0	0	0	0	AAGCC
chr7	55242493	18	G	6	12	0	0	0	0	0	0	0	0	0	AGCCA
chr7	55242494	18	C	6	12	0	0	0	0	0	0	0	0	0	GCCAA
chr7	55242495	18	C	6	12	0	0	0	0	0	0	0	0	0	CCAAC
chr7	55242496	18	A	6	12	0	0	0	0	0	0	0	0	0	CAACA
chr7	55242497	18	A	6	12	0	0	0	0	0	0	0	0	0	AACAA
chr7	55242498	19	C	7	12	0	0	0	0	0	0	0	0	0	ACAAG
chr7	55242499	19	A	7	12	0	0	0	0	0	0	0	0	0	CAAGG
chr7	55242500	19	A	7	12	0	0	0	0	0	0	0	0	0	AAGGA
chr7	55242501	19	G	7	12	0	0	0	0	0	0	0	0	0	AGGAA
chr7	55242502	19	G	6	13	0	0	0	0	0	0	0	0	0	GGAAA
chr7	55242503	19	A	6	13	0	0	0	0	0	0	0	0	0	GAAAT
chr7	55242504	19	A	7	12	0	0	0	0	0	0	0	0	0	AAATC
chr7	55242505	19	A	7	12	0	0	0	0	0	0	0	0	0	AATCC
chr7	55242506	19	T	7	12	0	0	0	0	0	0	0	0	0	ATCCT
chr7	55242507	18	C	7	11	0	0	0	0	0	0	0	0	0	TCCTC
chr7	55242508	18	C	7	11	0	0	0	0	0	0	0	0	0	CCTCG
chr7	55242509	16	T	7	9	0	0	0	0	0	0	0	0	0	CTCGA
chr7	55242510	16	C	7	9	0	0	0	0	0	0	0	0	0	TCGAT
chr7	55242511	16	G	7	9	0	0	0	0	0	0	0	0	0	CGATG
chr7	55242512	16	A	7	9	0	0	0	0	0	0	0	0	0	GATGT
chr7	55242513	16	T	7	9	0	0	0	0	0	0	0	0	0	ATGTG
chr7	55248986	12	G	5	7	0	0	0	0	0	0	0	0	0	GGAAG
chr7	55248987	13	A	6	7	0	0	0	0	0	0	0	0	0	GAAGC
chr7	55248988	13	A	6	7	0	0	0	0	0	0	0	0	0	AAGCC
chr7	55248989	14	G	7	7	0	0	0	0	0	0	0	0	0	AGCCT
chr7	55248990	14	C	7	7	0	0	0	0	0	0	0	0	0	GCCTA
chr7	55248991	14	C	6	7	0	0	0	0	1	0	0	0	0	CCTAC
chr7	55248992	14	T	7	7	0	0	0	0	0	0	0	0	0	CTACG
chr7	55248993	14	A	7	7	0	0	0	0	0	0	0	0	0	TACGT
chr7	55248994	14	C	7	7	0	0	0	0	0	0	0	0	0	ACGTG
chr7	55248995	14	G	7	7	0	0	0	0	0	0	0	0	0	CGTGA
chr7	55248996	14	T	7	7	0	0	0	0	0	0	0	0	0	GTGAT
chr7	55248997	14	G	7	7	0	0	0	0	0	0	0	0	0	TGATG
chr7	55248998	14	A	7	7	0	0	0	0	0	0	0	0	0	GATGG
chr7	55248999	14	T	7	7	0	0	0	0	0	0	0	0	0	ATGGC
chr7	55249000	14	G	7	7	0	0	0	0	0	0	0	0	0	TGGCC
chr7	55249001	14	G	7	7	0	0	0	0	0	0	0	0	0	GGCCA
chr7	55249002	14	C	7	7	0	0	0	0	0	0	0	0	0	GCCAG
chr7	55249003	14	C	7	7	0	0	0	0	0	0	0	0	0	CCAGC
chr7	55249004	14	A	7	7	0	0	0	0	0	0	0	0	0	CAGCG
chr7	55249005	15	G	8	7	0	0	0	0	0	0	0	0	0	AGCGT
chr7	55249006	14	C	8	6	0	0	0	0	0	0	0	0	0	GCGTG
chr7	55249007	14	G	8	6	0	0	0	0	0	0	0	0	0	CGTGG
chr7	55249008	14	T	8	6	0	0	0	0	0	0	0	0	0	GTGGA
chr7	55249009	14	G	8	6	0	0	0	0	0	0	0	0	0	TGGAC
chr7	55249010	14	G	7	7	0	0	0	0	0	0	0	0	0	GGACA
chr7	55249011	14	A	7	7	0	0	0	0	0	0	0	0	0	GACAA
chr7	55249012	14	C	7	7	0	0	0	0	0	0	0	0	0	ACAAC
chr7	55249013	14	A	7	7	0	0	0	0	0	0	0	0	0	CAACC
chr7	55249014	14	A	7	7	0	0	0	0	0	0	0	0	0	AACCC
chr7	55249015	13	C	5	8	0	0	0	0	0	0	0	0	0	ACCCC
chr7	55249016	12	C	4	8	0	0	0	0	0	0	0	0	0	CCCCC
chr7	55249017	12	C	4	8	0	0	0	0	0	0	0	0	0	CCCCA
chr7	55249018	12	C	4	8	0	0	0	0	0	0	0	0	0	CCCAC
chr7	55249019	12	C	4	8	0	0	0	0	0	0	0	0	0	CCACG
chr7	55249020	11	A	4	7	0	0	0	0	0	0	0	0	0	CACGT
chr7	55249021	12	C	4	8	0	0	0	0	0	0	0	0	0	ACGTG
chr7	55249022	12	G	4	8	0	0	0	0	0	0	0	0	0	CGTGT
chr7	55249023	11	T	4	7	0	0	0	0	0	0	0	0	0	GTGTG
chr7	55249024	11	G	4	7	0	0	0	0	0	0	0	0	0	TGTGC
chr7	55249025	12	T	4	8	0	0	0	0	0	0	0	0	0	GTGCC
chr7	55249026	12	G	4	8	0	0	0	0	0	0	0	0	0	TGCCG
chr7	55249027	12	C	4	8	0	0	0	0	0	0	0	0	0	GCCGC
chr7	55249028	12	C	4	8	0	0	0	0	0	0	0	0	0	CCGCC
chr7	55249029	12	G	5	7	0	0	0	0	0	0	0	0	0	CGCCT
chr7	55249030	12	C	5	7	0	0	0	0	0	0	0	0	0	GCCTG
chr7	55249031	12	C	5	7	0	0	0	0	0	0	0	0	0	CCTGC
chr7	55249032	12	T	5	7	0	0	0	0	0	0	0	0	0	CTGCT
chr7	55249033	12	G	5	7	0	0	0	0	0	0	0	0	0	TGCTG
chr7	55249034	14	C	7	7	0	0	0	0	0	0	0	0	0	GCTGG
chr7	55249035	15	T	8	7	0	0	0	0	0	0	0	0	0	CTGGG
chr7	55249036	13	G	8	5	0	0	0	0	0	0	0	0	0	TGGGC
chr7	55249037	13	G	8	5	0	0	0	0	0	0	0	0	0	GGGCA
chr7	55249038	13	G	7	5	0	0	1	0	0	0	0	0	0	GGCAT
chr7	55249039	13	C	8	5	0	0	0	0	0	0	0	0	0	GCATC
chr7	55249040	12	A	7	5	0	0	0	0	0	0	0	0	0	CATCT
chr7	55249041	12	T	7	5	0	0	0	0	0	0	0	0	0	ATCTG
chr7	55249042	12	C	7	5	0	0	0	0	0	0	0	0	0	TCTGC
chr7	55249043	12	T	7	5	0	0	0	0	0	0	0	0	0	CTGCC
chr7	55249044	12	G	7	5	0	0	0	0	0	0	0	0	0	TGCCT
chr7	55249045	11	C	6	5	0	0	0	0	0	0	0	0	0	GCCTC
chr7	55249046	11	C	6	5	0	0	0	0	0	0	0	0	0	CCTCA
chr7	55249047	9	T	6	3	0	0	0	0	0	0	0	0	0	CTCAC
chr7	55249048	8	C	5	3	0	0	0	0	0	0	0	0	0	TCACC
chr7	55249049	8	A	5	3	0	0	0	0	0	0	0	0	0	CACCT
chr7	55249050	9	C	6	3	0	0	0	0	0	0	0	0	0	ACCTC
chr7	55249051	8	C	6	2	0	0	0	0	0	0	0	0	0	CCTCC
chr7	55249052	8	T	6	2	0	0	0	0	0	0	0	0	0	CTCCA
chr7	55249053	8	C	6	2	0	0	0	0	0	0	0	0	0	TCCAC
chr7	55249054	8	C	6	2	0	0	0	0	0	0	0	0	0	CCACC
chr7	55249055	8	A	6	2	0	0	0	0	0	0	0	0	0	CACCG
chr7	55249056	9	C	7	2	0	0	0	0	0	0	0	0	0	ACCGT
chr7	55249057	8	C	6	2	0	0	0	0	0	0	0	0	0	CCGTG
chr7	55249058	8	G	6	2	0	0	0	0	0	0	0	0	0	CGTGC
chr7	55249059	8	T	6	2	0	0	0	0	0	0	0	0	0	GTGCA
chr7	55249060	8	G	6	2	0	0	0	0	0	0	0	0	0	TGCAG
chr7	55249061	7	C	5	2	0	0	0	0	0	0	0	0	0	GCAGC
chr7	55249062	6	A	4	2	0	0	0	0	0	0	0	0	0	CAGCT
chr7	55249063	6	G	1	0	3	2	0	0	0	0	0	0	0	AGCTC
chr7	55249064	6	C	4	2	0	0	0	0	0	0	0	0	0	GCTCA
chr7	55249065	6	T	4	2	0	0	0	0	0	0	0	0	0	CTCAT
chr7	55249066	6	C	4	2	0	0	0	0	0	0	0	0	0	TCATC
chr7	55249067	6	A	4	2	0	0	0	0	0	0	0	0	0	CATCA
chr7	55249068	6	T	4	2	0	0	0	0	0	0	0	0	0	ATCAC
chr7	55249069	6	C	4	2	0	0	0	0	0	0	0	0	0	TCACG
chr7	55249070	6	A	4	2	0	0	0	0	0	0	0	0	0	CACGC
chr7	55249071	5	C	3	2	0	0	0	0	0	0	0	0	0	ACGCA
chr7	55249072	6	G	3	3	0	0	0	0	0	0	0	0	0	CGCAG
chr7	55249073	6	C	3	3	0	0	0	0	0	0	0	0	0	GCAGC
chr7	55249074	6	A	3	3	0	0	0	0	0	0	0	0	0	CAGCT
chr7	55249075	6	G	3	3	0	0	0	0	0	0	0	0	0	AGCTC
chr7	55249076	6	C	3	3	0	0	0	0	0	0	0	0	0	GCTCA
chr7	55249077	6	T	3	3	0	0	0	0	0	0	0	0	0	CTCAT
chr7	55249078	6	C	3	3	0	0	0	0	0	0	0	0	0	TCATG
chr7	55249079	6	A	3	3	0	0	0	0	0	0	0	0	0	CATGC
chr7	55249080	7	T	3	4	0	0	0	0	0	0	0	0	0	ATGCC
chr7	55249081	7	G	3	4	0	0	0	0	0	0	0	0	0	TGCCC
chr7	55249082	7	C	3	4	0	0	0	0	0	0	0	0	0	GCCCT
chr7	55249083	7	C	3	4	0	0	0	0	0	0	0	0	0	CCCTT
chr7	55249084	7	C	3	4	0	0	0	0	0	0	0	0	0	CCTTC
chr7	55249085	7	T	3	4	0	0	0	0	0	0	0	0	0	CTTCG
chr7	55249086	7	T	3	4	0	0	0	0	0	0	0	0	0	TTCGG
chr7	55249087	7	C	3	4	0	0	0	0	0	0	0	0	0	TCGGC
chr7	55249088	7	G	3	4	0	0	0	0	0	0	0	0	0	CGGCT
chr7	55249089	7	G	3	4	0	0	0	0	0	0	0	0	0	GGCTG
chr7	55249090	7	C	2	5	0	0	0	0	0	0	0	0	0	GCTGC
chr7	55249091	7	T	2	5	0	0	0	0	0	0	0	0	0	CTGCC
chr7	55249092	6	G	2	4	0	0	0	0	0	0	0	0	0	TGCCT
chr7	55249093	7	C	2	5	0	0	0	0	0	0	0	0	0	GCCTC
chr7	55249094	7	C	2	5	0	0	0	0	0	0	0	0	0	CCTCC
chr7	55249095	7	T	2	5	0	0	0	0	0	0	0	0	0	CTCCT
chr7	55249096	7	C	2	5	0	0	0	0	0	0	0	0	0	TCCTG
chr7	55249097	7	C	2	5	0	0	0	0	0	0	0	0	0	CCTGG
chr7	55249098	7	T	2	5	0	0	0	0	0	0	0	0	0	CTGGA
chr7	55249099	7	G	2	5	0	0	0	0	0	0	0	0	0	TGGAC
chr7	55249100	7	G	2	5	0	0	0	0	0	0	0	0	0	GGACT
chr7	55249101	7	A	2	5	0	0	0	0	0	0	0	0	0	GACTA
chr7	55249102	7	C	2	5	0	0	0	0	0	0	0	0	0	ACTAT
chr7	55249103	7	T	2	5	0	0	0	0	0	0	0	0	0	CTATG
chr7	55249104	7	A	2	5	0	0	0	0	0	0	0	0	0	TATGT
chr7	55249105	7	T	2	5	0	0	0	0	0	0	0	0	0	ATGTC
chr7	55249106	7	G	2	5	0	0	0	0	0	0	0	0	0	TGTCC
chr7	55249107	7	T	2	5	0	0	0	0	0	0	0	0	0	GTCCG
chr7	55249108	6	C	2	4	0	0	0	0	0	0	0	0	0	TCCGG
chr7	55249109	6	C	2	4	0	0	0	0	0	0	0	0	0	CCGGG
chr7	55249110	6	G	2	4	0	0	0	0	0	0	0	0	0	CGGGA
chr7	55249111	6	G	2	4	0	0	0	0	0	0	0	0	0	GGGAA
chr7	55249112	6	G	2	4	0	0	0	0	0	0	0	0	0	GGAAC
chr7	55249113	6	A	2	4	0	0	0	0	0	0	0	0	0	GAACA
chr7	55249114	5	A	2	3	0	0	0	0	0	0	0	0	0	AACAC
chr7	55249115	6	C	2	4	0	0	0	0	0	0	0	0	0	ACACA
chr7	55249116	6	A	2	4	0	0	0	0	0	0	0	0	0	CACAA
chr7	55249117	6	C	2	4	0	0	0	0	0	0	0	0	0	ACAAA
chr7	55249118	4	A	2	2	0	0	0	0	0	0	0	0	0	CAAAG
chr7	55249119	4	A	2	2	0	0	0	0	0	0	0	0	0	AAAGA
chr7	55249120	4	A	2	2	0	0	0	0	0	0	0	0	0	AAGAC
chr7	55249121	5	G	2	3	0	0	0	0	0	0	0	0	0	AGACA
chr7	55249122	5	A	2	3	0	0	0	0	0	0	0	0	0	GACAA
chr7	55249123	5	C	2	3	0	0	0	0	0	0	0	0	0	ACAAT
chr7	55249124	5	A	2	3	0	0	0	0	0	0	0	0	0	CAATA
chr7	55249125	6	A	3	3	0	0	0	0	0	0	0	0	0	AATAT
chr7	55249126	6	T	3	3	0	0	0	0	0	0	0	0	0	ATATT
chr7	55249127	6	A	3	3	0	0	0	0	0	0	0	0	0	TATTG
chr7	55249128	6	T	3	3	0	0	0	0	0	0	0	0	0	ATTGG
chr7	55249129	6	T	3	3	0	0	0	0	0	0	0	0	0	TTGGC
chr7	55249130	6	G	3	3	0	0	0	0	0	0	0	0	0	TGGCT
chr7	55249131	6	G	3	3	0	0	0	0	0	0	0	0	0	GGCTC
chr7	55249132	6	C	3	3	0	0	0	0	0	0	0	0	0	GCTCC
chr7	55249133	6	T	3	3	0	0	0	0	0	0	0	0	0	CTCCC
chr7	55249134	6	C	3	3	0	0	0	0	0	0	0	0	0	TCCCA
chr7	55249135	6	C	3	3	0	0	0	0	0	0	0	0	0	CCCAG
chr7	55249136	6	C	3	3	0	0	0	0	0	0	0	0	0	CCAGT
chr7	55249137	6	A	3	3	0	0	0	0	0	0	0	0	0	CAGTA
chr7	55249138	6	G	3	3	0	0	0	0	0	0	0	0	0	AGTAC
chr7	55249139	6	T	3	3	0	0	0	0	0	0	0	0	0	GTACC
chr7	55249140	6	A	3	3	0	0	0	0	0	0	0	0	0	TACCT
chr7	55249141	6	C	3	3	0	0	0	0	0	0	0	0	0	ACCTG
chr7	55249142	6	C	3	3	0	0	0	0	0	0	0	0	0	CCTGC
chr7	55249143	6	T	3	3	0	0	0	0	0	0	0	0	0	CTGCT
chr7	55249144	6	G	3	3	0	0	0	0	0	0	0	0	0	TGCTC
chr7	55249145	6	C	3	3	0	0	0	0	0	0	0	0	0	GCTCA
chr7	55249146	6	T	3	3	0	0	0	0	0	0	0	0	0	CTCAA
chr7	55249147	6	C	3	3	0	0	0	0	0	0	0	0	0	TCAAC
chr7	55249148	6	A	3	3	0	0	0	0	0	0	0	0	0	CAACT
chr7	55249149	6	A	3	3	0	0	0	0	0	0	0	0	0	AACTG
chr7	55249150	6	C	3	3	0	0	0	0	0	0	0	0	0	ACTGG
chr7	55249151	6	T	2	4	0	0	0	0	0	0	0	0	0	CTGGT
chr7	55249152	6	G	2	4	0	0	0	0	0	0	0	0	0	TGGTG
chr7	55249153	7	G	2	5	0	0	0	0	0	0	0	0	0	GGTGT
chr7	55249154	7	T	2	5	0	0	0	0	0	0	0	0	0	GTGTG
chr7	55249155	7	G	2	5	0	0	0	0	0	0	0	0	0	TGTGT
chr7	55249156	7	T	2	5	0	0	0	0	0	0	0	0	0	GTGTG
chr7	55249157	7	G	2	5	0	0	0	0	0	0	0	0	0	TGTGC
chr7	55249158	8	T	2	6	0	0	0	0	0	0	0	0	0	GTGCA
chr7	55249159	8	G	2	6	0	0	0	0	0	0	0	0	0	TGCAG
chr7	55249160	8	C	2	6	0	0	0	0	0	0	0	0	0	GCAGA
chr7	55249161	8	A	2	6	0	0	0	0	0	0	0	0	0	CAGAT
chr7	55249162	8	G	2	6	0	0	0	0	0	0	0	0	0	AGATC
chr7	55249163	8	A	2	6	0	0	0	0	0	0	0	0	0	GATCG
chr7	55249164	8	T	2	6	0	0	0	0	0	0	0	0	0	ATCGC
chr7	55249165	8	C	2	6	0	0	0	0	0	0	0	0	0	TCGCA
chr7	55249166	8	G	2	6	0	0	0	0	0	0	0	0	0	CGCAA
chr7	55249167	8	C	2	6	0	0	0	0	0	0	0	0	0	GCAAA
chr7	55249168	8	A	2	6	0	0	0	0	0	0	0	0	0	CAAAG
chr7	55249169	8	A	2	6	0	0	0	0	0	0	0	0	0	AAAGG
chr7	55249170	8	A	2	6	0	0	0	0	0	0	0	0	0	AAGGT
chr7	55249171	8	G	2	6	0	0	0	0	0	0	0	0	0	AGGTA
chr7	55259514	7	C	4	3	0	0	0	0	0	0	0	0	0	GCTGG
chr7	55259515	7	T	4	3	0	0	0	0	0	0	0	0	0	CTGGC
chr7	55259516	6	G	4	2	0	0	0	0	0	0	0	0	0	TGGCC
chr7	55259523	6	C	4	2	0	0	0	0	0	0	0	0	0	ACTGC
chr7	55259524	6	T	4	2	0	0	0	0	0	0	0	0	0	CTGCT
chr7	55259525	6	G	4	2	0	0	0	0	0	0	0	0	0	TGCTG
chr7	140453135	169	C	59	110	0	0	0	0	0	0	0	0	0	TCACT
chr7	140453136	171	A	60	110	0	0	0	0	0	0	0	0	0	CACTG
chr7	140453137	169	C	62	106	0	0	0	0	0	1	0	0	0	ACTGT
chr12	330089	1	C	1	0	0	0	0	0	0	0	0	0	25	ACAGG	nan	nan	nan	nan
chr12	25380274	484	C	273	211	0	0	0	0	0	0	0	0	0	TCTTG
chr12	25380275	485	T	273	212	0	0	0	0	0	0	0	0	0	CTTGA
chr12	25380276	493	T	275	214	0	0	4	0	0	0	0	0	0	TTGAC
chr12	25380277	493	G	279	214	0	0	0	0	0	0	0	0	0	TGACC
chr12	25380278	491	A	275	216	0	0	0	0	0	0	0	0	0	GACCT
chr12	25398283	343	A	141	201	0	0	0	0	0	0	0	1	0	CACCA
chr12	25398284	343	C	142	200	0	0	0	0	0	0	0	0	0	ACCAG
chr12	25398285	342	C	141	200	0	0	0	0	0	0	0	0	0	CCAGC
chr12	25398286	344	A	142	202	0	0	0	0	0	0	0	0	0	CAGCT
