CHR	POS	DEPTH	REF	R+	R-	A+	A-	C+	C-	T+	T-	G+	G-	PAD	MOTIF
chr7	1024066	1	C	1	0	0	0	0	0	0	0	0	0	0	GCCGG
chr7	55241706	19	G	12	7	0	0	0	0	0	0	0	0	0	TGGGC
chr7	55241707	19	G	12	7	0	0	0	0	0	0	0	0	0	GGGCT
chr7	55241708	18	G	12	6	0	0	0	0	0	0	0	0	0	GGCTC
chr7	55241709	16	C	10	6	0	0	0	0	0	0	0	0	0	GCTCC
chr7	55242415	14	G	8	6	0	0	0	0	0	0	0	0	0	GGGAC
chr7	55242416	14	G	8	6	0	0	0	0	0	0	0	0	0	GGACT
chr7	55242417	15	A	8	7	0	0	0	0	0	0	0	0	0	GACTC
chr7	55242418	16	C	9	7	0	0	0	0	0	0	0	0	0	ACTCT
chr7	55242419	16	T	9	7	0	0	0	0	0	0	0	0	0	CTCTG
chr7	55242420	16	C	9	7	0	0	0	0	0	0	0	0	0	TCTGG
chr7	55242421	16	T	9	7	0	0	0	0	0	0	0	0	0	CTGGA
chr7	55242422	17	G	10	7	0	0	0	0	0	0	0	0	0	TGGAT
chr7	55242423	18	G	10	8	0	0	0	0	0	0	0	0	0	GGATC
chr7	55242424	18	A	10	8	0	0	0	0	0	0	0	0	0	GATCC
chr7	55242425	18	T	9	9	0	0	0	0	0	0	0	0	0	ATCCC
chr7	55242426	19	C	10	9	0	0	0	0	0	0	0	0	0	TCCCA
chr7	55242427	19	C	10	9	0	0	0	0	0	0	0	0	0	CCCAG
chr7	55242428	18	C	9	9	0	0	0	0	0	0	0	0	0	CCAGA
chr7	55242429	18	A	9	9	0	0	0	0	0	0	0	0	0	CAGAA
chr7	55242430	18	G	9	9	0	0	0	0	0	0	0	0	0	AGAAG
chr7	55242431	17	A	8	9	0	0	0	0	0	0	0	0	0	GAAGG
chr7	55242432	18	A	9	9	0	0	0	0	0	0	0	0	0	AAGGT
chr7	55242433	18	G	9	9	0	0	0	0	0	0	0	0	0	AGGTG
chr7	55242434	18	G	9	9	0	0	0	0	0	0	0	0	0	GGTGA
chr7	55242435	18	T	9	9	0	0	0	0	0	0	0	0	0	GTGAG
chr7	55242436	17	G	8	9	0	0	0	0	0	0	0	0	0	TGAGA
chr7	55242437	17	A	8	9	0	0	0	0	0	0	0	0	0	GAGAA
chr7	55242438	18	G	9	9	0	0	0	0	0	0	0	0	0	AGAAA
chr7	55242439	18	A	9	9	0	0	0	0	0	0	0	0	0	GAAAG
chr7	55242440	18	A	9	9	0	0	0	0	0	0	0	0	0	AAAGT
chr7	55242441	18	A	9	9	0	0	0	0	0	0	0	0	0	AAGTT
chr7	55242442	16	G	8	8	0	0	0	0	0	0	0	0	0	AGTTA
chr7	55242443	16	T	8	8	0	0	0	0	0	0	0	0	0	GTTAA
chr7	55242444	14	T	7	7	0	0	0	0	0	0	0	0	0	TTAAA
chr7	55242445	11	A	5	6	0	0	0	0	0	0	0	0	0	TAAAA
chr7	55242446	11	A	5	6	0	0	0	0	0	0	0	0	0	AAAAT
chr7	55242447	11	A	5	6	0	0	0	0	0	0	0	0	0	AAATT
chr7	55242448	11	A	4	7	0	0	0	0	0	0	0	0	0	AATTC
chr7	55242449	11	T	4	7	0	0	0	0	0	0	0	0	0	ATTCC
chr7	55242450	11	T	4	7	0	0	0	0	0	0	0	0	0	TTCCC
chr7	55242451	11	C	4	7	0	0	0	0	0	0	0	0	0	TCCCG
chr7	55242452	12	C	5	7	0	0	0	0	0	0	0	0	0	CCCGT
chr7	55242453	12	C	5	7	0	0	0	0	0	0	0	0	0	CCGTC
chr7	55242454	10	G	3	7	0	0	0	0	0	0	0	0	0	CGTCG
chr7	55242455	10	T	3	7	0	0	0	0	0	0	0	0	0	GTCGC
chr7	55242456	10	C	3	7	0	0	0	0	0	0	0	0	0	TCGCT
chr7	55242457	11	G	3	8	0	0	0	0	0	0	0	0	0	CGCTA
chr7	55242458	10	C	3	7	0	0	0	0	0	0	0	0	0	GCTAT
chr7	55242459	11	T	3	8	0	0	0	0	0	0	0	0	0	CTATC
chr7	55242460	14	A	3	11	0	0	0	0	0	0	0	0	0	TATCA
chr7	55242461	13	T	3	10	0	0	0	0	0	0	0	0	0	ATCAA
chr7	55242462	14	C	3	11	0	0	0	0	0	0	0	0	0	TCAAG
chr7	55242463	13	A	3	10	0	0	0	0	0	0	0	0	0	CAAGG
chr7	55242464	13	A	3	10	0	0	0	0	0	0	0	0	0	AAGGA
chr7	55242465	16	G	3	13	0	0	0	0	0	0	0	0	0	AGGAA
chr7	55242466	16	G	3	13	0	0	0	0	0	0	0	0	0	GGAAT
chr7	55242467	16	A	3	13	0	0	0	0	0	0	0	0	0	GAATT
chr7	55242468	16	A	3	13	0	0	0	0	0	0	0	0	0	AATTA
chr7	55242469	16	T	3	13	0	0	0	0	0	0	0	0	0	ATTAA
chr7	55242470	16	T	3	13	0	0	0	0	0	0	0	0	0	TTAAG
chr7	55242471	16	A	3	13	0	0	0	0	0	0	0	0	0	TAAGA
chr7	55242472	16	A	3	13	0	0	0	0	0	0	0	0	0	AAGAG
chr7	55242473	17	G	3	14	0	0	0	0	0	0	0	0	0	AGAGA
chr7	55242474	17	A	3	14	0	0	0	0	0	0	0	0	0	GAGAA
chr7	55242475	18	G	4	14	0	0	0	0	0	0	0	0	0	AGAAG
chr7	55242476	18	A	4	14	0	0	0	0	0	0	0	0	0	GAAGC
chr7	55242477	18	A	4	14	0	0	0	0	0	0	0	0	0	AAGCA
chr7	55242478	18	G	4	14	0	0	0	0	0	0	0	0	0	AGCAA
chr7	55242479	18	C	4	14	0	0	0	0	0	0	0	0	0	GCAAC
chr7	55242480	18	A	4	14	0	0	0	0	0	0	0	0	0	CAACA
chr7	55242481	18	A	4	14	0	0	0	0	0	0	0	0	0	AACAT
chr7	55242482	18	C	4	14	0	0	0	0	0	0	0	0	0	ACATC
chr7	55242483	18	A	4	14	0	0	0	0	0	0	0	0	0	CATCT
chr7	55242484	18	T	4	14	0	0	0	0	0	0	0	0	0	ATCTC
chr7	55242485	19	C	5	14	0	0	0	0	0	0	0	0	0	TCTCC
chr7	55242486	19	T	5	14	0	0	0	0	0	0	0	0	0	CTCCG
chr7	55242487	19	C	5	14	0	0	0	0	0	0	0	0	0	TCCGA
chr7	55242488	19	C	5	14	0	0	0	0	0	0	0	0	0	CCGAA
chr7	55242489	19	G	5	14	0	0	0	0	0	0	0	0	0	CGAAA
chr7	55242490	19	A	5	14	0	0	0	0	0	0	0	0	0	GAAAG
chr7	55242491	19	A	5	14	0	0	0	0	0	0	0	0	0	AAAGC
chr7	55242492	18	A	4	14	0	0	0	0	0	0	0	0	0	AAGCC
chr7	55242493	19	G	5	14	0	0	0	0	0	0	0	0	0	AGCCA
chr7	55242494	19	C	5	14	0	0	0	0	0	0	0	0	0	GCCAA
chr7	55242495	19	C	5	14	0	0	0	0	0	0	0	0	0	CCAAC
chr7	55242496	19	A	6	13	0	0	0	0	0	0	0	0	0	CAACA
chr7	55242497	19	A	6	13	0	0	0	0	0	0	0	0	0	AACAA
chr7	55242498	19	C	6	13	0	0	0	0	0	0	0	0	0	ACAAG
chr7	55242499	19	A	6	13	0	0	0	0	0	0	0	0	0	CAAGG
chr7	55242500	19	A	6	13	0	0	0	0	0	0	0	0	0	AAGGA
chr7	55242501	19	G	6	13	0	0	0	0	0	0	0	0	0	AGGAA
chr7	55242502	19	G	6	13	0	0	0	0	0	0	0	0	0	GGAAA
chr7	55242503	18	A	5	13	0	0	0	0	0	0	0	0	0	GAAAT
chr7	55242504	18	A	5	13	0	0	0	0	0	0	0	0	0	AAATC
chr7	55242505	18	A	5	13	0	0	0	0	0	0	0	0	0	AATCC
chr7	55242506	18	T	5	13	0	0	0	0	0	0	0	0	0	ATCCT
chr7	55242507	18	C	5	13	0	0	0	0	0	0	0	0	0	TCCTC
chr7	55242508	18	C	5	13	0	0	0	0	0	0	0	0	0	CCTCG
chr7	55242509	18	T	5	13	0	0	0	0	0	0	0	0	0	CTCGA
chr7	55242510	18	C	5	13	0	0	0	0	0	0	0	0	0	TCGAT
chr7	55242511	19	G	6	13	0	0	0	0	0	0	0	0	0	CGATG
chr7	55242512	20	A	6	14	0	0	0	0	0	0	0	0	0	GATGT
chr7	55242513	20	T	6	14	0	0	0	0	0	0	0	0	0	ATGTG
chr7	55248986	20	G	6	14	0	0	0	0	0	0	0	0	0	GGAAG
chr7	55248987	20	A	6	14	0	0	0	0	0	0	0	0	0	GAAGC
chr7	55248988	20	A	6	14	0	0	0	0	0	0	0	0	0	AAGCC
chr7	55248989	20	G	6	14	0	0	0	0	0	0	0	0	0	AGCCT
chr7	55248990	20	C	6	14	0	0	0	0	0	0	0	0	0	GCCTA
chr7	55248991	20	C	6	14	0	0	0	0	0	0	0	0	0	CCTAC
chr7	55248992	20	T	6	14	0	0	0	0	0	0	0	0	0	CTACG
chr7	55248993	20	A	6	14	0	0	0	0	0	0	0	0	0	TACGT
chr7	55248994	19	C	5	14	0	0	0	0	0	0	0	0	0	ACGTG
chr7	55248995	20	G	6	14	0	0	0	0	0	0	0	0	0	CGTGA
chr7	55248996	20	T	6	14	0	0	0	0	0	0	0	0	0	GTGAT
chr7	55248997	20	G	6	14	0	0	0	0	0	0	0	0	0	TGATG
chr7	55248998	20	A	6	14	0	0	0	0	0	0	0	0	0	GATGG
chr7	55248999	20	T	6	14	0	0	0	0	0	0	0	0	0	ATGGC
chr7	55249000	20	G	6	14	0	0	0	0	0	0	0	0	0	TGGCC
chr7	55249001	19	G	5	14	0	0	0	0	0	0	0	0	0	GGCCA
chr7	55249002	19	C	6	13	0	0	0	0	0	0	0	0	0	GCCAG
chr7	55249003	19	C	6	13	0	0	0	0	0	0	0	0	0	CCAGC
chr7	55249004	20	A	6	14	0	0	0	0	0	0	0	0	0	CAGCG
chr7	55249005	20	G	6	14	0	0	0	0	0	0	0	0	0	AGCGT
chr7	55249006	21	C	7	14	0	0	0	0	0	0	0	0	0	GCGTG
chr7	55249007	20	G	7	13	0	0	0	0	0	0	0	0	0	CGTGG
chr7	55249008	21	T	7	14	0	0	0	0	0	0	0	0	0	GTGGA
chr7	55249009	21	G	6	15	0	0	0	0	0	0	0	0	0	TGGAC
chr7	55249010	20	G	5	15	0	0	0	0	0	0	0	0	0	GGACA
chr7	55249011	20	A	5	15	0	0	0	0	0	0	0	0	0	GACAA
chr7	55249012	20	C	5	15	0	0	0	0	0	0	0	0	0	ACAAC
chr7	55249013	20	A	5	15	0	0	0	0	0	0	0	0	0	CAACC
chr7	55249014	20	A	5	15	0	0	0	0	0	0	0	0	0	AACCC
chr7	55249015	19	C	5	14	0	0	0	0	0	0	0	0	0	ACCCC
chr7	55249016	20	C	6	14	0	0	0	0	0	0	0	0	0	CCCCC
chr7	55249017	18	C	5	13	0	0	0	0	0	0	0	0	0	CCCCA
chr7	55249018	18	C	5	13	0	0	0	0	0	0	0	0	0	CCCAC
chr7	55249019	17	C	4	13	0	0	0	0	0	0	0	0	0	CCACG
chr7	55249020	18	A	5	13	0	0	0	0	0	0	0	0	0	CACGT
chr7	55249021	18	C	5	13	0	0	0	0	0	0	0	0	0	ACGTG
chr7	55249022	18	G	5	13	0	0	0	0	0	0	0	0	0	CGTGT
chr7	55249023	18	T	5	13	0	0	0	0	0	0	0	0	0	GTGTG
chr7	55249024	18	G	5	13	0	0	0	0	0	0	0	0	0	TGTGC
chr7	55249025	18	T	5	13	0	0	0	0	0	0	0	0	0	GTGCC
chr7	55249026	17	G	4	13	0	0	0	0	0	0	0	0	0	TGCCG
chr7	55249027	18	C	5	13	0	0	0	0	0	0	0	0	0	GCCGC
chr7	55249028	18	C	5	13	0	0	0	0	0	0	0	0	0	CCGCC
chr7	55249029	18	G	5	13	0	0	0	0	0	0	0	0	0	CGCCT
chr7	55249030	18	C	5	13	0	0	0	0	0	0	0	0	0	GCCTG
chr7	55249031	18	C	5	13	0	0	0	0	0	0	0	0	0	CCTGC
chr7	55249032	18	T	5	13	0	0	0	0	0	0	0	0	0	CTGCT
chr7	55249033	18	G	5	13	0	0	0	0	0	0	0	0	0	TGCTG
chr7	55249034	19	C	6	13	0	0	0	0	0	0	0	0	0	GCTGG
chr7	55249035	20	T	9	11	0	0	0	0	0	0	0	0	0	CTGGG
chr7	55249036	17	G	9	8	0	0	0	0	0	0	0	0	0	TGGGC
chr7	55249037	17	G	9	8	0	0	0	0	0	0	0	0	0	GGGCA
chr7	55249038	17	G	9	8	0	0	0	0	0	0	0	0	0	GGCAT
chr7	55249039	16	C	8	8	0	0	0	0	0	0	0	0	0	GCATC
chr7	55249040	17	A	9	8	0	0	0	0	0	0	0	0	0	CATCT
chr7	55249041	17	T	9	8	0	0	0	0	0	0	0	0	0	ATCTG
chr7	55249042	17	C	9	8	0	0	0	0	0	0	0	0	0	TCTGC
chr7	55249043	15	T	8	7	0	0	0	0	0	0	0	0	0	CTGCC
chr7	55249044	16	G	8	8	0	0	0	0	0	0	0	0	0	TGCCT
chr7	55249045	15	C	7	8	0	0	0	0	0	0	0	0	0	GCCTC
chr7	55249046	12	C	4	8	0	0	0	0	0	0	0	0	0	CCTCA
chr7	55249047	11	T	4	7	0	0	0	0	0	0	0	0	0	CTCAC
chr7	55249048	11	C	4	7	0	0	0	0	0	0	0	0	0	TCACC
chr7	55249049	10	A	4	6	0	0	0	0	0	0	0	0	0	CACCT
chr7	55249050	10	C	4	6	0	0	0	0	0	0	0	0	0	ACCTC
chr7	55249051	9	C	5	4	0	0	0	0	0	0	0	0	0	CCTCC
chr7	55249052	7	T	5	2	0	0	0	0	0	0	0	0	0	CTCCA
chr7	55249053	7	C	5	2	0	0	0	0	0	0	0	0	0	TCCAC
chr7	55249054	7	C	5	2	0	0	0	0	0	0	0	0	0	CCACC
chr7	55249055	7	A	5	2	0	0	0	0	0	0	0	0	0	CACCG
chr7	55249056	7	C	5	2	0	0	0	0	0	0	0	0	0	ACCGT
chr7	55249057	7	C	5	2	0	0	0	0	0	0	0	0	0	CCGTG
chr7	55249058	7	G	5	2	0	0	0	0	0	0	0	0	0	CGTGC
chr7	55249059	7	T	5	2	0	0	0	0	0	0	0	0	0	GTGCA
chr7	55249060	6	G	4	2	0	0	0	0	0	0	0	0	0	TGCAG
chr7	55249061	6	C	4	2	0	0	0	0	0	0	0	0	0	GCAGC
chr7	55249062	6	A	4	2	0	0	0	0	0	0	0	0	0	CAGCT
chr7	55249063	6	G	2	0	2	2	0	0	0	0	0	0	0	AGCTC
chr7	55249064	6	C	4	2	0	0	0	0	0	0	0	0	0	GCTCA
chr7	55249065	6	T	4	2	0	0	0	0	0	0	0	0	0	CTCAT
chr7	55249066	6	C	3	3	0	0	0	0	0	0	0	0	0	TCATC
chr7	55249067	6	A	3	3	0	0	0	0	0	0	0	0	0	CATCA
chr7	55249068	6	T	3	3	0	0	0	0	0	0	0	0	0	ATCAC
chr7	55249069	6	C	3	3	0	0	0	0	0	0	0	0	0	TCACG
chr7	55249070	6	A	3	3	0	0	0	0	0	0	0	0	0	CACGC
chr7	55249071	6	C	3	3	0	0	0	0	0	0	0	0	0	ACGCA
chr7	55249072	6	G	3	3	0	0	0	0	0	0	0	0	0	CGCAG
chr7	55249073	6	C	3	3	0	0	0	0	0	0	0	0	0	GCAGC
chr7	55249074	6	A	3	3	0	0	0	0	0	0	0	0	0	CAGCT
chr7	55249075	6	G	3	3	0	0	0	0	0	0	0	0	0	AGCTC
chr7	55249076	6	C	2	4	0	0	0	0	0	0	0	0	0	GCTCA
chr7	55249077	6	T	2	4	0	0	0	0	0	0	0	0	0	CTCAT
chr7	55249078	6	C	2	4	0	0	0	0	0	0	0	0	0	TCATG
chr7	55249079	5	A	2	3	0	0	0	0	0	0	0	0	0	CATGC
chr7	55249080	5	T	2	3	0	0	0	0	0	0	0	0	0	ATGCC
chr7	55249081	5	G	2	3	0	0	0	0	0	0	0	0	0	TGCCC
chr7	55249082	4	C	2	2	0	0	0	0	0	0	0	0	0	GCCCT
chr7	55249083	4	C	2	2	0	0	0	0	0	0	0	0	0	CCCTT
chr7	55249084	5	C	2	3	0	0	0	0	0	0	0	0	0	CCTTC
chr7	55249085	5	T	2	3	0	0	0	0	0	0	0	0	0	CTTCG
chr7	55249086	5	T	2	3	0	0	0	0	0	0	0	0	0	TTCGG
chr7	55249087	5	C	2	3	0	0	0	0	0	0	0	0	0	TCGGC
chr7	55249088	6	G	3	3	0	0	0	0	0	0	0	0	0	CGGCT
chr7	55249089	6	G	3	3	0	0	0	0	0	0	0	0	0	GGCTG
chr7	55249090	6	C	3	3	0	0	0	0	0	0	0	0	0	GCTGC
chr7	55249091	6	T	3	3	0	0	0	0	0	0	0	0	0	CTGCC
chr7	55249092	6	G	3	3	0	0	0	0	0	0	0	0	0	TGCCT
chr7	55249093	6	C	3	3	0	0	0	0	0	0	0	0	0	GCCTC
chr7	55249094	6	C	3	3	0	0	0	0	0	0	0	0	0	CCTCC
chr7	55249095	6	T	3	3	0	0	0	0	0	0	0	0	0	CTCCT
chr7	55249096	6	C	3	3	0	0	0	0	0	0	0	0	0	TCCTG
chr7	55249097	6	C	3	3	0	0	0	0	0	0	0	0	0	CCTGG
chr7	55249098	6	T	3	3	0	0	0	0	0	0	0	0	0	CTGGA
chr7	55249099	6	G	3	3	0	0	0	0	0	0	0	0	0	TGGAC
chr7	55249100	6	G	3	3	0	0	0	0	0	0	0	0	0	GGACT
chr7	55249101	6	A	3	3	0	0	0	0	0	0	0	0	0	GACTA
chr7	55249102	5	C	3	2	0	0	0	0	0	0	0	0	0	ACTAT
chr7	55249103	5	T	3	2	0	0	0	0	0	0	0	0	0	CTATG
chr7	55249104	4	A	2	2	0	0	0	0	0	0	0	0	0	TATGT
chr7	55249105	4	T	2	2	0	0	0	0	0	0	0	0	0	ATGTC
chr7	55249106	4	G	2	2	0	0	0	0	0	0	0	0	0	TGTCC
chr7	55249107	4	T	2	2	0	0	0	0	0	0	0	0	0	GTCCG
chr7	55249108	3	C	2	1	0	0	0	0	0	0	0	0	0	TCCGG
chr7	55249109	3	C	2	1	0	0	0	0	0	0	0	0	0	CCGGG
chr7	55249110	3	G	2	1	0	0	0	0	0	0	0	0	0	CGGGA
chr7	55249111	3	G	2	1	0	0	0	0	0	0	0	0	0	GGGAA
chr7	55249112	3	G	2	1	0	0	0	0	0	0	0	0	0	GGAAC
chr7	55249113	3	A	2	1	0	0	0	0	0	0	0	0	0	GAACA
chr7	55249114	3	A	2	1	0	0	0	0	0	0	0	0	0	AACAC
chr7	55249115	3	C	2	1	0	0	0	0	0	0	0	0	0	ACACA
chr7	55249116	3	A	2	1	0	0	0	0	0	0	0	0	0	CACAA
chr7	55249117	3	C	2	1	0	0	0	0	0	0	0	0	0	ACAAA
chr7	55249118	3	A	2	1	0	0	0	0	0	0	0	0	0	CAAAG
chr7	55249119	4	A	2	2	0	0	0	0	0	0	0	0	0	AAAGA
chr7	55249120	4	A	2	2	0	0	0	0	0	0	0	0	0	AAGAC
chr7	55249121	4	G	2	2	0	0	0	0	0	0	0	0	0	AGACA
chr7	55249122	4	A	2	2	0	0	0	0	0	0	0	0	0	GACAA
chr7	55249123	3	C	2	1	0	0	0	0	0	0	0	0	0	ACAAT
chr7	55249124	3	A	2	1	0	0	0	0	0	0	0	0	0	CAATA
chr7	55249125	3	A	2	1	0	0	0	0	0	0	0	0	0	AATAT
chr7	55249126	4	T	3	1	0	0	0	0	0	0	0	0	0	ATATT
chr7	55249127	4	A	3	1	0	0	0	0	0	0	0	0	0	TATTG
chr7	55249128	4	T	3	1	0	0	0	0	0	0	0	0	0	ATTGG
chr7	55249129	4	T	3	1	0	0	0	0	0	0	0	0	0	TTGGC
chr7	55249130	4	G	3	1	0	0	0	0	0	0	0	0	0	TGGCT
chr7	55249131	4	G	3	1	0	0	0	0	0	0	0	0	0	GGCTC
chr7	55249132	4	C	3	1	0	0	0	0	0	0	0	0	0	GCTCC
chr7	55249133	4	T	3	1	0	0	0	0	0	0	0	0	0	CTCCC
chr7	55249134	3	C	2	1	0	0	0	0	0	0	0	0	0	TCCCA
chr7	55249135	3	C	2	1	0	0	0	0	0	0	0	0	0	CCCAG
chr7	55249136	3	C	2	1	0	0	0	0	0	0	0	0	0	CCAGT
chr7	55249137	3	A	2	1	0	0	0	0	0	0	0	0	0	CAGTA
chr7	55249138	3	G	2	1	0	0	0	0	0	0	0	0	0	AGTAC
chr7	55249139	3	T	2	1	0	0	0	0	0	0	0	0	0	GTACC
chr7	55249140	3	A	2	1	0	0	0	0	0	0	0	0	0	TACCT
chr7	55249141	3	C	2	1	0	0	0	0	0	0	0	0	0	ACCTG
chr7	55249142	3	C	2	1	0	0	0	0	0	0	0	0	0	CCTGC
chr7	55249143	3	T	2	1	0	0	0	0	0	0	0	0	0	CTGCT
chr7	55249144	3	G	2	1	0	0	0	0	0	0	0	0	0	TGCTC
chr7	55249145	3	C	2	1	0	0	0	0	0	0	0	0	0	GCTCA
chr7	55249146	3	T	1	2	0	0	0	0	0	0	0	0	0	CTCAA
chr7	55249147	3	C	1	2	0	0	0	0	0	0	0	0	0	TCAAC
chr7	55249148	3	A	1	2	0	0	0	0	0	0	0	0	0	CAACT
chr7	55249149	3	A	1	2	0	0	0	0	0	0	0	0	0	AACTG
chr7	55249150	3	C	1	2	0	0	0	0	0	0	0	0	0	ACTGG
chr7	55249151	5	T	1	4	0	0	0	0	0	0	0	0	0	CTGGT
chr7	55249152	5	G	1	4	0	0	0	0	0	0	0	0	0	TGGTG
chr7	55249153	5	G	1	4	0	0	0	0	0	0	0	0	0	GGTGT
chr7	55249154	5	T	1	4	0	0	0	0	0	0	0	0	0	GTGTG
chr7	55249155	5	G	1	4	0	0	0	0	0	0	0	0	0	TGTGT
chr7	55249156	5	T	1	4	0	0	0	0	0	0	0	0	0	GTGTG
chr7	55249157	6	G	2	4	0	0	0	0	0	0	0	0	0	TGTGC
chr7	55249158	6	T	2	4	0	0	0	0	0	0	0	0	0	GTGCA
chr7	55249159	6	G	2	4	0	0	0	0	0	0	0	0	0	TGCAG
chr7	55249160	6	C	2	4	0	0	0	0	0	0	0	0	0	GCAGA
chr7	55249161	6	A	2	4	0	0	0	0	0	0	0	0	0	CAGAT
chr7	55249162	6	G	2	4	0	0	0	0	0	0	0	0	0	AGATC
chr7	55249163	6	A	2	4	0	0	0	0	0	0	0	0	0	GATCG
chr7	55249164	6	T	2	4	0	0	0	0	0	0	0	0	0	ATCGC
chr7	55249165	5	C	2	3	0	0	0	0	0	0	0	0	0	TCGCA
chr7	55249166	5	G	2	3	0	0	0	0	0	0	0	0	0	CGCAA
chr7	55249167	5	C	2	3	0	0	0	0	0	0	0	0	0	GCAAA
chr7	55249168	6	A	2	4	0	0	0	0	0	0	0	0	0	CAAAG
chr7	55249169	6	A	2	4	0	0	0	0	0	0	0	0	0	AAAGG
chr7	55249170	6	A	2	4	0	0	0	0	0	0	0	0	0	AAGGT
chr7	55249171	6	G	2	4	0	0	0	0	0	0	0	0	0	AGGTA
chr7	55259514	10	C	5	5	0	0	0	0	0	0	0	0	0	GCTGG
chr7	55259515	10	T	5	5	0	0	0	0	0	0	0	0	0	CTGGC
chr7	55259516	10	G	5	5	0	0	0	0	0	0	0	0	0	TGGCC
chr7	55259523	9	C	4	5	0	0	0	0	0	0	0	0	0	ACTGC
chr7	55259524	9	T	4	5	0	0	0	0	0	0	0	0	0	CTGCT
chr7	55259525	9	G	4	5	0	0	0	0	0	0	0	0	0	TGCTG
chr7	140453135	275	C	103	172	0	0	0	0	0	0	0	0	0	TCACT
chr7	140453136	273	A	104	168	0	0	0	0	0	1	0	0	0	CACTG
chr7	140453137	268	C	104	162	0	0	0	0	0	2	0	0	0	ACTGT
chr12	330131	1	G	1	0	0	0	0	0	0	0	0	0	0	AGCTC
chr12	25380274	899	C	533	365	0	0	0	0	1	0	0	0	0	TCTTG
chr12	25380275	900	T	530	370	0	0	0	0	0	0	0	0	0	CTTGA
chr12	25380276	904	T	525	373	0	0	6	0	0	0	0	0	0	TTGAC
chr12	25380277	904	G	526	378	0	0	0	0	0	0	0	0	0	TGACC
chr12	25380278	899	A	519	373	0	0	1	0	0	0	0	6	0	GACCT
chr12	25398283	782	A	313	466	0	0	1	0	2	0	0	0	0	CACCA
chr12	25398284	783	C	314	467	1	0	0	0	0	0	1	0	0	ACCAG
chr12	25398285	789	C	315	474	0	0	0	0	0	0	0	0	0	CCAGC
chr12	25398286	790	A	313	475	0	0	0	0	0	1	1	0	0	CAGCT
