CHR	POS	DEPTH	REF	R+	R-	A+	A-	C+	C-	T+	T-	G+	G-	PAD	MOTIF
chr7	1022734	1	A	1	0	0	0	0	0	0	0	0	0	113	CATTC
chr7	55241706	245	G	115	127	0	0	0	0	3	0	0	0	0	TGGGC
chr7	55241707	246	G	118	128	0	0	0	0	0	0	0	0	0	GGGCT
chr7	55241708	241	G	115	125	0	0	0	1	0	0	0	0	0	GGCTC
chr7	55241709	244	C	114	130	0	0	0	0	0	0	0	0	0	GCTCC
chr7	55242415	230	G	104	126	0	0	0	0	0	0	0	0	0	GGGAC
chr7	55242416	231	G	104	127	0	0	0	0	0	0	0	0	0	GGACT
chr7	55242417	234	A	104	130	0	0	0	0	0	0	0	0	0	GACTC
chr7	55242418	232	C	104	128	0	0	0	0	0	0	0	0	0	ACTCT
chr7	55242419	233	T	106	127	0	0	0	0	0	0	0	0	0	CTCTG
chr7	55242420	234	C	108	126	0	0	0	0	0	0	0	0	0	TCTGG
chr7	55242421	231	T	108	123	0	0	0	0	0	0	0	0	0	CTGGA
chr7	55242422	235	G	110	125	0	0	0	0	0	0	0	0	0	TGGAT
chr7	55242423	235	G	109	126	0	0	0	0	0	0	0	0	0	GGATC
chr7	55242424	239	A	112	127	0	0	0	0	0	0	0	0	0	GATCC
chr7	55242425	242	T	109	129	0	0	0	0	0	0	4	0	0	ATCCC
chr7	55242426	242	C	112	130	0	0	0	0	0	0	0	0	0	TCCCA
chr7	55242427	240	C	112	128	0	0	0	0	0	0	0	0	0	CCCAG
chr7	55242428	238	C	111	127	0	0	0	0	0	0	0	0	0	CCAGA
chr7	55242429	229	A	111	118	0	0	0	0	0	0	0	0	0	CAGAA
chr7	55242430	233	G	112	121	0	0	0	0	0	0	0	0	0	AGAAG
chr7	55242431	227	A	106	121	0	0	0	0	0	0	0	0	0	GAAGG
chr7	55242432	231	A	109	122	0	0	0	0	0	0	0	0	0	AAGGT
chr7	55242433	234	G	112	122	0	0	0	0	0	0	0	0	0	AGGTG
chr7	55242434	234	G	113	121	0	0	0	0	0	0	0	0	0	GGTGA
chr7	55242435	234	T	114	119	0	0	1	0	0	0	0	0	0	GTGAG
chr7	55242436	236	G	115	121	0	0	0	0	0	0	0	0	0	TGAGA
chr7	55242437	233	A	114	119	0	0	0	0	0	0	0	0	0	GAGAA
chr7	55242438	235	G	114	121	0	0	0	0	0	0	0	0	0	AGAAA
chr7	55242439	235	A	114	121	0	0	0	0	0	0	0	0	0	GAAAG
chr7	55242440	235	A	114	121	0	0	0	0	0	0	0	0	0	AAAGT
chr7	55242441	244	A	120	124	0	0	0	0	0	0	0	0	0	AAGTT
chr7	55242442	230	G	120	110	0	0	0	0	0	0	0	0	0	AGTTA
chr7	55242443	204	T	120	84	0	0	0	0	0	0	0	0	0	GTTAA
chr7	55242444	200	T	119	80	0	0	0	0	0	0	0	1	0	TTAAA
chr7	55242445	193	A	115	78	0	0	0	0	0	0	0	0	0	TAAAA
chr7	55242446	196	A	116	80	0	0	0	0	0	0	0	0	0	AAAAT
chr7	55242447	197	A	116	80	0	0	0	0	1	0	0	0	0	AAATT
chr7	55242448	196	A	118	78	0	0	0	0	0	0	0	0	0	AATTC
chr7	55242449	193	T	116	77	0	0	0	0	0	0	0	0	0	ATTCC
chr7	55242450	190	T	112	78	0	0	0	0	0	0	0	0	0	TTCCC
chr7	55242451	188	C	108	80	0	0	0	0	0	0	0	0	0	TCCCG
chr7	55242452	182	C	102	80	0	0	0	0	0	0	0	0	0	CCCGT
chr7	55242453	178	C	97	81	0	0	0	0	0	0	0	0	0	CCGTC
chr7	55242454	178	G	96	82	0	0	0	0	0	0	0	0	0	CGTCG
chr7	55242455	183	T	100	83	0	0	0	0	0	0	0	0	0	GTCGC
chr7	55242456	182	C	100	82	0	0	0	0	0	0	0	0	0	TCGCT
chr7	55242457	182	G	100	82	0	0	0	0	0	0	0	0	0	CGCTA
chr7	55242458	183	C	101	82	0	0	0	0	0	0	0	0	0	GCTAT
chr7	55242459	183	T	98	85	0	0	0	0	0	0	0	0	0	CTATC
chr7	55242460	186	A	98	88	0	0	0	0	0	0	0	0	0	TATCA
chr7	55242461	184	T	97	87	0	0	0	0	0	0	0	0	0	ATCAA
chr7	55242462	183	C	97	86	0	0	0	0	0	0	0	0	0	TCAAG
chr7	55242463	184	A	97	87	0	0	0	0	0	0	0	0	0	CAAGG
chr7	55242464	181	A	97	84	0	0	0	0	0	0	0	0	0	AAGGA
chr7	55242465	208	G	99	109	0	0	0	0	0	0	0	0	0	AGGAA
chr7	55242466	216	G	97	119	0	0	0	0	0	0	0	0	0	GGAAT
chr7	55242467	218	A	98	120	0	0	0	0	0	0	0	0	0	GAATT
chr7	55242468	220	A	100	120	0	0	0	0	0	0	0	0	0	AATTA
chr7	55242469	220	T	101	119	0	0	0	0	0	0	0	0	0	ATTAA
chr7	55242470	220	T	101	119	0	0	0	0	0	0	0	0	0	TTAAG
chr7	55242471	224	A	103	121	0	0	0	0	0	0	0	0	0	TAAGA
chr7	55242472	220	A	96	124	0	0	0	0	0	0	0	0	0	AAGAG
chr7	55242473	218	G	95	123	0	0	0	0	0	0	0	0	0	AGAGA
chr7	55242474	217	A	93	124	0	0	0	0	0	0	0	0	0	GAGAA
chr7	55242475	234	G	109	125	0	0	0	0	0	0	0	0	0	AGAAG
chr7	55242476	240	A	115	125	0	0	0	0	0	0	0	0	0	GAAGC
chr7	55242477	240	A	115	125	0	0	0	0	0	0	0	0	0	AAGCA
chr7	55242478	253	G	125	128	0	0	0	0	0	0	0	0	0	AGCAA
chr7	55242479	250	C	125	125	0	0	0	0	0	0	0	0	0	GCAAC
chr7	55242480	248	A	125	123	0	0	0	0	0	0	0	0	0	CAACA
chr7	55242481	248	A	127	121	0	0	0	0	0	0	0	0	0	AACAT
chr7	55242482	246	C	127	119	0	0	0	0	0	0	0	0	0	ACATC
chr7	55242483	249	A	127	122	0	0	0	0	0	0	0	0	0	CATCT
chr7	55242484	250	T	127	123	0	0	0	0	0	0	0	0	0	ATCTC
chr7	55242485	249	C	125	124	0	0	0	0	0	0	0	0	0	TCTCC
chr7	55242486	247	T	125	122	0	0	0	0	0	0	0	0	0	CTCCG
chr7	55242487	249	C	124	125	0	0	0	0	0	0	0	0	0	TCCGA
chr7	55242488	248	C	123	125	0	0	0	0	0	0	0	0	0	CCGAA
chr7	55242489	248	G	120	127	0	0	1	0	0	0	0	0	0	CGAAA
chr7	55242490	250	A	119	131	0	0	0	0	0	0	0	0	0	GAAAG
chr7	55242491	250	A	116	134	0	0	0	0	0	0	0	0	0	AAAGC
chr7	55242492	250	A	117	132	0	0	0	0	0	0	0	1	0	AAGCC
chr7	55242493	250	G	117	133	0	0	0	0	0	0	0	0	0	AGCCA
chr7	55242494	247	C	112	134	0	0	0	0	0	0	0	1	0	GCCAA
chr7	55242495	248	C	113	135	0	0	0	0	0	0	0	0	0	CCAAC
chr7	55242496	246	A	110	136	0	0	0	0	0	0	0	0	0	CAACA
chr7	55242497	243	A	108	134	0	0	0	0	0	1	0	0	0	AACAA
chr7	55242498	244	C	111	132	0	0	0	0	0	0	0	1	0	ACAAG
chr7	55242499	243	A	111	132	0	0	0	0	0	0	0	0	0	CAAGG
chr7	55242500	246	A	112	134	0	0	0	0	0	0	0	0	0	AAGGA
chr7	55242501	248	G	112	135	0	0	0	1	0	0	0	0	0	AGGAA
chr7	55242502	246	G	112	133	0	0	0	0	0	1	0	0	0	GGAAA
chr7	55242503	247	A	114	133	0	0	0	0	0	0	0	0	0	GAAAT
chr7	55242504	248	A	115	133	0	0	0	0	0	0	0	0	0	AAATC
chr7	55242505	245	A	111	133	0	0	0	0	1	0	0	0	0	AATCC
chr7	55242506	247	T	114	133	0	0	0	0	0	0	0	0	0	ATCCT
chr7	55242507	249	C	115	134	0	0	0	0	0	0	0	0	0	TCCTC
chr7	55242508	250	C	115	134	0	0	0	0	0	0	0	0	0	CCTCG
chr7	55242509	248	T	115	131	0	1	0	0	0	0	0	0	0	CTCGA
chr7	55242510	244	C	109	133	1	0	0	0	1	0	0	0	0	TCGAT
chr7	55242511	247	G	114	133	0	0	0	0	0	0	0	0	0	CGATG
chr7	55242512	246	A	112	134	0	0	0	0	0	0	0	0	0	GATGT
chr7	55242513	246	T	113	133	0	0	0	0	0	0	0	0	0	ATGTG
chr7	55248986	254	G	116	138	0	0	0	0	0	0	0	0	0	GGAAG
chr7	55248987	259	A	117	142	0	0	0	0	0	0	0	0	0	GAAGC
chr7	55248988	264	A	121	143	0	0	0	0	0	0	0	0	0	AAGCC
chr7	55248989	283	G	138	145	0	0	0	0	0	0	0	0	0	AGCCT
chr7	55248990	287	C	141	146	0	0	0	0	0	0	0	0	0	GCCTA
chr7	55248991	286	C	138	146	0	0	0	0	2	0	0	0	0	CCTAC
chr7	55248992	288	T	140	147	0	0	0	1	0	0	0	0	0	CTACG
chr7	55248993	291	A	143	148	0	0	0	0	0	0	0	0	0	TACGT
chr7	55248994	289	C	142	146	0	0	0	0	0	0	0	1	0	ACGTG
chr7	55248995	290	G	144	145	0	0	0	1	0	0	0	0	0	CGTGA
chr7	55248996	291	T	144	146	0	1	0	0	0	0	0	0	0	GTGAT
chr7	55248997	288	G	144	144	0	0	0	0	0	0	0	0	0	TGATG
chr7	55248998	289	A	145	143	0	0	0	0	0	0	0	1	0	GATGG
chr7	55248999	287	T	144	143	0	0	0	0	0	0	0	0	0	ATGGC
chr7	55249000	289	G	144	145	0	0	0	0	0	0	0	0	0	TGGCC
chr7	55249001	290	G	143	147	0	0	0	0	0	0	0	0	0	GGCCA
chr7	55249002	290	C	141	149	0	0	0	0	0	0	0	0	0	GCCAG
chr7	55249003	291	C	142	148	0	1	0	0	0	0	0	0	0	CCAGC
chr7	55249004	293	A	142	150	0	0	0	1	0	0	0	0	0	CAGCG
chr7	55249005	293	G	142	151	0	0	0	0	0	0	0	0	0	AGCGT
chr7	55249006	292	C	143	149	0	0	0	0	0	0	0	0	0	GCGTG
chr7	55249007	296	G	145	151	0	0	0	0	0	0	0	0	0	CGTGG
chr7	55249008	292	T	144	147	1	0	0	0	0	0	0	0	0	GTGGA
chr7	55249009	291	G	146	145	0	0	0	0	0	0	0	0	0	TGGAC
chr7	55249010	293	G	144	149	0	0	0	0	0	0	0	0	0	GGACA
chr7	55249011	297	A	146	151	0	0	0	0	0	0	0	0	0	GACAA
chr7	55249012	295	C	146	149	0	0	0	0	0	0	0	0	0	ACAAC
chr7	55249013	294	A	145	149	0	0	0	0	0	0	0	0	0	CAACC
chr7	55249014	294	A	145	149	0	0	0	0	0	0	0	0	0	AACCC
chr7	55249015	294	C	145	149	0	0	0	0	0	0	0	0	0	ACCCC
chr7	55249016	292	C	143	149	0	0	0	0	0	0	0	0	0	CCCCC
chr7	55249017	294	C	145	149	0	0	0	0	0	0	0	0	0	CCCCA
chr7	55249018	287	C	139	148	0	0	0	0	0	0	0	0	0	CCCAC
chr7	55249019	286	C	138	148	0	0	0	0	0	0	0	0	0	CCACG
chr7	55249020	292	A	141	151	0	0	0	0	0	0	0	0	0	CACGT
chr7	55249021	288	C	138	150	0	0	0	0	0	0	0	0	0	ACGTG
chr7	55249022	285	G	135	150	0	0	0	0	0	0	0	0	0	CGTGT
chr7	55249023	290	T	135	155	0	0	0	0	0	0	0	0	0	GTGTG
chr7	55249024	288	G	136	152	0	0	0	0	0	0	0	0	0	TGTGC
chr7	55249025	287	T	136	151	0	0	0	0	0	0	0	0	0	GTGCC
chr7	55249026	287	G	137	150	0	0	0	0	0	0	0	0	0	TGCCG
chr7	55249027	291	C	140	151	0	0	0	0	0	0	0	0	0	GCCGC
chr7	55249028	292	C	143	149	0	0	0	0	0	0	0	0	0	CCGCC
chr7	55249029	293	G	58	50	84	101	0	0	0	0	0	0	0	CGCCT
chr7	55249030	291	C	146	145	0	0	0	0	0	0	0	0	0	GCCTG
chr7	55249031	294	C	148	146	0	0	0	0	0	0	0	0	0	CCTGC
chr7	55249032	303	T	159	144	0	0	0	0	0	0	0	0	0	CTGCT
chr7	55249033	306	G	165	141	0	0	0	0	0	0	0	0	0	TGCTG
chr7	55249034	315	C	173	142	0	0	0	0	0	0	0	0	0	GCTGG
chr7	55249035	312	T	178	134	0	0	0	0	0	0	0	0	0	CTGGG
chr7	55249036	307	G	184	123	0	0	0	0	0	0	0	0	0	TGGGC
chr7	55249037	304	G	184	120	0	0	0	0	0	0	0	0	0	GGGCA
chr7	55249038	303	G	181	118	0	0	4	0	0	0	0	0	0	GGCAT
chr7	55249039	306	C	187	119	0	0	0	0	0	0	0	0	0	GCATC
chr7	55249040	313	A	193	120	0	0	0	0	0	0	0	0	0	CATCT
chr7	55249041	301	T	192	108	0	0	1	0	0	0	0	0	0	ATCTG
chr7	55249042	302	C	191	111	0	0	0	0	0	0	0	0	0	TCTGC
chr7	55249043	295	T	185	110	0	0	0	0	0	0	0	0	0	CTGCC
chr7	55249044	294	G	184	110	0	0	0	0	0	0	0	0	0	TGCCT
chr7	55249045	296	C	186	110	0	0	0	0	0	0	0	0	0	GCCTC
chr7	55249046	292	C	183	108	0	0	0	0	0	0	1	0	0	CCTCA
chr7	55249047	284	T	182	101	0	0	0	0	0	0	1	0	0	CTCAC
chr7	55249048	290	C	187	102	0	0	0	0	1	0	0	0	0	TCACC
chr7	55249049	290	A	188	101	0	0	0	0	0	0	1	0	0	CACCT
chr7	55249050	291	C	189	101	0	0	0	0	0	0	1	0	0	ACCTC
chr7	55249051	286	C	189	97	0	0	0	0	0	0	0	0	0	CCTCC
chr7	55249052	279	T	190	89	0	0	0	0	0	0	0	0	0	CTCCA
chr7	55249053	280	C	190	90	0	0	0	0	0	0	0	0	0	TCCAC
chr7	55249054	281	C	192	89	0	0	0	0	0	0	0	0	0	CCACC
chr7	55249055	284	A	195	89	0	0	0	0	0	0	0	0	0	CACCG
chr7	55249056	285	C	194	89	0	0	0	0	2	0	0	0	0	ACCGT
chr7	55249057	282	C	193	88	0	0	0	0	0	0	1	0	0	CCGTG
chr7	55249058	286	G	196	90	0	0	0	0	0	0	0	0	0	CGTGC
chr7	55249059	277	T	195	81	0	0	0	0	0	0	1	0	0	GTGCA
chr7	55249060	277	G	197	80	0	0	0	0	0	0	0	0	0	TGCAG
chr7	55249061	271	C	190	81	0	0	0	0	0	0	0	0	0	GCAGC
chr7	55249062	264	A	183	81	0	0	0	0	0	0	0	0	0	CAGCT
chr7	55249063	264	G	0	0	184	80	0	0	0	0	0	0	0	AGCTC
chr7	55249064	266	C	181	85	0	0	0	0	0	0	0	0	0	GCTCA
chr7	55249065	269	T	180	88	0	0	1	0	0	0	0	0	0	CTCAT
chr7	55249066	262	C	170	92	0	0	0	0	0	0	0	0	0	TCATC
chr7	55249067	262	A	163	99	0	0	0	0	0	0	0	0	0	CATCA
chr7	55249068	256	T	154	101	0	0	1	0	0	0	0	0	0	ATCAC
chr7	55249069	256	C	151	105	0	0	0	0	0	0	0	0	0	TCACG
chr7	55249070	254	A	149	105	0	0	0	0	0	0	0	0	0	CACGC
chr7	55249071	255	C	151	104	0	0	0	0	0	0	0	0	0	ACGCA
chr7	55249072	257	G	153	104	0	0	0	0	0	0	0	0	0	CGCAG
chr7	55249073	250	C	152	97	0	0	0	0	0	0	1	0	0	GCAGC
chr7	55249074	253	A	155	98	0	0	0	0	0	0	0	0	0	CAGCT
chr7	55249075	252	G	156	95	0	1	0	0	0	0	0	0	0	AGCTC
chr7	55249076	254	C	156	97	0	0	0	0	1	0	0	0	0	GCTCA
chr7	55249077	254	T	157	95	1	0	1	0	0	0	0	0	0	CTCAT
chr7	55249078	256	C	158	96	0	0	0	0	0	0	2	0	0	TCATG
chr7	55249079	258	A	162	96	0	0	0	0	0	0	0	0	0	CATGC
chr7	55249080	252	T	159	93	0	0	0	0	0	0	0	0	0	ATGCC
chr7	55249081	250	G	158	92	0	0	0	0	0	0	0	0	0	TGCCC
chr7	55249082	248	C	155	92	1	0	0	0	0	0	0	0	0	GCCCT
chr7	55249083	250	C	156	93	0	0	0	0	0	1	0	0	0	CCCTT
chr7	55249084	249	C	156	93	0	0	0	0	0	0	0	0	0	CCTTC
chr7	55249085	245	T	155	90	0	0	0	0	0	0	0	0	0	CTTCG
chr7	55249086	245	T	154	91	0	0	0	0	0	0	0	0	0	TTCGG
chr7	55249087	242	C	152	90	0	0	0	0	0	0	0	0	0	TCGGC
chr7	55249088	242	G	147	94	1	0	0	0	0	0	0	0	0	CGGCT
chr7	55249089	242	G	147	95	0	0	0	0	0	0	0	0	0	GGCTG
chr7	55249090	241	C	144	97	0	0	0	0	0	0	0	0	0	GCTGC
chr7	55249091	239	T	143	96	0	0	0	0	0	0	0	0	0	CTGCC
chr7	55249092	237	G	141	95	0	0	0	0	1	0	0	0	0	TGCCT
chr7	55249093	236	C	140	95	0	0	0	0	0	0	1	0	0	GCCTC
chr7	55249094	235	C	140	95	0	0	0	0	0	0	0	0	0	CCTCC
chr7	55249095	236	T	138	98	0	0	0	0	0	0	0	0	0	CTCCT
chr7	55249096	234	C	136	98	0	0	0	0	0	0	0	0	0	TCCTG
chr7	55249097	235	C	137	98	0	0	0	0	0	0	0	0	0	CCTGG
chr7	55249098	235	T	132	102	1	0	0	0	0	0	0	0	0	CTGGA
chr7	55249099	233	G	132	101	0	0	0	0	0	0	0	0	0	TGGAC
chr7	55249100	230	G	132	98	0	0	0	0	0	0	0	0	0	GGACT
chr7	55249101	226	A	131	95	0	0	0	0	0	0	0	0	0	GACTA
chr7	55249102	221	C	128	93	0	0	0	0	0	0	0	0	0	ACTAT
chr7	55249103	216	T	129	87	0	0	0	0	0	0	0	0	0	CTATG
chr7	55249104	214	A	125	89	0	0	0	0	0	0	0	0	0	TATGT
chr7	55249105	213	T	121	92	0	0	0	0	0	0	0	0	0	ATGTC
chr7	55249106	213	G	120	93	0	0	0	0	0	0	0	0	0	TGTCC
chr7	55249107	213	T	119	94	0	0	0	0	0	0	0	0	0	GTCCG
chr7	55249108	211	C	114	97	0	0	0	0	0	0	0	0	0	TCCGG
chr7	55249109	213	C	116	97	0	0	0	0	0	0	0	0	0	CCGGG
chr7	55249110	209	G	112	97	0	0	0	0	0	0	0	0	0	CGGGA
chr7	55249111	209	G	112	97	0	0	0	0	0	0	0	0	0	GGGAA
chr7	55249112	210	G	112	98	0	0	0	0	0	0	0	0	0	GGAAC
chr7	55249113	208	A	112	96	0	0	0	0	0	0	0	0	0	GAACA
chr7	55249114	208	A	112	96	0	0	0	0	0	0	0	0	0	AACAC
chr7	55249115	208	C	111	97	0	0	0	0	0	0	0	0	0	ACACA
chr7	55249116	213	A	115	98	0	0	0	0	0	0	0	0	0	CACAA
chr7	55249117	214	C	116	98	0	0	0	0	0	0	0	0	0	ACAAA
chr7	55249118	211	A	112	99	0	0	0	0	0	0	0	0	0	CAAAG
chr7	55249119	213	A	114	99	0	0	0	0	0	0	0	0	0	AAAGA
chr7	55249120	213	A	114	99	0	0	0	0	0	0	0	0	0	AAGAC
chr7	55249121	207	G	114	93	0	0	0	0	0	0	0	0	0	AGACA
chr7	55249122	204	A	115	89	0	0	0	0	0	0	0	0	0	GACAA
chr7	55249123	200	C	112	88	0	0	0	0	0	0	0	0	0	ACAAT
chr7	55249124	199	A	112	87	0	0	0	0	0	0	0	0	0	CAATA
chr7	55249125	198	A	112	86	0	0	0	0	0	0	0	0	0	AATAT
chr7	55249126	197	T	113	84	0	0	0	0	0	0	0	0	0	ATATT
chr7	55249127	197	A	114	83	0	0	0	0	0	0	0	0	0	TATTG
chr7	55249128	189	T	114	74	0	0	0	0	0	0	0	0	0	ATTGG
chr7	55249129	189	T	114	74	0	0	0	0	0	0	0	0	0	TTGGC
chr7	55249130	187	G	112	75	0	0	0	0	0	0	0	0	0	TGGCT
chr7	55249131	186	G	111	75	0	0	0	0	0	0	0	0	0	GGCTC
chr7	55249132	188	C	112	76	0	0	0	0	0	0	0	0	0	GCTCC
chr7	55249133	189	T	114	75	0	0	0	0	0	0	0	0	0	CTCCC
chr7	55249134	181	C	108	73	0	0	0	0	0	0	0	0	0	TCCCA
chr7	55249135	179	C	107	72	0	0	0	0	0	0	0	0	0	CCCAG
chr7	55249136	180	C	108	72	0	0	0	0	0	0	0	0	0	CCAGT
chr7	55249137	182	A	109	72	0	0	0	0	0	0	1	0	0	CAGTA
chr7	55249138	183	G	108	75	0	0	0	0	0	0	0	0	0	AGTAC
chr7	55249139	184	T	108	76	0	0	0	0	0	0	0	0	0	GTACC
chr7	55249140	185	A	109	76	0	0	0	0	0	0	0	0	0	TACCT
chr7	55249141	182	C	107	75	0	0	0	0	0	0	0	0	0	ACCTG
chr7	55249142	183	C	107	76	0	0	0	0	0	0	0	0	0	CCTGC
chr7	55249143	187	T	108	79	0	0	0	0	0	0	0	0	0	CTGCT
chr7	55249144	191	G	110	81	0	0	0	0	0	0	0	0	0	TGCTC
chr7	55249145	192	C	108	84	0	0	0	0	0	0	0	0	0	GCTCA
chr7	55249146	191	T	104	87	0	0	0	0	0	0	0	0	0	CTCAA
chr7	55249147	192	C	101	91	0	0	0	0	0	0	0	0	0	TCAAC
chr7	55249148	196	A	100	95	0	0	0	0	0	1	0	0	0	CAACT
chr7	55249149	200	A	98	102	0	0	0	0	0	0	0	0	0	AACTG
chr7	55249150	199	C	97	102	0	0	0	0	0	0	0	0	0	ACTGG
chr7	55249151	196	T	95	101	0	0	0	0	0	0	0	0	0	CTGGT
chr7	55249152	192	G	89	103	0	0	0	0	0	0	0	0	0	TGGTG
chr7	55249153	192	G	87	105	0	0	0	0	0	0	0	0	0	GGTGT
chr7	55249154	194	T	86	108	0	0	0	0	0	0	0	0	0	GTGTG
chr7	55249155	199	G	87	112	0	0	0	0	0	0	0	0	0	TGTGT
chr7	55249156	199	T	85	114	0	0	0	0	0	0	0	0	0	GTGTG
chr7	55249157	198	G	83	115	0	0	0	0	0	0	0	0	0	TGTGC
chr7	55249158	195	T	82	112	0	1	0	0	0	0	0	0	0	GTGCA
chr7	55249159	196	G	81	115	0	0	0	0	0	0	0	0	0	TGCAG
chr7	55249160	192	C	83	109	0	0	0	0	0	0	0	0	0	GCAGA
chr7	55249161	191	A	83	108	0	0	0	0	0	0	0	0	0	CAGAT
chr7	55249162	194	G	87	107	0	0	0	0	0	0	0	0	0	AGATC
chr7	55249163	193	A	85	108	0	0	0	0	0	0	0	0	0	GATCG
chr7	55249164	198	T	88	110	0	0	0	0	0	0	0	0	0	ATCGC
chr7	55249165	199	C	89	110	0	0	0	0	0	0	0	0	0	TCGCA
chr7	55249166	198	G	91	107	0	0	0	0	0	0	0	0	0	CGCAA
chr7	55249167	201	C	92	109	0	0	0	0	0	0	0	0	0	GCAAA
chr7	55249168	203	A	96	106	0	0	0	0	0	0	0	1	0	CAAAG
chr7	55249169	213	A	104	109	0	0	0	0	0	0	0	0	0	AAAGG
chr7	55249170	212	A	103	109	0	0	0	0	0	0	0	0	0	AAGGT
chr7	55249171	201	G	100	101	0	0	0	0	0	0	0	0	0	AGGTA
chr7	55259514	249	C	136	113	0	0	0	0	0	0	0	0	0	GCTGG
chr7	55259515	247	T	45	38	0	0	0	0	0	0	89	75	0	CTGGC
chr7	55259516	247	G	132	113	0	0	0	1	1	0	0	0	0	TGGCC
chr7	55259523	243	C	127	115	0	0	0	0	0	1	0	0	0	ACTGC
chr7	55259524	236	T	125	110	0	0	0	0	0	0	0	1	0	CTGCT
chr7	55259525	237	G	123	113	0	0	0	1	0	0	0	0	0	TGCTG
chr7	140453135	304	C	121	182	0	0	0	0	0	1	0	0	0	TCACT
chr7	140453136	304	A	119	182	0	0	0	0	0	0	0	2	0	CACTG
chr7	140453137	301	C	123	177	0	0	0	0	0	1	0	0	0	ACTGT
chr12	329900	1	C	1	0	0	0	0	0	0	0	0	0	214	ACTCT
chr12	25380274	1025	C	576	449	0	0	0	0	0	0	0	0	0	TCTTG
chr12	25380275	1030	T	578	451	0	1	0	0	0	0	0	0	0	CTTGA
chr12	25380276	1033	T	569	452	0	0	12	0	0	0	0	0	0	TTGAC
chr12	25380277	1040	G	585	455	0	0	0	0	0	0	0	0	0	TGACC
chr12	25380278	1036	A	580	455	0	0	0	0	0	0	0	1	0	GACCT
chr12	25398283	953	A	415	534	0	0	1	1	1	0	0	1	0	CACCA
chr12	25398284	961	C	417	543	1	0	0	0	0	0	0	0	0	ACCAG
chr12	25398285	965	C	416	549	0	0	0	0	0	0	0	0	0	CCAGC
chr12	25398286	978	A	420	557	0	0	0	0	0	0	0	1	0	CAGCT
