CHR	POS	DEPTH	REF	R+	R-	A+	A-	C+	C-	T+	T-	G+	G-	PAD	MOTIF
chr7	1579575	6	A	3	3	0	0	0	0	0	0	0	0	1	CAGGT	nan	nan	nan	nan
chr7	55241706	1	G	1	0	0	0	0	0	0	0	0	0	0	TGGGC
chr7	55241707	1	G	1	0	0	0	0	0	0	0	0	0	0	GGGCT
chr7	55241709	1	C	1	0	0	0	0	0	0	0	0	0	0	GCTCC
chr7	55242415	2	G	1	1	0	0	0	0	0	0	0	0	0	GGGAC
chr7	55242416	2	G	1	1	0	0	0	0	0	0	0	0	0	GGACT
chr7	55242417	2	A	1	1	0	0	0	0	0	0	0	0	0	GACTC
chr7	55242418	2	C	1	1	0	0	0	0	0	0	0	0	0	ACTCT
chr7	55242419	2	T	1	1	0	0	0	0	0	0	0	0	0	CTCTG
chr7	55242420	2	C	1	1	0	0	0	0	0	0	0	0	0	TCTGG
chr7	55242421	1	T	0	1	0	0	0	0	0	0	0	0	0	CTGGA
chr7	55242422	2	G	1	1	0	0	0	0	0	0	0	0	0	TGGAT
chr7	55242423	2	G	1	1	0	0	0	0	0	0	0	0	0	GGATC
chr7	55242424	2	A	1	1	0	0	0	0	0	0	0	0	0	GATCC
chr7	55242425	2	T	1	1	0	0	0	0	0	0	0	0	0	ATCCC
chr7	55242426	2	C	1	1	0	0	0	0	0	0	0	0	0	TCCCA
chr7	55242427	2	C	1	1	0	0	0	0	0	0	0	0	0	CCCAG
chr7	55242428	2	C	1	1	0	0	0	0	0	0	0	0	0	CCAGA
chr7	55242429	2	A	1	1	0	0	0	0	0	0	0	0	0	CAGAA
chr7	55242430	2	G	1	1	0	0	0	0	0	0	0	0	0	AGAAG
chr7	55242431	2	A	1	1	0	0	0	0	0	0	0	0	0	GAAGG
chr7	55242432	2	A	1	1	0	0	0	0	0	0	0	0	0	AAGGT
chr7	55242433	1	G	0	1	0	0	0	0	0	0	0	0	0	AGGTG
chr7	55242434	2	G	1	1	0	0	0	0	0	0	0	0	0	GGTGA
chr7	55242435	2	T	1	1	0	0	0	0	0	0	0	0	0	GTGAG
chr7	55242436	2	G	1	1	0	0	0	0	0	0	0	0	0	TGAGA
chr7	55242437	2	A	1	1	0	0	0	0	0	0	0	0	0	GAGAA
chr7	55242438	2	G	1	1	0	0	0	0	0	0	0	0	0	AGAAA
chr7	55242439	2	A	1	1	0	0	0	0	0	0	0	0	0	GAAAG
chr7	55242440	2	A	1	1	0	0	0	0	0	0	0	0	0	AAAGT
chr7	55242441	2	A	1	1	0	0	0	0	0	0	0	0	0	AAGTT
chr7	55242442	2	G	1	1	0	0	0	0	0	0	0	0	0	AGTTA
chr7	55242443	2	T	1	1	0	0	0	0	0	0	0	0	0	GTTAA
chr7	55242444	2	T	1	1	0	0	0	0	0	0	0	0	0	TTAAA
chr7	55242445	2	A	1	1	0	0	0	0	0	0	0	0	0	TAAAA
chr7	55242446	2	A	1	1	0	0	0	0	0	0	0	0	0	AAAAT
chr7	55242447	2	A	1	1	0	0	0	0	0	0	0	0	0	AAATT
chr7	55242448	2	A	1	1	0	0	0	0	0	0	0	0	0	AATTC
chr7	55242449	2	T	1	1	0	0	0	0	0	0	0	0	0	ATTCC
chr7	55242450	2	T	1	1	0	0	0	0	0	0	0	0	0	TTCCC
chr7	55242451	2	C	1	1	0	0	0	0	0	0	0	0	0	TCCCG
chr7	55242452	2	C	1	1	0	0	0	0	0	0	0	0	0	CCCGT
chr7	55242453	2	C	1	1	0	0	0	0	0	0	0	0	0	CCGTC
chr7	55242454	2	G	1	1	0	0	0	0	0	0	0	0	0	CGTCG
chr7	55242455	2	T	1	1	0	0	0	0	0	0	0	0	0	GTCGC
chr7	55242456	2	C	1	1	0	0	0	0	0	0	0	0	0	TCGCT
chr7	55242457	2	G	1	1	0	0	0	0	0	0	0	0	0	CGCTA
chr7	55242458	2	C	1	1	0	0	0	0	0	0	0	0	0	GCTAT
chr7	55242459	1	T	0	1	0	0	0	0	0	0	0	0	0	CTATC
chr7	55242460	2	A	1	1	0	0	0	0	0	0	0	0	0	TATCA
chr7	55242461	2	T	1	1	0	0	0	0	0	0	0	0	0	ATCAA
chr7	55242462	2	C	1	1	0	0	0	0	0	0	0	0	0	TCAAG
chr7	55242463	2	A	1	1	0	0	0	0	0	0	0	0	0	CAAGG
chr7	55242464	2	A	1	1	0	0	0	0	0	0	0	0	0	AAGGA
chr7	55242465	2	G	1	1	0	0	0	0	0	0	0	0	0	AGGAA
chr7	55242466	2	G	1	1	0	0	0	0	0	0	0	0	0	GGAAT
chr7	55242467	2	A	1	1	0	0	0	0	0	0	0	0	0	GAATT
chr7	55242468	2	A	1	1	0	0	0	0	0	0	0	0	0	AATTA
chr7	55242469	1	T	0	1	0	0	0	0	0	0	0	0	0	ATTAA
chr7	55242470	1	T	0	1	0	0	0	0	0	0	0	0	0	TTAAG
chr7	55242471	1	A	0	1	0	0	0	0	0	0	0	0	0	TAAGA
chr7	55242472	1	A	0	1	0	0	0	0	0	0	0	0	0	AAGAG
chr7	55242473	1	G	1	0	0	0	0	0	0	0	0	0	0	AGAGA
chr7	55242474	1	A	1	0	0	0	0	0	0	0	0	0	0	GAGAA
chr7	55242475	1	G	1	0	0	0	0	0	0	0	0	0	0	AGAAG
chr7	55242476	1	A	1	0	0	0	0	0	0	0	0	0	0	GAAGC
chr7	55242477	1	A	1	0	0	0	0	0	0	0	0	0	0	AAGCA
chr7	55242478	1	G	1	0	0	0	0	0	0	0	0	0	0	AGCAA
chr7	55242479	1	C	1	0	0	0	0	0	0	0	0	0	0	GCAAC
chr7	55242480	1	A	1	0	0	0	0	0	0	0	0	0	0	CAACA
chr7	55242482	1	C	1	0	0	0	0	0	0	0	0	0	0	ACATC
chr7	55249067	1	A	0	1	0	0	0	0	0	0	0	0	0	CATCA
chr7	55249069	1	C	0	1	0	0	0	0	0	0	0	0	0	TCACG
chr7	55249071	1	C	0	1	0	0	0	0	0	0	0	0	0	ACGCA
chr7	55249072	1	G	0	1	0	0	0	0	0	0	0	0	0	CGCAG
chr7	55249073	1	C	0	1	0	0	0	0	0	0	0	0	0	GCAGC
chr7	55249074	1	A	0	1	0	0	0	0	0	0	0	0	0	CAGCT
chr7	55249075	1	G	0	1	0	0	0	0	0	0	0	0	0	AGCTC
chr7	55249076	1	C	0	1	0	0	0	0	0	0	0	0	0	GCTCA
chr7	55249077	1	T	0	1	0	0	0	0	0	0	0	0	0	CTCAT
chr7	55249079	1	A	0	1	0	0	0	0	0	0	0	0	0	CATGC
chr7	55249080	1	T	0	1	0	0	0	0	0	0	0	0	0	ATGCC
chr7	55249081	1	G	0	1	0	0	0	0	0	0	0	0	0	TGCCC
chr7	55249082	1	C	0	1	0	0	0	0	0	0	0	0	0	GCCCT
chr7	55249083	1	C	0	1	0	0	0	0	0	0	0	0	0	CCCTT
chr7	55249084	1	C	0	1	0	0	0	0	0	0	0	0	0	CCTTC
chr7	55249085	1	T	0	1	0	0	0	0	0	0	0	0	0	CTTCG
chr7	55249088	1	G	0	1	0	0	0	0	0	0	0	0	0	CGGCT
chr7	55249089	1	G	0	1	0	0	0	0	0	0	0	0	0	GGCTG
chr7	55249090	1	C	0	1	0	0	0	0	0	0	0	0	0	GCTGC
chr7	55249091	1	T	0	1	0	0	0	0	0	0	0	0	0	CTGCC
chr7	55249092	1	G	0	1	0	0	0	0	0	0	0	0	0	TGCCT
chr7	55249093	1	C	0	1	0	0	0	0	0	0	0	0	0	GCCTC
chr7	55249094	1	C	0	1	0	0	0	0	0	0	0	0	0	CCTCC
chr7	55249095	1	T	0	1	0	0	0	0	0	0	0	0	0	CTCCT
chr7	55249096	1	C	0	1	0	0	0	0	0	0	0	0	0	TCCTG
chr7	55249097	1	C	0	1	0	0	0	0	0	0	0	0	0	CCTGG
chr7	55249098	1	T	0	1	0	0	0	0	0	0	0	0	0	CTGGA
chr7	55249099	1	G	0	1	0	0	0	0	0	0	0	0	0	TGGAC
chr7	55249100	1	G	0	1	0	0	0	0	0	0	0	0	0	GGACT
chr7	55249101	1	A	0	1	0	0	0	0	0	0	0	0	0	GACTA
chr7	55249102	1	C	0	1	0	0	0	0	0	0	0	0	0	ACTAT
chr7	55249103	1	T	0	1	0	0	0	0	0	0	0	0	0	CTATG
chr7	55249105	1	T	0	1	0	0	0	0	0	0	0	0	0	ATGTC
chr7	55249106	1	G	0	1	0	0	0	0	0	0	0	0	0	TGTCC
chr7	55249107	1	T	0	1	0	0	0	0	0	0	0	0	0	GTCCG
chr7	55249108	1	C	0	1	0	0	0	0	0	0	0	0	0	TCCGG
chr7	55249110	1	G	0	1	0	0	0	0	0	0	0	0	0	CGGGA
chr7	55249111	2	G	0	2	0	0	0	0	0	0	0	0	0	GGGAA
chr7	55249112	2	G	0	2	0	0	0	0	0	0	0	0	0	GGAAC
chr7	55249113	2	A	0	2	0	0	0	0	0	0	0	0	0	GAACA
chr7	55249114	2	A	0	2	0	0	0	0	0	0	0	0	0	AACAC
chr7	55249115	2	C	0	2	0	0	0	0	0	0	0	0	0	ACACA
chr7	55249116	2	A	0	2	0	0	0	0	0	0	0	0	0	CACAA
chr7	55249117	2	C	0	2	0	0	0	0	0	0	0	0	0	ACAAA
chr7	55249118	1	A	0	1	0	0	0	0	0	0	0	0	0	CAAAG
chr7	55249119	2	A	0	2	0	0	0	0	0	0	0	0	0	AAAGA
chr7	55249120	2	A	0	2	0	0	0	0	0	0	0	0	0	AAGAC
chr7	55249121	3	G	0	3	0	0	0	0	0	0	0	0	0	AGACA
chr7	55249122	3	A	0	3	0	0	0	0	0	0	0	0	0	GACAA
chr7	55249123	3	C	0	3	0	0	0	0	0	0	0	0	0	ACAAT
chr7	55249124	3	A	0	3	0	0	0	0	0	0	0	0	0	CAATA
chr7	55249125	3	A	0	3	0	0	0	0	0	0	0	0	0	AATAT
chr7	55249126	2	T	0	2	0	0	0	0	0	0	0	0	0	ATATT
chr7	55249127	2	A	0	2	0	0	0	0	0	0	0	0	0	TATTG
chr7	55249128	3	T	0	3	0	0	0	0	0	0	0	0	0	ATTGG
chr7	55249129	2	T	0	2	0	0	0	0	0	0	0	0	0	TTGGC
chr7	55249130	2	G	0	2	0	0	0	0	0	0	0	0	0	TGGCT
chr7	55249131	3	G	0	3	0	0	0	0	0	0	0	0	0	GGCTC
chr7	55249132	3	C	0	3	0	0	0	0	0	0	0	0	0	GCTCC
chr7	55249133	3	T	0	3	0	0	0	0	0	0	0	0	0	CTCCC
chr7	55249134	3	C	0	3	0	0	0	0	0	0	0	0	0	TCCCA
chr7	55249135	3	C	0	3	0	0	0	0	0	0	0	0	0	CCCAG
chr7	55249136	3	C	0	3	0	0	0	0	0	0	0	0	0	CCAGT
chr7	55249137	3	A	0	3	0	0	0	0	0	0	0	0	0	CAGTA
chr7	55249138	2	G	0	2	0	0	0	0	0	0	0	0	0	AGTAC
chr7	55249139	3	T	0	3	0	0	0	0	0	0	0	0	0	GTACC
chr7	55249140	3	A	0	3	0	0	0	0	0	0	0	0	0	TACCT
chr7	55249141	3	C	0	3	0	0	0	0	0	0	0	0	0	ACCTG
chr7	55249142	3	C	0	3	0	0	0	0	0	0	0	0	0	CCTGC
chr7	55249143	3	T	0	3	0	0	0	0	0	0	0	0	0	CTGCT
chr7	55249144	3	G	0	3	0	0	0	0	0	0	0	0	0	TGCTC
chr7	55249145	3	C	0	3	0	0	0	0	0	0	0	0	0	GCTCA
chr7	55249146	3	T	0	3	0	0	0	0	0	0	0	0	0	CTCAA
chr7	55249147	3	C	0	3	0	0	0	0	0	0	0	0	0	TCAAC
chr7	55249148	3	A	0	3	0	0	0	0	0	0	0	0	0	CAACT
chr7	55249149	2	A	0	2	0	0	0	0	0	0	0	0	0	AACTG
chr7	55249150	3	C	0	3	0	0	0	0	0	0	0	0	0	ACTGG
chr7	55249151	3	T	0	3	0	0	0	0	0	0	0	0	0	CTGGT
chr7	55249152	3	G	0	3	0	0	0	0	0	0	0	0	0	TGGTG
chr7	55249153	2	G	0	2	0	0	0	0	0	0	0	0	0	GGTGT
chr7	55249154	3	T	0	3	0	0	0	0	0	0	0	0	0	GTGTG
chr7	55249155	3	G	0	3	0	0	0	0	0	0	0	0	0	TGTGT
chr7	55249156	3	T	0	3	0	0	0	0	0	0	0	0	0	GTGTG
chr7	55249157	3	G	0	3	0	0	0	0	0	0	0	0	0	TGTGC
chr7	55249158	3	T	0	3	0	0	0	0	0	0	0	0	0	GTGCA
chr7	55249159	3	G	0	3	0	0	0	0	0	0	0	0	0	TGCAG
chr7	55249160	3	C	0	3	0	0	0	0	0	0	0	0	0	GCAGA
chr7	55249161	3	A	0	3	0	0	0	0	0	0	0	0	0	CAGAT
chr7	55249162	3	G	0	3	0	0	0	0	0	0	0	0	0	AGATC
chr7	55249163	3	A	0	3	0	0	0	0	0	0	0	0	0	GATCG
chr7	55249164	3	T	0	3	0	0	0	0	0	0	0	0	0	ATCGC
chr7	55249165	3	C	0	3	0	0	0	0	0	0	0	0	0	TCGCA
chr7	55249166	3	G	0	3	0	0	0	0	0	0	0	0	0	CGCAA
chr7	55249167	3	C	0	3	0	0	0	0	0	0	0	0	0	GCAAA
chr7	55249168	3	A	0	3	0	0	0	0	0	0	0	0	0	CAAAG
chr7	55249169	3	A	0	3	0	0	0	0	0	0	0	0	0	AAAGG
chr7	55249170	3	A	0	3	0	0	0	0	0	0	0	0	0	AAGGT
chr7	55249171	3	G	0	3	0	0	0	0	0	0	0	0	0	AGGTA
chr7	140453135	520	C	167	352	0	0	0	0	1	0	0	0	0	TCACT
chr7	140453136	519	A	170	349	0	0	0	0	0	0	0	0	0	CACTG
chr7	140453137	500	C	169	324	0	0	0	0	0	7	0	0	0	ACTGT
chr12	347169	1	A	1	0	0	0	0	0	0	0	0	0	0	TACAG	nan	nan	nan	nan
chr12	25380274	1356	C	796	559	0	0	0	0	0	0	1	0	0	TCTTG
chr12	25380275	1345	T	788	557	0	0	0	0	0	0	0	0	0	CTTGA
chr12	25380276	1354	T	787	557	1	0	7	0	0	0	2	0	0	TTGAC
chr12	25380277	1363	G	805	558	0	0	0	0	0	0	0	0	0	TGACC
chr12	25380278	1357	A	804	551	0	0	0	0	0	0	0	2	0	GACCT
chr12	25398283	988	A	351	636	0	0	0	0	1	0	0	0	0	CACCA
chr12	25398284	998	C	350	646	2	0	0	0	0	0	0	0	0	ACCAG
chr12	25398285	996	C	350	646	0	0	0	0	0	0	0	0	0	CCAGC
chr12	25398286	997	A	348	649	0	0	0	0	0	0	0	0	0	CAGCT
