CHR	POS	DEPTH	REF	R+	R-	A+	A-	C+	C-	T+	T-	G+	G-	PAD	MOTIF
chr7	1026908	1	G	0	1	0	0	0	0	0	0	0	0	27	GGCTC
chr7	140453135	238	C	82	155	0	0	0	0	0	1	0	0	0	TCACT
chr7	140453136	237	A	81	156	0	0	0	0	0	0	0	0	0	CACTG
chr7	140453137	242	C	86	154	0	1	0	0	0	1	0	0	0	ACTGT
chr12	368593	2	G	2	0	0	0	0	0	0	0	0	0	331	AGCAG
chr12	25380274	430	C	298	132	0	0	0	0	0	0	0	0	0	TCTTG
chr12	25380275	434	T	302	132	0	0	0	0	0	0	0	0	0	CTTGA
chr12	25380276	437	T	307	129	0	0	1	0	0	0	0	0	0	TTGAC
chr12	25380277	440	G	306	134	0	0	0	0	0	0	0	0	0	TGACC
chr12	25380278	434	A	298	133	0	0	0	2	0	0	0	1	0	GACCT
chr12	25398283	430	A	129	301	0	0	0	0	0	0	0	0	0	CACCA
chr12	25398284	428	C	127	301	0	0	0	0	0	0	0	0	0	ACCAG
chr12	25398285	434	C	129	305	0	0	0	0	0	0	0	0	0	CCAGC
chr12	25398286	433	A	128	305	0	0	0	0	0	0	0	0	0	CAGCT
