CHR	POS	DEPTH	REF	R+	R-	A+	A-	C+	C-	T+	T-	G+	G-	PAD	MOTIF
chr7	1276388	1	g	0	1	0	0	0	0	0	0	0	0	0	CGGCG	nan	nan	nan	nan
chr7	140453135	424	C	154	270	0	0	0	0	0	0	0	0	0	TCACT
chr7	140453136	421	A	155	266	0	0	0	0	0	0	0	0	0	CACTG
chr7	140453137	411	C	155	253	0	0	0	0	0	3	0	0	0	ACTGT
chr12	336797	1	A	1	0	0	0	0	0	0	0	0	0	0	GAAGG	nan	nan	nan	nan
chr12	25380274	346	C	212	133	0	0	0	0	0	1	0	0	0	TCTTG
chr12	25380275	348	T	213	134	0	0	0	0	0	0	1	0	0	CTTGA
chr12	25380276	353	T	219	132	0	0	2	0	0	0	0	0	0	TTGAC
chr12	25380277	351	G	220	131	0	0	0	0	0	0	0	0	0	TGACC
chr12	25380278	354	A	222	132	0	0	0	0	0	0	0	0	0	GACCT
chr12	25398283	388	A	137	250	0	0	0	0	0	0	1	0	0	CACCA
chr12	25398284	390	C	138	252	0	0	0	0	0	0	0	0	0	ACCAG
chr12	25398285	387	C	139	248	0	0	0	0	0	0	0	0	0	CCAGC
chr12	25398286	388	A	141	247	0	0	0	0	0	0	0	0	0	CAGCT
