CHR	POS	DEPTH	REF	R+	R-	A+	A-	C+	C-	T+	T-	G+	G-	PAD	MOTIF
chr7	1272701	1	C	0	1	0	0	0	0	0	0	0	0	0	GCTCG
chr7	55259514	1	C	0	1	0	0	0	0	0	0	0	0	0	GCTGG
chr7	55259515	1	T	0	1	0	0	0	0	0	0	0	0	0	CTGGC
chr7	55259516	1	G	0	1	0	0	0	0	0	0	0	0	0	TGGCC
chr7	55259523	1	C	0	1	0	0	0	0	0	0	0	0	0	ACTGC
chr7	55259524	1	T	0	1	0	0	0	0	0	0	0	0	0	CTGCT
chr7	55259525	1	G	0	1	0	0	0	0	0	0	0	0	0	TGCTG
chr7	140453135	119	C	32	87	0	0	0	0	0	0	0	0	0	TCACT
chr7	140453136	119	A	33	86	0	0	0	0	0	0	0	0	0	CACTG
chr7	140453137	116	C	32	82	0	0	0	0	0	2	0	0	0	ACTGT
chr12	344343	1	C	0	1	0	0	0	0	0	0	0	0	0	ACAGG
chr12	25380274	633	C	331	302	0	0	0	0	0	0	0	0	0	TCTTG
chr12	25380275	636	T	333	303	0	0	0	0	0	0	0	0	0	CTTGA
chr12	25380276	639	T	328	304	0	0	7	0	0	0	0	0	0	TTGAC
chr12	25380277	643	G	338	305	0	0	0	0	0	0	0	0	0	TGACC
chr12	25380278	645	A	334	308	0	0	0	0	0	0	1	2	0	GACCT
chr12	25398283	380	A	131	246	0	0	1	1	0	1	0	0	0	CACCA
chr12	25398284	381	C	127	250	0	0	0	0	1	0	1	1	0	ACCAG
chr12	25398285	379	C	128	248	1	0	0	0	1	0	0	0	0	CCAGC
chr12	25398286	381	A	129	250	0	0	0	0	0	1	1	0	0	CAGCT
