CHR	POS	DEPTH	REF	R+	R-	A+	A-	C+	C-	T+	T-	G+	G-	PAD	MOTIF
chr7	1029021	1	G	1	0	0	0	0	0	0	0	0	0	0	GGCCC
chr7	55241706	2	G	1	1	0	0	0	0	0	0	0	0	0	TGGGC
chr7	55241707	2	G	1	1	0	0	0	0	0	0	0	0	0	GGGCT
chr7	55241708	2	G	1	1	0	0	0	0	0	0	0	0	0	GGCTC
chr7	55241709	2	C	1	1	0	0	0	0	0	0	0	0	0	GCTCC
chr7	55242415	2	G	1	1	0	0	0	0	0	0	0	0	0	GGGAC
chr7	55242416	2	G	1	1	0	0	0	0	0	0	0	0	0	GGACT
chr7	55242417	2	A	1	1	0	0	0	0	0	0	0	0	0	GACTC
chr7	55242418	2	C	1	1	0	0	0	0	0	0	0	0	0	ACTCT
chr7	55242419	2	T	1	1	0	0	0	0	0	0	0	0	0	CTCTG
chr7	55242420	2	C	1	1	0	0	0	0	0	0	0	0	0	TCTGG
chr7	55242421	2	T	1	1	0	0	0	0	0	0	0	0	0	CTGGA
chr7	55242422	2	G	1	1	0	0	0	0	0	0	0	0	0	TGGAT
chr7	55242423	2	G	1	1	0	0	0	0	0	0	0	0	0	GGATC
chr7	55242424	2	A	1	1	0	0	0	0	0	0	0	0	0	GATCC
chr7	55242425	2	T	1	1	0	0	0	0	0	0	0	0	0	ATCCC
chr7	55242426	2	C	1	1	0	0	0	0	0	0	0	0	0	TCCCA
chr7	55242427	2	C	1	1	0	0	0	0	0	0	0	0	0	CCCAG
chr7	55242428	2	C	1	1	0	0	0	0	0	0	0	0	0	CCAGA
chr7	55242429	2	A	1	1	0	0	0	0	0	0	0	0	0	CAGAA
chr7	55242430	2	G	1	1	0	0	0	0	0	0	0	0	0	AGAAG
chr7	55242431	2	A	1	1	0	0	0	0	0	0	0	0	0	GAAGG
chr7	55242432	2	A	1	1	0	0	0	0	0	0	0	0	0	AAGGT
chr7	55242433	2	G	1	1	0	0	0	0	0	0	0	0	0	AGGTG
chr7	55242434	2	G	1	1	0	0	0	0	0	0	0	0	0	GGTGA
chr7	55242435	2	T	1	1	0	0	0	0	0	0	0	0	0	GTGAG
chr7	55242436	2	G	1	1	0	0	0	0	0	0	0	0	0	TGAGA
chr7	55242437	2	A	1	1	0	0	0	0	0	0	0	0	0	GAGAA
chr7	55242438	2	G	1	1	0	0	0	0	0	0	0	0	0	AGAAA
chr7	55242439	2	A	1	1	0	0	0	0	0	0	0	0	0	GAAAG
chr7	55242440	2	A	1	1	0	0	0	0	0	0	0	0	0	AAAGT
chr7	55242441	2	A	1	1	0	0	0	0	0	0	0	0	0	AAGTT
chr7	55242442	2	G	1	1	0	0	0	0	0	0	0	0	0	AGTTA
chr7	55242443	2	T	1	1	0	0	0	0	0	0	0	0	0	GTTAA
chr7	55242444	2	T	1	1	0	0	0	0	0	0	0	0	0	TTAAA
chr7	55242445	2	A	1	1	0	0	0	0	0	0	0	0	0	TAAAA
chr7	55242446	3	A	1	2	0	0	0	0	0	0	0	0	0	AAAAT
chr7	55242447	2	A	1	1	0	0	0	0	0	0	0	0	0	AAATT
chr7	55242448	2	A	1	1	0	0	0	0	0	0	0	0	0	AATTC
chr7	55242449	2	T	1	1	0	0	0	0	0	0	0	0	0	ATTCC
chr7	55242450	2	T	1	1	0	0	0	0	0	0	0	0	0	TTCCC
chr7	55242451	2	C	1	1	0	0	0	0	0	0	0	0	0	TCCCG
chr7	55242452	2	C	1	1	0	0	0	0	0	0	0	0	0	CCCGT
chr7	55242453	2	C	1	1	0	0	0	0	0	0	0	0	0	CCGTC
chr7	55242454	2	G	1	1	0	0	0	0	0	0	0	0	0	CGTCG
chr7	55242455	2	T	1	1	0	0	0	0	0	0	0	0	0	GTCGC
chr7	55242456	2	C	1	1	0	0	0	0	0	0	0	0	0	TCGCT
chr7	55242457	1	G	0	1	0	0	0	0	0	0	0	0	0	CGCTA
chr7	55242458	1	C	0	1	0	0	0	0	0	0	0	0	0	GCTAT
chr7	55242459	1	T	0	1	0	0	0	0	0	0	0	0	0	CTATC
chr7	55242460	1	A	0	1	0	0	0	0	0	0	0	0	0	TATCA
chr7	55242461	1	T	0	1	0	0	0	0	0	0	0	0	0	ATCAA
chr7	55242462	1	C	0	1	0	0	0	0	0	0	0	0	0	TCAAG
chr7	55242463	2	A	1	1	0	0	0	0	0	0	0	0	0	CAAGG
chr7	55242464	1	A	1	0	0	0	0	0	0	0	0	0	0	AAGGA
chr7	55242465	1	G	1	0	0	0	0	0	0	0	0	0	0	AGGAA
chr7	55242466	1	G	1	0	0	0	0	0	0	0	0	0	0	GGAAT
chr7	55242467	1	A	1	0	0	0	0	0	0	0	0	0	0	GAATT
chr7	55242468	1	A	1	0	0	0	0	0	0	0	0	0	0	AATTA
chr7	55242469	1	T	1	0	0	0	0	0	0	0	0	0	0	ATTAA
chr7	55242470	1	T	1	0	0	0	0	0	0	0	0	0	0	TTAAG
chr7	55242471	1	A	1	0	0	0	0	0	0	0	0	0	0	TAAGA
chr7	55242472	1	A	1	0	0	0	0	0	0	0	0	0	0	AAGAG
chr7	55242473	1	G	1	0	0	0	0	0	0	0	0	0	0	AGAGA
chr7	55249169	1	A	1	0	0	0	0	0	0	0	0	0	0	AAAGG
chr7	55249170	1	A	1	0	0	0	0	0	0	0	0	0	0	AAGGT
chr7	55249171	1	G	1	0	0	0	0	0	0	0	0	0	0	AGGTA
chr7	55259514	2	C	2	0	0	0	0	0	0	0	0	0	0	GCTGG
chr7	55259515	2	T	2	0	0	0	0	0	0	0	0	0	0	CTGGC
chr7	55259516	2	G	2	0	0	0	0	0	0	0	0	0	0	TGGCC
chr7	55259523	2	C	2	0	0	0	0	0	0	0	0	0	0	ACTGC
chr7	55259524	2	T	2	0	0	0	0	0	0	0	0	0	0	CTGCT
chr7	55259525	2	G	2	0	0	0	0	0	0	0	0	0	0	TGCTG
chr7	140453135	96	C	25	71	0	0	0	0	0	0	0	0	0	TCACT
chr7	140453136	98	A	26	72	0	0	0	0	0	0	0	0	0	CACTG
chr7	140453137	92	C	28	62	0	0	0	0	0	2	0	0	0	ACTGT
chr12	335325	1	g	1	0	0	0	0	0	0	0	0	0	233	AGGGT
chr12	25380274	391	C	206	184	0	0	0	0	0	1	0	0	0	TCTTG
chr12	25380275	391	T	206	185	0	0	0	0	0	0	0	0	0	CTTGA
chr12	25380276	391	T	204	184	0	0	3	0	0	0	0	0	0	TTGAC
chr12	25380277	387	G	204	183	0	0	0	0	0	0	0	0	0	TGACC
chr12	25380278	387	A	202	185	0	0	0	0	0	0	0	0	0	GACCT
chr12	25398283	217	A	93	123	0	0	0	0	0	0	0	1	0	CACCA
chr12	25398284	221	C	93	128	0	0	0	0	0	0	0	0	0	ACCAG
chr12	25398285	221	C	92	129	0	0	0	0	0	0	0	0	0	CCAGC
chr12	25398286	223	A	91	132	0	0	0	0	0	0	0	0	0	CAGCT
