CHR	POS	DEPTH	REF	R+	R-	A+	A-	C+	C-	T+	T-	G+	G-	PAD	MOTIF
chr7	1024736	1	G	0	1	0	0	0	0	0	0	0	0	1	GGTGA
chr7	55241706	1	G	0	1	0	0	0	0	0	0	0	0	0	TGGGC
chr7	55241707	1	G	0	1	0	0	0	0	0	0	0	0	0	GGGCT
chr7	55241708	1	G	0	1	0	0	0	0	0	0	0	0	0	GGCTC
chr7	55241709	1	C	0	1	0	0	0	0	0	0	0	0	0	GCTCC
chr7	55242452	1	C	1	0	0	0	0	0	0	0	0	0	0	CCCGT
chr7	55242453	2	C	2	0	0	0	0	0	0	0	0	0	0	CCGTC
chr7	55242454	2	G	2	0	0	0	0	0	0	0	0	0	0	CGTCG
chr7	55242455	2	T	2	0	0	0	0	0	0	0	0	0	0	GTCGC
chr7	55242456	2	C	2	0	0	0	0	0	0	0	0	0	0	TCGCT
chr7	55242457	2	G	2	0	0	0	0	0	0	0	0	0	0	CGCTA
chr7	55242458	2	C	2	0	0	0	0	0	0	0	0	0	0	GCTAT
chr7	55242459	2	T	2	0	0	0	0	0	0	0	0	0	0	CTATC
chr7	55242460	2	A	2	0	0	0	0	0	0	0	0	0	0	TATCA
chr7	55242461	3	T	3	0	0	0	0	0	0	0	0	0	0	ATCAA
chr7	55242462	3	C	3	0	0	0	0	0	0	0	0	0	0	TCAAG
chr7	55242463	3	A	3	0	0	0	0	0	0	0	0	0	0	CAAGG
chr7	55242464	3	A	3	0	0	0	0	0	0	0	0	0	0	AAGGA
chr7	55242465	3	G	3	0	0	0	0	0	0	0	0	0	0	AGGAA
chr7	55242466	3	G	3	0	0	0	0	0	0	0	0	0	0	GGAAT
chr7	55242467	3	A	3	0	0	0	0	0	0	0	0	0	0	GAATT
chr7	55242468	3	A	3	0	0	0	0	0	0	0	0	0	0	AATTA
chr7	55242469	3	T	3	0	0	0	0	0	0	0	0	0	0	ATTAA
chr7	55242470	3	T	3	0	0	0	0	0	0	0	0	0	0	TTAAG
chr7	55242471	3	A	3	0	0	0	0	0	0	0	0	0	0	TAAGA
chr7	55242472	3	A	3	0	0	0	0	0	0	0	0	0	0	AAGAG
chr7	55242473	3	G	3	0	0	0	0	0	0	0	0	0	0	AGAGA
chr7	55242474	3	A	3	0	0	0	0	0	0	0	0	0	0	GAGAA
chr7	55242475	3	G	3	0	0	0	0	0	0	0	0	0	0	AGAAG
chr7	55242476	3	A	3	0	0	0	0	0	0	0	0	0	0	GAAGC
chr7	55242477	3	A	3	0	0	0	0	0	0	0	0	0	0	AAGCA
chr7	55242478	3	G	3	0	0	0	0	0	0	0	0	0	0	AGCAA
chr7	55242479	3	C	3	0	0	0	0	0	0	0	0	0	0	GCAAC
chr7	55242480	3	A	3	0	0	0	0	0	0	0	0	0	0	CAACA
chr7	55242481	3	A	3	0	0	0	0	0	0	0	0	0	0	AACAT
chr7	55242482	3	C	3	0	0	0	0	0	0	0	0	0	0	ACATC
chr7	55242483	3	A	3	0	0	0	0	0	0	0	0	0	0	CATCT
chr7	55242484	3	T	3	0	0	0	0	0	0	0	0	0	0	ATCTC
chr7	55242485	3	C	3	0	0	0	0	0	0	0	0	0	0	TCTCC
chr7	55242486	3	T	3	0	0	0	0	0	0	0	0	0	0	CTCCG
chr7	55242487	3	C	3	0	0	0	0	0	0	0	0	0	0	TCCGA
chr7	55242488	3	C	3	0	0	0	0	0	0	0	0	0	0	CCGAA
chr7	55242489	3	G	3	0	0	0	0	0	0	0	0	0	0	CGAAA
chr7	55242490	3	A	3	0	0	0	0	0	0	0	0	0	0	GAAAG
chr7	55242491	3	A	3	0	0	0	0	0	0	0	0	0	0	AAAGC
chr7	55242492	3	A	3	0	0	0	0	0	0	0	0	0	0	AAGCC
chr7	55242493	3	G	3	0	0	0	0	0	0	0	0	0	0	AGCCA
chr7	55242494	3	C	3	0	0	0	0	0	0	0	0	0	0	GCCAA
chr7	55242495	3	C	3	0	0	0	0	0	0	0	0	0	0	CCAAC
chr7	55242496	3	A	3	0	0	0	0	0	0	0	0	0	0	CAACA
chr7	55242497	3	A	3	0	0	0	0	0	0	0	0	0	0	AACAA
chr7	55242498	3	C	3	0	0	0	0	0	0	0	0	0	0	ACAAG
chr7	55242499	3	A	3	0	0	0	0	0	0	0	0	0	0	CAAGG
chr7	55242500	3	A	3	0	0	0	0	0	0	0	0	0	0	AAGGA
chr7	55242501	3	G	3	0	0	0	0	0	0	0	0	0	0	AGGAA
chr7	55242502	3	G	3	0	0	0	0	0	0	0	0	0	0	GGAAA
chr7	55242503	3	A	3	0	0	0	0	0	0	0	0	0	0	GAAAT
chr7	55242504	3	A	3	0	0	0	0	0	0	0	0	0	0	AAATC
chr7	55242505	3	A	3	0	0	0	0	0	0	0	0	0	0	AATCC
chr7	55242506	3	T	3	0	0	0	0	0	0	0	0	0	0	ATCCT
chr7	55242507	3	C	3	0	0	0	0	0	0	0	0	0	0	TCCTC
chr7	55242508	3	C	3	0	0	0	0	0	0	0	0	0	0	CCTCG
chr7	55242509	3	T	3	0	0	0	0	0	0	0	0	0	0	CTCGA
chr7	55242510	3	C	3	0	0	0	0	0	0	0	0	0	0	TCGAT
chr7	55242511	3	G	3	0	0	0	0	0	0	0	0	0	0	CGATG
chr7	55242512	3	A	3	0	0	0	0	0	0	0	0	0	0	GATGT
chr7	55242513	3	T	3	0	0	0	0	0	0	0	0	0	0	ATGTG
chr7	55248986	3	G	3	0	0	0	0	0	0	0	0	0	0	GGAAG
chr7	55248987	3	A	3	0	0	0	0	0	0	0	0	0	0	GAAGC
chr7	55248988	3	A	3	0	0	0	0	0	0	0	0	0	0	AAGCC
chr7	55248989	3	G	3	0	0	0	0	0	0	0	0	0	0	AGCCT
chr7	55248990	3	C	3	0	0	0	0	0	0	0	0	0	0	GCCTA
chr7	55248991	3	C	3	0	0	0	0	0	0	0	0	0	0	CCTAC
chr7	55248992	3	T	3	0	0	0	0	0	0	0	0	0	0	CTACG
chr7	55248993	3	A	3	0	0	0	0	0	0	0	0	0	0	TACGT
chr7	55248994	3	C	3	0	0	0	0	0	0	0	0	0	0	ACGTG
chr7	55248995	3	G	3	0	0	0	0	0	0	0	0	0	0	CGTGA
chr7	55248996	3	T	3	0	0	0	0	0	0	0	0	0	0	GTGAT
chr7	55248997	3	G	3	0	0	0	0	0	0	0	0	0	0	TGATG
chr7	55248998	3	A	3	0	0	0	0	0	0	0	0	0	0	GATGG
chr7	55248999	3	T	3	0	0	0	0	0	0	0	0	0	0	ATGGC
chr7	55249000	3	G	3	0	0	0	0	0	0	0	0	0	0	TGGCC
chr7	55249001	3	G	3	0	0	0	0	0	0	0	0	0	0	GGCCA
chr7	55249002	3	C	3	0	0	0	0	0	0	0	0	0	0	GCCAG
chr7	55249003	3	C	3	0	0	0	0	0	0	0	0	0	0	CCAGC
chr7	55249004	3	A	3	0	0	0	0	0	0	0	0	0	0	CAGCG
chr7	55249005	3	G	3	0	0	0	0	0	0	0	0	0	0	AGCGT
chr7	55249006	3	C	3	0	0	0	0	0	0	0	0	0	0	GCGTG
chr7	55249007	3	G	3	0	0	0	0	0	0	0	0	0	0	CGTGG
chr7	55249008	3	T	3	0	0	0	0	0	0	0	0	0	0	GTGGA
chr7	55249009	3	G	3	0	0	0	0	0	0	0	0	0	0	TGGAC
chr7	55249010	3	G	3	0	0	0	0	0	0	0	0	0	0	GGACA
chr7	55249011	3	A	3	0	0	0	0	0	0	0	0	0	0	GACAA
chr7	55249012	3	C	3	0	0	0	0	0	0	0	0	0	0	ACAAC
chr7	55249013	3	A	3	0	0	0	0	0	0	0	0	0	0	CAACC
chr7	55249014	3	A	3	0	0	0	0	0	0	0	0	0	0	AACCC
chr7	55249015	3	C	3	0	0	0	0	0	0	0	0	0	0	ACCCC
chr7	55249016	3	C	3	0	0	0	0	0	0	0	0	0	0	CCCCC
chr7	55249017	3	C	3	0	0	0	0	0	0	0	0	0	0	CCCCA
chr7	55249018	3	C	3	0	0	0	0	0	0	0	0	0	0	CCCAC
chr7	55249019	3	C	3	0	0	0	0	0	0	0	0	0	0	CCACG
chr7	55249020	3	A	3	0	0	0	0	0	0	0	0	0	0	CACGT
chr7	55249021	3	C	3	0	0	0	0	0	0	0	0	0	0	ACGTG
chr7	55249022	3	G	3	0	0	0	0	0	0	0	0	0	0	CGTGT
chr7	55249023	3	T	3	0	0	0	0	0	0	0	0	0	0	GTGTG
chr7	55249024	3	G	3	0	0	0	0	0	0	0	0	0	0	TGTGC
chr7	55249025	3	T	3	0	0	0	0	0	0	0	0	0	0	GTGCC
chr7	55249026	3	G	3	0	0	0	0	0	0	0	0	0	0	TGCCG
chr7	55249027	3	C	3	0	0	0	0	0	0	0	0	0	0	GCCGC
chr7	55249028	3	C	3	0	0	0	0	0	0	0	0	0	0	CCGCC
chr7	55249029	3	G	3	0	0	0	0	0	0	0	0	0	0	CGCCT
chr7	55249030	3	C	3	0	0	0	0	0	0	0	0	0	0	GCCTG
chr7	55249031	3	C	3	0	0	0	0	0	0	0	0	0	0	CCTGC
chr7	55249032	3	T	3	0	0	0	0	0	0	0	0	0	0	CTGCT
chr7	55249033	3	G	3	0	0	0	0	0	0	0	0	0	0	TGCTG
chr7	55249034	3	C	3	0	0	0	0	0	0	0	0	0	0	GCTGG
chr7	55249035	3	T	3	0	0	0	0	0	0	0	0	0	0	CTGGG
chr7	55249036	3	G	3	0	0	0	0	0	0	0	0	0	0	TGGGC
chr7	55249037	3	G	3	0	0	0	0	0	0	0	0	0	0	GGGCA
chr7	55249038	3	G	3	0	0	0	0	0	0	0	0	0	0	GGCAT
chr7	55249039	3	C	3	0	0	0	0	0	0	0	0	0	0	GCATC
chr7	55249040	3	A	3	0	0	0	0	0	0	0	0	0	0	CATCT
chr7	55249041	3	T	3	0	0	0	0	0	0	0	0	0	0	ATCTG
chr7	55249042	3	C	2	1	0	0	0	0	0	0	0	0	0	TCTGC
chr7	55249043	3	T	2	1	0	0	0	0	0	0	0	0	0	CTGCC
chr7	55249044	2	G	1	1	0	0	0	0	0	0	0	0	0	TGCCT
chr7	55249045	2	C	1	1	0	0	0	0	0	0	0	0	0	GCCTC
chr7	55249046	2	C	1	1	0	0	0	0	0	0	0	0	0	CCTCA
chr7	55249047	2	T	1	1	0	0	0	0	0	0	0	0	0	CTCAC
chr7	55249048	2	C	1	1	0	0	0	0	0	0	0	0	0	TCACC
chr7	55249049	2	A	1	1	0	0	0	0	0	0	0	0	0	CACCT
chr7	55249050	2	C	1	1	0	0	0	0	0	0	0	0	0	ACCTC
chr7	55249051	3	C	1	2	0	0	0	0	0	0	0	0	0	CCTCC
chr7	55249052	2	T	1	1	0	0	0	0	0	0	0	0	0	CTCCA
chr7	55249053	1	C	0	1	0	0	0	0	0	0	0	0	0	TCCAC
chr7	55249054	1	C	0	1	0	0	0	0	0	0	0	0	0	CCACC
chr7	55249055	1	A	0	1	0	0	0	0	0	0	0	0	0	CACCG
chr7	55249056	1	C	0	1	0	0	0	0	0	0	0	0	0	ACCGT
chr7	55249057	1	C	0	1	0	0	0	0	0	0	0	0	0	CCGTG
chr7	55249058	1	G	0	1	0	0	0	0	0	0	0	0	0	CGTGC
chr7	55249059	1	T	0	1	0	0	0	0	0	0	0	0	0	GTGCA
chr7	55249060	1	G	0	1	0	0	0	0	0	0	0	0	0	TGCAG
chr7	55249061	1	C	0	1	0	0	0	0	0	0	0	0	0	GCAGC
chr7	55249062	1	A	0	1	0	0	0	0	0	0	0	0	0	CAGCT
chr7	55249063	1	G	0	1	0	0	0	0	0	0	0	0	0	AGCTC
chr7	55249064	1	C	0	1	0	0	0	0	0	0	0	0	0	GCTCA
chr7	55249065	1	T	0	1	0	0	0	0	0	0	0	0	0	CTCAT
chr7	55249066	1	C	0	1	0	0	0	0	0	0	0	0	0	TCATC
chr7	55249067	1	A	0	1	0	0	0	0	0	0	0	0	0	CATCA
chr7	55249068	1	T	0	1	0	0	0	0	0	0	0	0	0	ATCAC
chr7	55249069	1	C	0	1	0	0	0	0	0	0	0	0	0	TCACG
chr7	55249070	1	A	0	1	0	0	0	0	0	0	0	0	0	CACGC
chr7	55249071	1	C	0	1	0	0	0	0	0	0	0	0	0	ACGCA
chr7	55249072	1	G	0	1	0	0	0	0	0	0	0	0	0	CGCAG
chr7	55249073	1	C	0	1	0	0	0	0	0	0	0	0	0	GCAGC
chr7	55249074	1	A	0	1	0	0	0	0	0	0	0	0	0	CAGCT
chr7	55249075	1	G	0	1	0	0	0	0	0	0	0	0	0	AGCTC
chr7	55249076	1	C	0	1	0	0	0	0	0	0	0	0	0	GCTCA
chr7	55249077	1	T	0	1	0	0	0	0	0	0	0	0	0	CTCAT
chr7	55249078	1	C	0	1	0	0	0	0	0	0	0	0	0	TCATG
chr7	55249079	1	A	0	1	0	0	0	0	0	0	0	0	0	CATGC
chr7	55249080	1	T	0	1	0	0	0	0	0	0	0	0	0	ATGCC
chr7	55249081	1	G	0	1	0	0	0	0	0	0	0	0	0	TGCCC
chr7	55249082	1	C	0	1	0	0	0	0	0	0	0	0	0	GCCCT
chr7	55249083	1	C	0	1	0	0	0	0	0	0	0	0	0	CCCTT
chr7	55249084	1	C	0	1	0	0	0	0	0	0	0	0	0	CCTTC
chr7	55249085	1	T	0	1	0	0	0	0	0	0	0	0	0	CTTCG
chr7	55249086	1	T	0	1	0	0	0	0	0	0	0	0	0	TTCGG
chr7	55249087	1	C	0	1	0	0	0	0	0	0	0	0	0	TCGGC
chr7	55249088	1	G	0	1	0	0	0	0	0	0	0	0	0	CGGCT
chr7	55249089	1	G	0	1	0	0	0	0	0	0	0	0	0	GGCTG
chr7	55249090	1	C	0	1	0	0	0	0	0	0	0	0	0	GCTGC
chr7	55249091	1	T	0	1	0	0	0	0	0	0	0	0	0	CTGCC
chr7	55249092	1	G	0	1	0	0	0	0	0	0	0	0	0	TGCCT
chr7	55249093	1	C	0	1	0	0	0	0	0	0	0	0	0	GCCTC
chr7	55249094	1	C	0	1	0	0	0	0	0	0	0	0	0	CCTCC
chr7	55249095	1	T	0	1	0	0	0	0	0	0	0	0	0	CTCCT
chr7	55249096	1	C	0	1	0	0	0	0	0	0	0	0	0	TCCTG
chr7	55249097	1	C	0	1	0	0	0	0	0	0	0	0	0	CCTGG
chr7	55249098	1	T	0	1	0	0	0	0	0	0	0	0	0	CTGGA
chr7	55249099	1	G	0	1	0	0	0	0	0	0	0	0	0	TGGAC
chr7	55249100	1	G	0	1	0	0	0	0	0	0	0	0	0	GGACT
chr7	55249101	1	A	0	1	0	0	0	0	0	0	0	0	0	GACTA
chr7	55249102	1	C	0	1	0	0	0	0	0	0	0	0	0	ACTAT
chr7	55249103	1	T	0	1	0	0	0	0	0	0	0	0	0	CTATG
chr7	55249104	1	A	0	1	0	0	0	0	0	0	0	0	0	TATGT
chr7	55249105	1	T	0	1	0	0	0	0	0	0	0	0	0	ATGTC
chr7	55249106	1	G	0	1	0	0	0	0	0	0	0	0	0	TGTCC
chr7	55249107	1	T	0	1	0	0	0	0	0	0	0	0	0	GTCCG
chr7	55249108	1	C	0	1	0	0	0	0	0	0	0	0	0	TCCGG
chr7	55249109	1	C	0	1	0	0	0	0	0	0	0	0	0	CCGGG
chr7	55249110	1	G	0	1	0	0	0	0	0	0	0	0	0	CGGGA
chr7	55249111	1	G	0	1	0	0	0	0	0	0	0	0	0	GGGAA
chr7	55249112	1	G	0	1	0	0	0	0	0	0	0	0	0	GGAAC
chr7	55249113	1	A	0	1	0	0	0	0	0	0	0	0	0	GAACA
chr7	55249114	1	A	0	1	0	0	0	0	0	0	0	0	0	AACAC
chr7	55249115	1	C	0	1	0	0	0	0	0	0	0	0	0	ACACA
chr7	55249116	1	A	0	1	0	0	0	0	0	0	0	0	0	CACAA
chr7	55249117	1	C	0	1	0	0	0	0	0	0	0	0	0	ACAAA
chr7	55249118	1	A	0	1	0	0	0	0	0	0	0	0	0	CAAAG
chr7	55249119	1	A	0	1	0	0	0	0	0	0	0	0	0	AAAGA
chr7	55249120	1	A	0	1	0	0	0	0	0	0	0	0	0	AAGAC
chr7	55249121	1	G	0	1	0	0	0	0	0	0	0	0	0	AGACA
chr7	55249122	1	A	0	1	0	0	0	0	0	0	0	0	0	GACAA
chr7	55249160	1	C	1	0	0	0	0	0	0	0	0	0	0	GCAGA
chr7	55249161	1	A	1	0	0	0	0	0	0	0	0	0	0	CAGAT
chr7	55249162	1	G	1	0	0	0	0	0	0	0	0	0	0	AGATC
chr7	55249163	1	A	1	0	0	0	0	0	0	0	0	0	0	GATCG
chr7	55249164	1	T	1	0	0	0	0	0	0	0	0	0	0	ATCGC
chr7	55249165	1	C	1	0	0	0	0	0	0	0	0	0	0	TCGCA
chr7	55249166	1	G	1	0	0	0	0	0	0	0	0	0	0	CGCAA
chr7	55249167	1	C	1	0	0	0	0	0	0	0	0	0	0	GCAAA
chr7	55249168	1	A	1	0	0	0	0	0	0	0	0	0	0	CAAAG
chr7	55249169	1	A	1	0	0	0	0	0	0	0	0	0	0	AAAGG
chr7	55249170	1	A	1	0	0	0	0	0	0	0	0	0	0	AAGGT
chr7	55249171	1	G	1	0	0	0	0	0	0	0	0	0	0	AGGTA
chr7	55259514	3	C	1	2	0	0	0	0	0	0	0	0	0	GCTGG
chr7	55259515	3	T	1	2	0	0	0	0	0	0	0	0	0	CTGGC
chr7	55259516	3	G	1	2	0	0	0	0	0	0	0	0	0	TGGCC
chr7	55259523	2	C	0	2	0	0	0	0	0	0	0	0	0	ACTGC
chr7	55259524	2	T	0	2	0	0	0	0	0	0	0	0	0	CTGCT
chr7	55259525	2	G	0	2	0	0	0	0	0	0	0	0	0	TGCTG
chr7	140453135	366	C	123	242	0	0	0	0	0	1	0	0	0	TCACT
chr7	140453136	368	A	123	245	0	0	0	0	0	0	0	0	0	CACTG
chr7	140453137	352	C	125	223	0	1	0	0	0	3	0	0	0	ACTGT
chr12	330543	1	T	0	1	0	0	0	0	0	0	0	0	0	CTCTC
chr12	25380274	552	C	303	249	0	0	0	0	0	0	0	0	0	TCTTG
chr12	25380275	554	T	305	249	0	0	0	0	0	0	0	0	0	CTTGA
chr12	25380276	558	T	305	251	0	0	2	0	0	0	0	0	0	TTGAC
chr12	25380277	554	G	306	248	0	0	0	0	0	0	0	0	0	TGACC
chr12	25380278	555	A	304	245	0	0	0	0	0	0	0	6	0	GACCT
chr12	25398283	469	A	152	314	0	0	0	0	1	0	0	2	0	CACCA
chr12	25398284	471	C	151	318	2	0	0	0	0	0	0	0	0	ACCAG
chr12	25398285	470	C	153	317	0	0	0	0	0	0	0	0	0	CCAGC
chr12	25398286	471	A	155	316	0	0	0	0	0	0	0	0	0	CAGCT
