CHR	POS	DEPTH	REF	R+	R-	A+	A-	C+	C-	T+	T-	G+	G-	PAD	MOTIF
chr7	1026831	1	C	0	1	0	0	0	0	0	0	0	0	0	GCCAC	nan	nan	nan	nan
chr7	55241706	3	G	1	2	0	0	0	0	0	0	0	0	0	TGGGC
chr7	55241707	3	G	1	2	0	0	0	0	0	0	0	0	0	GGGCT
chr7	55241708	3	G	1	2	0	0	0	0	0	0	0	0	0	GGCTC
chr7	55241709	3	C	1	2	0	0	0	0	0	0	0	0	0	GCTCC
chr7	55242415	2	G	1	1	0	0	0	0	0	0	0	0	0	GGGAC
chr7	55242416	2	G	1	1	0	0	0	0	0	0	0	0	0	GGACT
chr7	55242417	2	A	1	1	0	0	0	0	0	0	0	0	0	GACTC
chr7	55242418	2	C	1	1	0	0	0	0	0	0	0	0	0	ACTCT
chr7	55242419	2	T	1	1	0	0	0	0	0	0	0	0	0	CTCTG
chr7	55242420	2	C	1	1	0	0	0	0	0	0	0	0	0	TCTGG
chr7	55242421	2	T	1	1	0	0	0	0	0	0	0	0	0	CTGGA
chr7	55242422	2	G	1	1	0	0	0	0	0	0	0	0	0	TGGAT
chr7	55242423	2	G	1	1	0	0	0	0	0	0	0	0	0	GGATC
chr7	55242424	2	A	1	1	0	0	0	0	0	0	0	0	0	GATCC
chr7	55242425	2	T	1	1	0	0	0	0	0	0	0	0	0	ATCCC
chr7	55242426	2	C	1	1	0	0	0	0	0	0	0	0	0	TCCCA
chr7	55242427	2	C	1	1	0	0	0	0	0	0	0	0	0	CCCAG
chr7	55242428	2	C	1	1	0	0	0	0	0	0	0	0	0	CCAGA
chr7	55242429	2	A	1	1	0	0	0	0	0	0	0	0	0	CAGAA
chr7	55242430	2	G	1	1	0	0	0	0	0	0	0	0	0	AGAAG
chr7	55242431	2	A	1	1	0	0	0	0	0	0	0	0	0	GAAGG
chr7	55242432	2	A	1	1	0	0	0	0	0	0	0	0	0	AAGGT
chr7	55242433	2	G	1	1	0	0	0	0	0	0	0	0	0	AGGTG
chr7	55242434	2	G	1	1	0	0	0	0	0	0	0	0	0	GGTGA
chr7	55242435	2	T	1	1	0	0	0	0	0	0	0	0	0	GTGAG
chr7	55242436	2	G	1	1	0	0	0	0	0	0	0	0	0	TGAGA
chr7	55242437	2	A	1	1	0	0	0	0	0	0	0	0	0	GAGAA
chr7	55242438	2	G	1	1	0	0	0	0	0	0	0	0	0	AGAAA
chr7	55242439	2	A	1	1	0	0	0	0	0	0	0	0	0	GAAAG
chr7	55242440	2	A	1	1	0	0	0	0	0	0	0	0	0	AAAGT
chr7	55242441	2	A	1	1	0	0	0	0	0	0	0	0	0	AAGTT
chr7	55242442	2	G	1	1	0	0	0	0	0	0	0	0	0	AGTTA
chr7	55242443	2	T	1	1	0	0	0	0	0	0	0	0	0	GTTAA
chr7	55242444	2	T	1	1	0	0	0	0	0	0	0	0	0	TTAAA
chr7	55242445	2	A	1	1	0	0	0	0	0	0	0	0	0	TAAAA
chr7	55242446	2	A	1	1	0	0	0	0	0	0	0	0	0	AAAAT
chr7	55242447	2	A	1	1	0	0	0	0	0	0	0	0	0	AAATT
chr7	55242448	2	A	1	1	0	0	0	0	0	0	0	0	0	AATTC
chr7	55242449	2	T	1	1	0	0	0	0	0	0	0	0	0	ATTCC
chr7	55242450	2	T	1	1	0	0	0	0	0	0	0	0	0	TTCCC
chr7	55242451	3	C	1	2	0	0	0	0	0	0	0	0	0	TCCCG
chr7	55242452	3	C	1	2	0	0	0	0	0	0	0	0	0	CCCGT
chr7	55242453	3	C	1	2	0	0	0	0	0	0	0	0	0	CCGTC
chr7	55242454	3	G	1	2	0	0	0	0	0	0	0	0	0	CGTCG
chr7	55242455	3	T	1	2	0	0	0	0	0	0	0	0	0	GTCGC
chr7	55242456	3	C	1	2	0	0	0	0	0	0	0	0	0	TCGCT
chr7	55242457	3	G	1	2	0	0	0	0	0	0	0	0	0	CGCTA
chr7	55242458	3	C	1	2	0	0	0	0	0	0	0	0	0	GCTAT
chr7	55242459	3	T	1	2	0	0	0	0	0	0	0	0	0	CTATC
chr7	55242460	3	A	1	2	0	0	0	0	0	0	0	0	0	TATCA
chr7	55242461	3	T	1	2	0	0	0	0	0	0	0	0	0	ATCAA
chr7	55242462	3	C	1	2	0	0	0	0	0	0	0	0	0	TCAAG
chr7	55242463	3	A	1	2	0	0	0	0	0	0	0	0	0	CAAGG
chr7	55242464	3	A	1	2	0	0	0	0	0	0	0	0	0	AAGGA
chr7	55242465	3	G	1	2	0	0	0	0	0	0	0	0	0	AGGAA
chr7	55242466	4	G	1	3	0	0	0	0	0	0	0	0	0	GGAAT
chr7	55242467	4	A	1	3	0	0	0	0	0	0	0	0	0	GAATT
chr7	55242468	5	A	1	4	0	0	0	0	0	0	0	0	0	AATTA
chr7	55242469	4	T	1	3	0	0	0	0	0	0	0	0	0	ATTAA
chr7	55242470	4	T	1	3	0	0	0	0	0	0	0	0	0	TTAAG
chr7	55242471	3	A	0	3	0	0	0	0	0	0	0	0	0	TAAGA
chr7	55242472	3	A	0	3	0	0	0	0	0	0	0	0	0	AAGAG
chr7	55242473	3	G	1	2	0	0	0	0	0	0	0	0	0	AGAGA
chr7	55242474	4	A	1	3	0	0	0	0	0	0	0	0	0	GAGAA
chr7	55242475	6	G	3	3	0	0	0	0	0	0	0	0	0	AGAAG
chr7	55242476	6	A	3	3	0	0	0	0	0	0	0	0	0	GAAGC
chr7	55242477	6	A	3	3	0	0	0	0	0	0	0	0	0	AAGCA
chr7	55242478	6	G	3	3	0	0	0	0	0	0	0	0	0	AGCAA
chr7	55242479	6	C	3	3	0	0	0	0	0	0	0	0	0	GCAAC
chr7	55242480	6	A	3	3	0	0	0	0	0	0	0	0	0	CAACA
chr7	55242481	5	A	3	2	0	0	0	0	0	0	0	0	0	AACAT
chr7	55242482	5	C	3	2	0	0	0	0	0	0	0	0	0	ACATC
chr7	55242483	5	A	3	2	0	0	0	0	0	0	0	0	0	CATCT
chr7	55242484	5	T	3	2	0	0	0	0	0	0	0	0	0	ATCTC
chr7	55242485	5	C	3	2	0	0	0	0	0	0	0	0	0	TCTCC
chr7	55242486	5	T	3	2	0	0	0	0	0	0	0	0	0	CTCCG
chr7	55242487	5	C	3	2	0	0	0	0	0	0	0	0	0	TCCGA
chr7	55242488	5	C	3	2	0	0	0	0	0	0	0	0	0	CCGAA
chr7	55242489	5	G	3	2	0	0	0	0	0	0	0	0	0	CGAAA
chr7	55242490	5	A	3	2	0	0	0	0	0	0	0	0	0	GAAAG
chr7	55242491	5	A	3	2	0	0	0	0	0	0	0	0	0	AAAGC
chr7	55242492	5	A	3	2	0	0	0	0	0	0	0	0	0	AAGCC
chr7	55242493	5	G	3	2	0	0	0	0	0	0	0	0	0	AGCCA
chr7	55242494	5	C	3	2	0	0	0	0	0	0	0	0	0	GCCAA
chr7	55242495	5	C	3	2	0	0	0	0	0	0	0	0	0	CCAAC
chr7	55242496	5	A	3	2	0	0	0	0	0	0	0	0	0	CAACA
chr7	55242497	5	A	3	2	0	0	0	0	0	0	0	0	0	AACAA
chr7	55242498	5	C	3	2	0	0	0	0	0	0	0	0	0	ACAAG
chr7	55242499	5	A	3	2	0	0	0	0	0	0	0	0	0	CAAGG
chr7	55242500	5	A	3	2	0	0	0	0	0	0	0	0	0	AAGGA
chr7	55242501	5	G	3	2	0	0	0	0	0	0	0	0	0	AGGAA
chr7	55242502	5	G	3	2	0	0	0	0	0	0	0	0	0	GGAAA
chr7	55242503	5	A	3	2	0	0	0	0	0	0	0	0	0	GAAAT
chr7	55242504	5	A	3	2	0	0	0	0	0	0	0	0	0	AAATC
chr7	55242505	5	A	3	2	0	0	0	0	0	0	0	0	0	AATCC
chr7	55242506	5	T	3	2	0	0	0	0	0	0	0	0	0	ATCCT
chr7	55242507	5	C	3	2	0	0	0	0	0	0	0	0	0	TCCTC
chr7	55242508	5	C	3	2	0	0	0	0	0	0	0	0	0	CCTCG
chr7	55242509	5	T	3	2	0	0	0	0	0	0	0	0	0	CTCGA
chr7	55242510	5	C	3	2	0	0	0	0	0	0	0	0	0	TCGAT
chr7	55242511	5	G	3	2	0	0	0	0	0	0	0	0	0	CGATG
chr7	55242512	5	A	3	2	0	0	0	0	0	0	0	0	0	GATGT
chr7	55242513	5	T	3	2	0	0	0	0	0	0	0	0	0	ATGTG
chr7	55248986	5	G	3	2	0	0	0	0	0	0	0	0	0	GGAAG
chr7	55248987	5	A	3	2	0	0	0	0	0	0	0	0	0	GAAGC
chr7	55248988	5	A	3	2	0	0	0	0	0	0	0	0	0	AAGCC
chr7	55248989	6	G	4	2	0	0	0	0	0	0	0	0	0	AGCCT
chr7	55248990	6	C	4	2	0	0	0	0	0	0	0	0	0	GCCTA
chr7	55248991	6	C	4	2	0	0	0	0	0	0	0	0	0	CCTAC
chr7	55248992	6	T	4	2	0	0	0	0	0	0	0	0	0	CTACG
chr7	55248993	7	A	5	2	0	0	0	0	0	0	0	0	0	TACGT
chr7	55248994	7	C	5	2	0	0	0	0	0	0	0	0	0	ACGTG
chr7	55248995	7	G	5	2	0	0	0	0	0	0	0	0	0	CGTGA
chr7	55248996	7	T	5	2	0	0	0	0	0	0	0	0	0	GTGAT
chr7	55248997	7	G	5	2	0	0	0	0	0	0	0	0	0	TGATG
chr7	55248998	7	A	5	2	0	0	0	0	0	0	0	0	0	GATGG
chr7	55248999	7	T	5	2	0	0	0	0	0	0	0	0	0	ATGGC
chr7	55249000	7	G	5	2	0	0	0	0	0	0	0	0	0	TGGCC
chr7	55249001	7	G	5	2	0	0	0	0	0	0	0	0	0	GGCCA
chr7	55249002	7	C	5	2	0	0	0	0	0	0	0	0	0	GCCAG
chr7	55249003	7	C	5	2	0	0	0	0	0	0	0	0	0	CCAGC
chr7	55249004	7	A	5	2	0	0	0	0	0	0	0	0	0	CAGCG
chr7	55249005	7	G	5	2	0	0	0	0	0	0	0	0	0	AGCGT
chr7	55249006	7	C	5	2	0	0	0	0	0	0	0	0	0	GCGTG
chr7	55249007	7	G	5	2	0	0	0	0	0	0	0	0	0	CGTGG
chr7	55249008	7	T	5	2	0	0	0	0	0	0	0	0	0	GTGGA
chr7	55249009	7	G	5	2	0	0	0	0	0	0	0	0	0	TGGAC
chr7	55249010	7	G	5	2	0	0	0	0	0	0	0	0	0	GGACA
chr7	55249011	7	A	5	2	0	0	0	0	0	0	0	0	0	GACAA
chr7	55249012	7	C	5	2	0	0	0	0	0	0	0	0	0	ACAAC
chr7	55249013	7	A	5	2	0	0	0	0	0	0	0	0	0	CAACC
chr7	55249014	7	A	5	2	0	0	0	0	0	0	0	0	0	AACCC
chr7	55249015	7	C	5	2	0	0	0	0	0	0	0	0	0	ACCCC
chr7	55249016	7	C	5	2	0	0	0	0	0	0	0	0	0	CCCCC
chr7	55249017	7	C	5	2	0	0	0	0	0	0	0	0	0	CCCCA
chr7	55249018	7	C	5	2	0	0	0	0	0	0	0	0	0	CCCAC
chr7	55249019	7	C	5	2	0	0	0	0	0	0	0	0	0	CCACG
chr7	55249020	7	A	5	2	0	0	0	0	0	0	0	0	0	CACGT
chr7	55249021	7	C	5	2	0	0	0	0	0	0	0	0	0	ACGTG
chr7	55249022	7	G	5	2	0	0	0	0	0	0	0	0	0	CGTGT
chr7	55249023	7	T	5	2	0	0	0	0	0	0	0	0	0	GTGTG
chr7	55249024	7	G	5	2	0	0	0	0	0	0	0	0	0	TGTGC
chr7	55249025	7	T	5	2	0	0	0	0	0	0	0	0	0	GTGCC
chr7	55249026	7	G	5	2	0	0	0	0	0	0	0	0	0	TGCCG
chr7	55249027	7	C	5	2	0	0	0	0	0	0	0	0	0	GCCGC
chr7	55249028	7	C	5	2	0	0	0	0	0	0	0	0	0	CCGCC
chr7	55249029	7	G	5	2	0	0	0	0	0	0	0	0	0	CGCCT
chr7	55249030	7	C	5	2	0	0	0	0	0	0	0	0	0	GCCTG
chr7	55249031	7	C	5	2	0	0	0	0	0	0	0	0	0	CCTGC
chr7	55249032	7	T	5	2	0	0	0	0	0	0	0	0	0	CTGCT
chr7	55249033	7	G	5	2	0	0	0	0	0	0	0	0	0	TGCTG
chr7	55249034	7	C	5	2	0	0	0	0	0	0	0	0	0	GCTGG
chr7	55249035	8	T	6	2	0	0	0	0	0	0	0	0	0	CTGGG
chr7	55249036	8	G	6	2	0	0	0	0	0	0	0	0	0	TGGGC
chr7	55249037	8	G	6	2	0	0	0	0	0	0	0	0	0	GGGCA
chr7	55249038	9	G	7	2	0	0	0	0	0	0	0	0	0	GGCAT
chr7	55249039	8	C	7	1	0	0	0	0	0	0	0	0	0	GCATC
chr7	55249040	8	A	7	1	0	0	0	0	0	0	0	0	0	CATCT
chr7	55249041	8	T	7	1	0	0	0	0	0	0	0	0	0	ATCTG
chr7	55249042	8	C	7	1	0	0	0	0	0	0	0	0	0	TCTGC
chr7	55249043	8	T	7	1	0	0	0	0	0	0	0	0	0	CTGCC
chr7	55249044	8	G	7	1	0	0	0	0	0	0	0	0	0	TGCCT
chr7	55249045	8	C	7	1	0	0	0	0	0	0	0	0	0	GCCTC
chr7	55249046	8	C	7	1	0	0	0	0	0	0	0	0	0	CCTCA
chr7	55249047	8	T	7	1	0	0	0	0	0	0	0	0	0	CTCAC
chr7	55249048	8	C	7	1	0	0	0	0	0	0	0	0	0	TCACC
chr7	55249049	7	A	6	1	0	0	0	0	0	0	0	0	0	CACCT
chr7	55249050	9	C	8	1	0	0	0	0	0	0	0	0	0	ACCTC
chr7	55249051	9	C	8	1	0	0	0	0	0	0	0	0	0	CCTCC
chr7	55249052	9	T	8	1	0	0	0	0	0	0	0	0	0	CTCCA
chr7	55249053	9	C	8	1	0	0	0	0	0	0	0	0	0	TCCAC
chr7	55249054	9	C	8	1	0	0	0	0	0	0	0	0	0	CCACC
chr7	55249055	9	A	8	1	0	0	0	0	0	0	0	0	0	CACCG
chr7	55249056	9	C	8	1	0	0	0	0	0	0	0	0	0	ACCGT
chr7	55249057	9	C	8	1	0	0	0	0	0	0	0	0	0	CCGTG
chr7	55249058	10	G	8	2	0	0	0	0	0	0	0	0	0	CGTGC
chr7	55249059	8	T	8	0	0	0	0	0	0	0	0	0	0	GTGCA
chr7	55249060	8	G	8	0	0	0	0	0	0	0	0	0	0	TGCAG
chr7	55249061	8	C	8	0	0	0	0	0	0	0	0	0	0	GCAGC
chr7	55249062	8	A	8	0	0	0	0	0	0	0	0	0	0	CAGCT
chr7	55249063	9	G	0	0	9	0	0	0	0	0	0	0	0	AGCTC
chr7	55249064	8	C	8	0	0	0	0	0	0	0	0	0	0	GCTCA
chr7	55249065	8	T	8	0	0	0	0	0	0	0	0	0	0	CTCAT
chr7	55249066	7	C	6	1	0	0	0	0	0	0	0	0	0	TCATC
chr7	55249067	7	A	5	2	0	0	0	0	0	0	0	0	0	CATCA
chr7	55249068	7	T	5	2	0	0	0	0	0	0	0	0	0	ATCAC
chr7	55249069	7	C	5	2	0	0	0	0	0	0	0	0	0	TCACG
chr7	55249070	7	A	5	2	0	0	0	0	0	0	0	0	0	CACGC
chr7	55249071	7	C	5	2	0	0	0	0	0	0	0	0	0	ACGCA
chr7	55249072	7	G	5	2	0	0	0	0	0	0	0	0	0	CGCAG
chr7	55249073	7	C	5	2	0	0	0	0	0	0	0	0	0	GCAGC
chr7	55249074	7	A	5	2	0	0	0	0	0	0	0	0	0	CAGCT
chr7	55249075	7	G	5	2	0	0	0	0	0	0	0	0	0	AGCTC
chr7	55249076	7	C	5	2	0	0	0	0	0	0	0	0	0	GCTCA
chr7	55249077	7	T	5	2	0	0	0	0	0	0	0	0	0	CTCAT
chr7	55249078	7	C	5	2	0	0	0	0	0	0	0	0	0	TCATG
chr7	55249079	7	A	5	2	0	0	0	0	0	0	0	0	0	CATGC
chr7	55249080	7	T	5	2	0	0	0	0	0	0	0	0	0	ATGCC
chr7	55249081	7	G	5	2	0	0	0	0	0	0	0	0	0	TGCCC
chr7	55249082	7	C	5	2	0	0	0	0	0	0	0	0	0	GCCCT
chr7	55249083	7	C	5	2	0	0	0	0	0	0	0	0	0	CCCTT
chr7	55249084	7	C	5	2	0	0	0	0	0	0	0	0	0	CCTTC
chr7	55249085	7	T	5	2	0	0	0	0	0	0	0	0	0	CTTCG
chr7	55249086	7	T	5	2	0	0	0	0	0	0	0	0	0	TTCGG
chr7	55249087	7	C	5	2	0	0	0	0	0	0	0	0	0	TCGGC
chr7	55249088	7	G	5	2	0	0	0	0	0	0	0	0	0	CGGCT
chr7	55249089	7	G	5	2	0	0	0	0	0	0	0	0	0	GGCTG
chr7	55249090	7	C	5	2	0	0	0	0	0	0	0	0	0	GCTGC
chr7	55249091	7	T	5	2	0	0	0	0	0	0	0	0	0	CTGCC
chr7	55249092	7	G	5	2	0	0	0	0	0	0	0	0	0	TGCCT
chr7	55249093	7	C	5	2	0	0	0	0	0	0	0	0	0	GCCTC
chr7	55249094	7	C	5	2	0	0	0	0	0	0	0	0	0	CCTCC
chr7	55249095	7	T	5	2	0	0	0	0	0	0	0	0	0	CTCCT
chr7	55249096	7	C	5	2	0	0	0	0	0	0	0	0	0	TCCTG
chr7	55249097	7	C	5	2	0	0	0	0	0	0	0	0	0	CCTGG
chr7	55249098	7	T	5	2	0	0	0	0	0	0	0	0	0	CTGGA
chr7	55249099	7	G	4	3	0	0	0	0	0	0	0	0	0	TGGAC
chr7	55249100	7	G	4	3	0	0	0	0	0	0	0	0	0	GGACT
chr7	55249101	7	A	4	3	0	0	0	0	0	0	0	0	0	GACTA
chr7	55249102	7	C	3	4	0	0	0	0	0	0	0	0	0	ACTAT
chr7	55249103	7	T	3	4	0	0	0	0	0	0	0	0	0	CTATG
chr7	55249104	7	A	3	4	0	0	0	0	0	0	0	0	0	TATGT
chr7	55249105	7	T	3	4	0	0	0	0	0	0	0	0	0	ATGTC
chr7	55249106	7	G	3	4	0	0	0	0	0	0	0	0	0	TGTCC
chr7	55249107	7	T	3	4	0	0	0	0	0	0	0	0	0	GTCCG
chr7	55249108	7	C	3	4	0	0	0	0	0	0	0	0	0	TCCGG
chr7	55249109	7	C	3	4	0	0	0	0	0	0	0	0	0	CCGGG
chr7	55249110	6	G	3	3	0	0	0	0	0	0	0	0	0	CGGGA
chr7	55249111	7	G	3	4	0	0	0	0	0	0	0	0	0	GGGAA
chr7	55249112	7	G	3	4	0	0	0	0	0	0	0	0	0	GGAAC
chr7	55249113	6	A	3	3	0	0	0	0	0	0	0	0	0	GAACA
chr7	55249114	6	A	3	3	0	0	0	0	0	0	0	0	0	AACAC
chr7	55249115	6	C	3	3	0	0	0	0	0	0	0	0	0	ACACA
chr7	55249116	6	A	3	3	0	0	0	0	0	0	0	0	0	CACAA
chr7	55249117	6	C	3	3	0	0	0	0	0	0	0	0	0	ACAAA
chr7	55249118	6	A	3	3	0	0	0	0	0	0	0	0	0	CAAAG
chr7	55249119	6	A	3	3	0	0	0	0	0	0	0	0	0	AAAGA
chr7	55249120	6	A	3	3	0	0	0	0	0	0	0	0	0	AAGAC
chr7	55249121	6	G	3	3	0	0	0	0	0	0	0	0	0	AGACA
chr7	55249122	6	A	3	3	0	0	0	0	0	0	0	0	0	GACAA
chr7	55249123	6	C	3	3	0	0	0	0	0	0	0	0	0	ACAAT
chr7	55249124	6	A	3	3	0	0	0	0	0	0	0	0	0	CAATA
chr7	55249125	6	A	3	3	0	0	0	0	0	0	0	0	0	AATAT
chr7	55249126	6	T	3	3	0	0	0	0	0	0	0	0	0	ATATT
chr7	55249127	6	A	3	3	0	0	0	0	0	0	0	0	0	TATTG
chr7	55249128	6	T	3	3	0	0	0	0	0	0	0	0	0	ATTGG
chr7	55249129	6	T	3	3	0	0	0	0	0	0	0	0	0	TTGGC
chr7	55249130	6	G	3	3	0	0	0	0	0	0	0	0	0	TGGCT
chr7	55249131	6	G	3	3	0	0	0	0	0	0	0	0	0	GGCTC
chr7	55249132	5	C	3	2	0	0	0	0	0	0	0	0	0	GCTCC
chr7	55249133	5	T	3	2	0	0	0	0	0	0	0	0	0	CTCCC
chr7	55249134	5	C	3	2	0	0	0	0	0	0	0	0	0	TCCCA
chr7	55249135	5	C	3	2	0	0	0	0	0	0	0	0	0	CCCAG
chr7	55249136	5	C	3	2	0	0	0	0	0	0	0	0	0	CCAGT
chr7	55249137	5	A	3	2	0	0	0	0	0	0	0	0	0	CAGTA
chr7	55249138	5	G	3	2	0	0	0	0	0	0	0	0	0	AGTAC
chr7	55249139	5	T	3	2	0	0	0	0	0	0	0	0	0	GTACC
chr7	55249140	5	A	3	2	0	0	0	0	0	0	0	0	0	TACCT
chr7	55249141	4	C	3	1	0	0	0	0	0	0	0	0	0	ACCTG
chr7	55249142	4	C	3	1	0	0	0	0	0	0	0	0	0	CCTGC
chr7	55249143	4	T	3	1	0	0	0	0	0	0	0	0	0	CTGCT
chr7	55249144	4	G	3	1	0	0	0	0	0	0	0	0	0	TGCTC
chr7	55249145	4	C	3	1	0	0	0	0	0	0	0	0	0	GCTCA
chr7	55249146	4	T	3	1	0	0	0	0	0	0	0	0	0	CTCAA
chr7	55249147	4	C	3	1	0	0	0	0	0	0	0	0	0	TCAAC
chr7	55249148	4	A	3	1	0	0	0	0	0	0	0	0	0	CAACT
chr7	55249149	4	A	3	1	0	0	0	0	0	0	0	0	0	AACTG
chr7	55249150	4	C	3	1	0	0	0	0	0	0	0	0	0	ACTGG
chr7	55249151	4	T	3	1	0	0	0	0	0	0	0	0	0	CTGGT
chr7	55249152	4	G	3	1	0	0	0	0	0	0	0	0	0	TGGTG
chr7	55249153	4	G	3	1	0	0	0	0	0	0	0	0	0	GGTGT
chr7	55249154	4	T	3	1	0	0	0	0	0	0	0	0	0	GTGTG
chr7	55249155	3	G	2	1	0	0	0	0	0	0	0	0	0	TGTGT
chr7	55249156	3	T	2	1	0	0	0	0	0	0	0	0	0	GTGTG
chr7	55249157	3	G	2	1	0	0	0	0	0	0	0	0	0	TGTGC
chr7	55249158	3	T	2	1	0	0	0	0	0	0	0	0	0	GTGCA
chr7	55249159	3	G	2	1	0	0	0	0	0	0	0	0	0	TGCAG
chr7	55249160	3	C	2	1	0	0	0	0	0	0	0	0	0	GCAGA
chr7	55249161	3	A	2	1	0	0	0	0	0	0	0	0	0	CAGAT
chr7	55249162	3	G	2	1	0	0	0	0	0	0	0	0	0	AGATC
chr7	55249163	3	A	2	1	0	0	0	0	0	0	0	0	0	GATCG
chr7	55249164	3	T	2	1	0	0	0	0	0	0	0	0	0	ATCGC
chr7	55249165	3	C	2	1	0	0	0	0	0	0	0	0	0	TCGCA
chr7	55249166	3	G	2	1	0	0	0	0	0	0	0	0	0	CGCAA
chr7	55249167	3	C	2	1	0	0	0	0	0	0	0	0	0	GCAAA
chr7	55249168	3	A	2	1	0	0	0	0	0	0	0	0	0	CAAAG
chr7	55249169	3	A	0	3	0	0	0	0	0	0	0	0	0	AAAGG
chr7	55249170	3	A	0	3	0	0	0	0	0	0	0	0	0	AAGGT
chr7	55249171	3	G	0	3	0	0	0	0	0	0	0	0	0	AGGTA
chr7	55259514	2	C	1	1	0	0	0	0	0	0	0	0	0	GCTGG
chr7	55259515	2	T	1	1	0	0	0	0	0	0	0	0	0	CTGGC
chr7	55259516	2	G	1	1	0	0	0	0	0	0	0	0	0	TGGCC
chr7	55259523	2	C	1	1	0	0	0	0	0	0	0	0	0	ACTGC
chr7	55259524	2	T	1	1	0	0	0	0	0	0	0	0	0	CTGCT
chr7	55259525	2	G	1	1	0	0	0	0	0	0	0	0	0	TGCTG
chr7	140453135	806	C	287	519	0	0	0	0	0	0	0	0	0	TCACT
chr7	140453136	806	A	287	519	0	0	0	0	0	0	0	0	0	CACTG
chr7	140453137	777	C	288	477	0	4	0	0	0	8	0	0	0	ACTGT
chr12	332235	1	C	0	1	0	0	0	0	0	0	0	0	62	TCTAA	nan	nan	nan	nan
chr12	25380274	1398	C	813	585	0	0	0	0	0	0	0	0	0	TCTTG
chr12	25380275	1403	T	818	585	0	0	0	0	0	0	0	0	0	CTTGA
chr12	25380276	1405	T	820	577	0	0	8	0	0	0	0	0	0	TTGAC
chr12	25380277	1392	G	821	567	1	2	0	1	0	0	0	0	0	TGACC
chr12	25380278	1389	A	824	557	0	0	0	0	0	0	0	8	0	GACCT
chr12	25398283	960	A	344	616	0	0	0	0	0	0	0	0	0	CACCA
chr12	25398284	966	C	338	626	0	1	0	0	0	0	0	0	0	ACCAG
chr12	25398285	969	C	339	630	0	0	0	0	0	0	0	0	0	CCAGC
chr12	25398286	968	A	341	627	0	0	0	0	0	0	0	0	0	CAGCT
