CHR	POS	DEPTH	REF	R+	R-	A+	A-	C+	C-	T+	T-	G+	G-	PAD	MOTIF
chr7	1022487	1	T	1	0	0	0	0	0	0	0	0	0	360	GTGAA	nan	nan	nan	nan
chr7	55241706	208	G	91	116	0	0	0	0	1	0	0	0	0	TGGGC
chr7	55241707	208	G	93	115	0	0	0	0	0	0	0	0	0	GGGCT
chr7	55241708	209	G	91	118	0	0	0	0	0	0	0	0	0	GGCTC
chr7	55241709	207	C	88	119	0	0	0	0	0	0	0	0	0	GCTCC
chr7	55242415	211	G	109	102	0	0	0	0	0	0	0	0	0	GGGAC
chr7	55242416	212	G	110	102	0	0	0	0	0	0	0	0	0	GGACT
chr7	55242417	214	A	110	104	0	0	0	0	0	0	0	0	0	GACTC
chr7	55242418	218	C	111	107	0	0	0	0	0	0	0	0	0	ACTCT
chr7	55242419	217	T	111	106	0	0	0	0	0	0	0	0	0	CTCTG
chr7	55242420	219	C	111	108	0	0	0	0	0	0	0	0	0	TCTGG
chr7	55242421	212	T	111	101	0	0	0	0	0	0	0	0	0	CTGGA
chr7	55242422	217	G	114	103	0	0	0	0	0	0	0	0	0	TGGAT
chr7	55242423	216	G	114	102	0	0	0	0	0	0	0	0	0	GGATC
chr7	55242424	217	A	113	104	0	0	0	0	0	0	0	0	0	GATCC
chr7	55242425	219	T	113	104	0	0	0	0	0	0	2	0	0	ATCCC
chr7	55242426	218	C	114	104	0	0	0	0	0	0	0	0	0	TCCCA
chr7	55242427	219	C	114	105	0	0	0	0	0	0	0	0	0	CCCAG
chr7	55242428	222	C	117	105	0	0	0	0	0	0	0	0	0	CCAGA
chr7	55242429	222	A	116	106	0	0	0	0	0	0	0	0	0	CAGAA
chr7	55242430	222	G	119	103	0	0	0	0	0	0	0	0	0	AGAAG
chr7	55242431	221	A	116	104	0	0	1	0	0	0	0	0	0	GAAGG
chr7	55242432	225	A	119	106	0	0	0	0	0	0	0	0	0	AAGGT
chr7	55242433	223	G	118	105	0	0	0	0	0	0	0	0	0	AGGTG
chr7	55242434	223	G	117	106	0	0	0	0	0	0	0	0	0	GGTGA
chr7	55242435	223	T	116	107	0	0	0	0	0	0	0	0	0	GTGAG
chr7	55242436	225	G	118	107	0	0	0	0	0	0	0	0	0	TGAGA
chr7	55242437	224	A	118	105	0	0	0	0	0	0	1	0	0	GAGAA
chr7	55242438	223	G	117	106	0	0	0	0	0	0	0	0	0	AGAAA
chr7	55242439	223	A	114	109	0	0	0	0	0	0	0	0	0	GAAAG
chr7	55242440	224	A	115	109	0	0	0	0	0	0	0	0	0	AAAGT
chr7	55242441	224	A	117	107	0	0	0	0	0	0	0	0	0	AAGTT
chr7	55242442	218	G	120	98	0	0	0	0	0	0	0	0	0	AGTTA
chr7	55242443	198	T	116	82	0	0	0	0	0	0	0	0	0	GTTAA
chr7	55242444	197	T	115	81	0	1	0	0	0	0	0	0	0	TTAAA
chr7	55242445	195	A	115	80	0	0	0	0	0	0	0	0	0	TAAAA
chr7	55242446	195	A	114	80	0	0	0	0	1	0	0	0	0	AAAAT
chr7	55242447	192	A	114	78	0	0	0	0	0	0	0	0	0	AAATT
chr7	55242448	186	A	111	75	0	0	0	0	0	0	0	0	0	AATTC
chr7	55242449	187	T	111	76	0	0	0	0	0	0	0	0	0	ATTCC
chr7	55242450	187	T	111	76	0	0	0	0	0	0	0	0	0	TTCCC
chr7	55242451	183	C	109	73	0	0	0	0	0	1	0	0	0	TCCCG
chr7	55242452	178	C	106	72	0	0	0	0	0	0	0	0	0	CCCGT
chr7	55242453	178	C	103	75	0	0	0	0	0	0	0	0	0	CCGTC
chr7	55242454	172	G	96	76	0	0	0	0	0	0	0	0	0	CGTCG
chr7	55242455	172	T	96	76	0	0	0	0	0	0	0	0	0	GTCGC
chr7	55242456	172	C	96	76	0	0	0	0	0	0	0	0	0	TCGCT
chr7	55242457	170	G	93	77	0	0	0	0	0	0	0	0	0	CGCTA
chr7	55242458	167	C	93	74	0	0	0	0	0	0	0	0	0	GCTAT
chr7	55242459	166	T	92	73	0	0	1	0	0	0	0	0	0	CTATC
chr7	55242460	164	A	92	72	0	0	0	0	0	0	0	0	0	TATCA
chr7	55242461	166	T	92	74	0	0	0	0	0	0	0	0	0	ATCAA
chr7	55242462	164	C	90	74	0	0	0	0	0	0	0	0	0	TCAAG
chr7	55242463	155	A	83	72	0	0	0	0	0	0	0	0	0	CAAGG
chr7	55242464	155	A	82	73	0	0	0	0	0	0	0	0	0	AAGGA
chr7	55242465	145	G	76	69	0	0	0	0	0	0	0	0	0	AGGAA
chr7	55242466	96	G	29	24	0	4	0	0	0	0	0	0	0	GGAAT
chr7	55242467	94	A	29	24	0	0	0	2	0	0	0	0	0	GAATT
chr7	55242468	93	A	30	24	0	0	0	0	0	0	0	0	0	AATTA
chr7	55242469	92	T	30	23	0	0	0	0	0	0	0	0	0	ATTAA
chr7	55242470	90	T	29	22	0	0	0	0	0	0	0	0	0	TTAAG
chr7	55242471	90	A	29	22	0	0	0	0	0	0	0	0	0	TAAGA
chr7	55242472	92	A	30	23	0	0	0	0	0	0	0	0	0	AAGAG
chr7	55242473	90	G	28	23	0	0	0	0	0	0	0	0	0	AGAGA
chr7	55242474	91	A	29	23	0	0	0	0	0	0	0	0	0	GAGAA
chr7	55242475	92	G	30	23	0	0	0	0	0	0	0	0	0	AGAAG
chr7	55242476	92	A	30	23	0	0	0	0	0	0	0	0	0	GAAGC
chr7	55242477	91	A	29	23	0	0	0	0	0	0	0	0	0	AAGCA
chr7	55242478	92	G	29	24	0	0	0	0	0	0	0	0	0	AGCAA
chr7	55242479	93	C	29	24	0	1	0	0	0	0	0	0	0	GCAAC
chr7	55242480	93	A	30	23	0	0	0	0	0	0	0	1	0	CAACA
chr7	55242481	144	A	84	60	0	0	0	0	0	0	0	0	0	AACAT
chr7	55242482	150	C	90	60	0	0	0	0	0	0	0	0	0	ACATC
chr7	55242483	169	A	94	75	0	0	0	0	0	0	0	0	0	CATCT
chr7	55242484	167	T	94	73	0	0	0	0	0	0	0	0	0	ATCTC
chr7	55242485	169	C	94	75	0	0	0	0	0	0	0	0	0	TCTCC
chr7	55242486	169	T	95	74	0	0	0	0	0	0	0	0	0	CTCCG
chr7	55242487	169	C	94	75	0	0	0	0	0	0	0	0	0	TCCGA
chr7	55242488	171	C	94	77	0	0	0	0	0	0	0	0	0	CCGAA
chr7	55242489	172	G	96	76	0	0	0	0	0	0	0	0	0	CGAAA
chr7	55242490	181	A	97	84	0	0	0	0	0	0	0	0	0	GAAAG
chr7	55242491	179	A	97	80	0	0	0	0	0	2	0	0	0	AAAGC
chr7	55242492	183	A	101	82	0	0	0	0	0	0	0	0	0	AAGCC
chr7	55242493	184	G	101	83	0	0	0	0	0	0	0	0	0	AGCCA
chr7	55242494	186	C	102	84	0	0	0	0	0	0	0	0	0	GCCAA
chr7	55242495	181	C	98	82	0	0	0	0	0	0	1	0	0	CCAAC
chr7	55242496	184	A	101	83	0	0	0	0	0	0	0	0	0	CAACA
chr7	55242497	187	A	104	83	0	0	0	0	0	0	0	0	0	AACAA
chr7	55242498	189	C	106	83	0	0	0	0	0	0	0	0	0	ACAAG
chr7	55242499	191	A	108	83	0	0	0	0	0	0	0	0	0	CAAGG
chr7	55242500	191	A	107	83	0	0	0	0	0	0	0	1	0	AAGGA
chr7	55242501	190	G	107	83	0	0	0	0	0	0	0	0	0	AGGAA
chr7	55242502	192	G	110	82	0	0	0	0	0	0	0	0	0	GGAAA
chr7	55242503	191	A	109	82	0	0	0	0	0	0	0	0	0	GAAAT
chr7	55242504	192	A	109	83	0	0	0	0	0	0	0	0	0	AAATC
chr7	55242505	192	A	109	83	0	0	0	0	0	0	0	0	0	AATCC
chr7	55242506	189	T	107	82	0	0	0	0	0	0	0	0	0	ATCCT
chr7	55242507	193	C	108	84	0	0	0	0	1	0	0	0	0	TCCTC
chr7	55242508	194	C	110	84	0	0	0	0	0	0	0	0	0	CCTCG
chr7	55242509	192	T	108	84	0	0	0	0	0	0	0	0	0	CTCGA
chr7	55242510	193	C	108	84	0	0	0	0	1	0	0	0	0	TCGAT
chr7	55242511	198	G	114	84	0	0	0	0	0	0	0	0	0	CGATG
chr7	55242512	196	A	113	83	0	0	0	0	0	0	0	0	0	GATGT
chr7	55242513	198	T	115	83	0	0	0	0	0	0	0	0	0	ATGTG
chr7	55248986	169	G	101	68	0	0	0	0	0	0	0	0	0	GGAAG
chr7	55248987	177	A	108	69	0	0	0	0	0	0	0	0	0	GAAGC
chr7	55248988	177	A	108	69	0	0	0	0	0	0	0	0	0	AAGCC
chr7	55248989	181	G	112	69	0	0	0	0	0	0	0	0	0	AGCCT
chr7	55248990	185	C	117	68	0	0	0	0	0	0	0	0	0	GCCTA
chr7	55248991	186	C	117	69	0	0	0	0	0	0	0	0	0	CCTAC
chr7	55248992	187	T	118	69	0	0	0	0	0	0	0	0	0	CTACG
chr7	55248993	189	A	119	70	0	0	0	0	0	0	0	0	0	TACGT
chr7	55248994	188	C	118	70	0	0	0	0	0	0	0	0	0	ACGTG
chr7	55248995	187	G	117	69	0	0	0	0	1	0	0	0	0	CGTGA
chr7	55248996	188	T	119	69	0	0	0	0	0	0	0	0	0	GTGAT
chr7	55248997	186	G	118	68	0	0	0	0	0	0	0	0	0	TGATG
chr7	55248998	185	A	117	68	0	0	0	0	0	0	0	0	0	GATGG
chr7	55248999	188	T	119	69	0	0	0	0	0	0	0	0	0	ATGGC
chr7	55249000	185	G	116	68	1	0	0	0	0	0	0	0	0	TGGCC
chr7	55249001	184	G	118	65	0	0	0	0	1	0	0	0	0	GGCCA
chr7	55249002	184	C	118	66	0	0	0	0	0	0	0	0	0	GCCAG
chr7	55249003	191	C	119	71	0	0	0	0	0	0	1	0	0	CCAGC
chr7	55249004	190	A	122	68	0	0	0	0	0	0	0	0	0	CAGCG
chr7	55249005	192	G	123	69	0	0	0	0	0	0	0	0	0	AGCGT
chr7	55249006	193	C	124	69	0	0	0	0	0	0	0	0	0	GCGTG
chr7	55249007	191	G	122	69	0	0	0	0	0	0	0	0	0	CGTGG
chr7	55249008	192	T	123	69	0	0	0	0	0	0	0	0	0	GTGGA
chr7	55249009	193	G	123	70	0	0	0	0	0	0	0	0	0	TGGAC
chr7	55249010	195	G	123	72	0	0	0	0	0	0	0	0	0	GGACA
chr7	55249011	196	A	123	73	0	0	0	0	0	0	0	0	0	GACAA
chr7	55249012	201	C	126	75	0	0	0	0	0	0	0	0	0	ACAAC
chr7	55249013	201	A	125	76	0	0	0	0	0	0	0	0	0	CAACC
chr7	55249014	199	A	122	77	0	0	0	0	0	0	0	0	0	AACCC
chr7	55249015	198	C	122	76	0	0	0	0	0	0	0	0	0	ACCCC
chr7	55249016	196	C	120	76	0	0	0	0	0	0	0	0	0	CCCCC
chr7	55249017	197	C	120	77	0	0	0	0	0	0	0	0	0	CCCCA
chr7	55249018	196	C	119	77	0	0	0	0	0	0	0	0	0	CCCAC
chr7	55249019	200	C	120	80	0	0	0	0	0	0	0	0	0	CCACG
chr7	55249020	206	A	125	81	0	0	0	0	0	0	0	0	0	CACGT
chr7	55249021	203	C	123	80	0	0	0	0	0	0	0	0	0	ACGTG
chr7	55249022	203	G	124	79	0	0	0	0	0	0	0	0	0	CGTGT
chr7	55249023	202	T	122	80	0	0	0	0	0	0	0	0	0	GTGTG
chr7	55249024	202	G	122	80	0	0	0	0	0	0	0	0	0	TGTGC
chr7	55249025	202	T	123	79	0	0	0	0	0	0	0	0	0	GTGCC
chr7	55249026	204	G	122	81	0	0	1	0	0	0	0	0	0	TGCCG
chr7	55249027	201	C	124	77	0	0	0	0	0	0	0	0	0	GCCGC
chr7	55249028	203	C	123	80	0	0	0	0	0	0	0	0	0	CCGCC
chr7	55249029	205	G	126	79	0	0	0	0	0	0	0	0	0	CGCCT
chr7	55249030	204	C	128	76	0	0	0	0	0	0	0	0	0	GCCTG
chr7	55249031	205	C	127	78	0	0	0	0	0	0	0	0	0	CCTGC
chr7	55249032	207	T	129	78	0	0	0	0	0	0	0	0	0	CTGCT
chr7	55249033	207	G	128	79	0	0	0	0	0	0	0	0	0	TGCTG
chr7	55249034	208	C	127	81	0	0	0	0	0	0	0	0	0	GCTGG
chr7	55249035	207	T	127	80	0	0	0	0	0	0	0	0	0	CTGGG
chr7	55249036	207	G	128	79	0	0	0	0	0	0	0	0	0	TGGGC
chr7	55249037	205	G	128	77	0	0	0	0	0	0	0	0	0	GGGCA
chr7	55249038	205	G	126	79	0	0	0	0	0	0	0	0	0	GGCAT
chr7	55249039	210	C	131	79	0	0	0	0	0	0	0	0	0	GCATC
chr7	55249040	212	A	131	81	0	0	0	0	0	0	0	0	0	CATCT
chr7	55249041	211	T	131	80	0	0	0	0	0	0	0	0	0	ATCTG
chr7	55249042	209	C	129	80	0	0	0	0	0	0	0	0	0	TCTGC
chr7	55249043	210	T	130	80	0	0	0	0	0	0	0	0	0	CTGCC
chr7	55249044	207	G	127	80	0	0	0	0	0	0	0	0	0	TGCCT
chr7	55249045	210	C	129	81	0	0	0	0	0	0	0	0	0	GCCTC
chr7	55249046	202	C	124	78	0	0	0	0	0	0	0	0	0	CCTCA
chr7	55249047	200	T	123	77	0	0	0	0	0	0	0	0	0	CTCAC
chr7	55249048	198	C	123	75	0	0	0	0	0	0	0	0	0	TCACC
chr7	55249049	198	A	123	75	0	0	0	0	0	0	0	0	0	CACCT
chr7	55249050	203	C	126	77	0	0	0	0	0	0	0	0	0	ACCTC
chr7	55249051	198	C	126	72	0	0	0	0	0	0	0	0	0	CCTCC
chr7	55249052	197	T	126	71	0	0	0	0	0	0	0	0	0	CTCCA
chr7	55249053	198	C	126	72	0	0	0	0	0	0	0	0	0	TCCAC
chr7	55249054	195	C	124	71	0	0	0	0	0	0	0	0	0	CCACC
chr7	55249055	198	A	125	73	0	0	0	0	0	0	0	0	0	CACCG
chr7	55249056	202	C	128	72	0	0	0	0	2	0	0	0	0	ACCGT
chr7	55249057	203	C	130	73	0	0	0	0	0	0	0	0	0	CCGTG
chr7	55249058	201	G	128	73	0	0	0	0	0	0	0	0	0	CGTGC
chr7	55249059	200	T	128	72	0	0	0	0	0	0	0	0	0	GTGCA
chr7	55249060	201	G	126	75	0	0	0	0	0	0	0	0	0	TGCAG
chr7	55249061	194	C	121	73	0	0	0	0	0	0	0	0	0	GCAGC
chr7	55249062	195	A	121	74	0	0	0	0	0	0	0	0	0	CAGCT
chr7	55249063	196	G	106	59	17	14	0	0	0	0	0	0	0	AGCTC
chr7	55249064	193	C	122	71	0	0	0	0	0	0	0	0	0	GCTCA
chr7	55249065	194	T	121	73	0	0	0	0	0	0	0	0	0	CTCAT
chr7	55249066	197	C	124	73	0	0	0	0	0	0	0	0	0	TCATC
chr7	55249067	202	A	126	76	0	0	0	0	0	0	0	0	0	CATCA
chr7	55249068	198	T	122	75	0	0	0	0	0	0	1	0	0	ATCAC
chr7	55249069	200	C	126	74	0	0	0	0	0	0	0	0	0	TCACG
chr7	55249070	202	A	127	75	0	0	0	0	0	0	0	0	0	CACGC
chr7	55249071	202	C	124	76	0	0	0	0	1	0	1	0	0	ACGCA
chr7	55249072	205	G	126	78	0	0	1	0	0	0	0	0	0	CGCAG
chr7	55249073	201	C	125	75	0	0	0	0	1	0	0	0	0	GCAGC
chr7	55249074	201	A	123	77	0	0	0	0	1	0	0	0	0	CAGCT
chr7	55249075	200	G	122	78	0	0	0	0	0	0	0	0	0	AGCTC
chr7	55249076	200	C	123	76	0	0	0	0	0	0	1	0	0	GCTCA
chr7	55249077	204	T	126	77	0	0	1	0	0	0	0	0	0	CTCAT
chr7	55249078	202	C	126	76	0	0	0	0	0	0	0	0	0	TCATG
chr7	55249079	206	A	126	80	0	0	0	0	0	0	0	0	0	CATGC
chr7	55249080	205	T	128	77	0	0	0	0	0	0	0	0	0	ATGCC
chr7	55249081	204	G	128	76	0	0	0	0	0	0	0	0	0	TGCCC
chr7	55249082	207	C	128	79	0	0	0	0	0	0	0	0	0	GCCCT
chr7	55249083	205	C	126	78	0	0	0	0	0	0	1	0	0	CCCTT
chr7	55249084	204	C	122	82	0	0	0	0	0	0	0	0	0	CCTTC
chr7	55249085	206	T	125	81	0	0	0	0	0	0	0	0	0	CTTCG
chr7	55249086	209	T	124	85	0	0	0	0	0	0	0	0	0	TTCGG
chr7	55249087	207	C	123	84	0	0	0	0	0	0	0	0	0	TCGGC
chr7	55249088	208	G	124	84	0	0	0	0	0	0	0	0	0	CGGCT
chr7	55249089	206	G	122	84	0	0	0	0	0	0	0	0	0	GGCTG
chr7	55249090	211	C	123	88	0	0	0	0	0	0	0	0	0	GCTGC
chr7	55249091	208	T	119	88	0	0	0	0	0	0	1	0	0	CTGCC
chr7	55249092	207	G	116	90	0	0	0	0	1	0	0	0	0	TGCCT
chr7	55249093	206	C	116	90	0	0	0	0	0	0	0	0	0	GCCTC
chr7	55249094	208	C	118	90	0	0	0	0	0	0	0	0	0	CCTCC
chr7	55249095	212	T	123	89	0	0	0	0	0	0	0	0	0	CTCCT
chr7	55249096	211	C	121	90	0	0	0	0	0	0	0	0	0	TCCTG
chr7	55249097	213	C	123	90	0	0	0	0	0	0	0	0	0	CCTGG
chr7	55249098	215	T	124	91	0	0	0	0	0	0	0	0	0	CTGGA
chr7	55249099	213	G	123	90	0	0	0	0	0	0	0	0	0	TGGAC
chr7	55249100	214	G	122	92	0	0	0	0	0	0	0	0	0	GGACT
chr7	55249101	214	A	120	93	0	0	0	0	0	0	1	0	0	GACTA
chr7	55249102	211	C	118	93	0	0	0	0	0	0	0	0	0	ACTAT
chr7	55249103	210	T	115	95	0	0	0	0	0	0	0	0	0	CTATG
chr7	55249104	207	A	109	98	0	0	0	0	0	0	0	0	0	TATGT
chr7	55249105	208	T	109	99	0	0	0	0	0	0	0	0	0	ATGTC
chr7	55249106	206	G	106	100	0	0	0	0	0	0	0	0	0	TGTCC
chr7	55249107	207	T	106	101	0	0	0	0	0	0	0	0	0	GTCCG
chr7	55249108	205	C	104	101	0	0	0	0	0	0	0	0	0	TCCGG
chr7	55249109	206	C	103	103	0	0	0	0	0	0	0	0	0	CCGGG
chr7	55249110	204	G	102	101	0	1	0	0	0	0	0	0	0	CGGGA
chr7	55249111	202	G	102	100	0	0	0	0	0	0	0	0	0	GGGAA
chr7	55249112	202	G	100	102	0	0	0	0	0	0	0	0	0	GGAAC
chr7	55249113	198	A	99	99	0	0	0	0	0	0	0	0	0	GAACA
chr7	55249114	196	A	98	98	0	0	0	0	0	0	0	0	0	AACAC
chr7	55249115	198	C	100	98	0	0	0	0	0	0	0	0	0	ACACA
chr7	55249116	198	A	101	97	0	0	0	0	0	0	0	0	0	CACAA
chr7	55249117	196	C	97	99	0	0	0	0	0	0	0	0	0	ACAAA
chr7	55249118	197	A	99	98	0	0	0	0	0	0	0	0	0	CAAAG
chr7	55249119	198	A	99	99	0	0	0	0	0	0	0	0	0	AAAGA
chr7	55249120	202	A	100	102	0	0	0	0	0	0	0	0	0	AAGAC
chr7	55249121	200	G	99	101	0	0	0	0	0	0	0	0	0	AGACA
chr7	55249122	196	A	98	98	0	0	0	0	0	0	0	0	0	GACAA
chr7	55249123	191	C	99	92	0	0	0	0	0	0	0	0	0	ACAAT
chr7	55249124	185	A	96	89	0	0	0	0	0	0	0	0	0	CAATA
chr7	55249125	186	A	99	87	0	0	0	0	0	0	0	0	0	AATAT
chr7	55249126	183	T	97	86	0	0	0	0	0	0	0	0	0	ATATT
chr7	55249127	184	A	99	85	0	0	0	0	0	0	0	0	0	TATTG
chr7	55249128	176	T	99	77	0	0	0	0	0	0	0	0	0	ATTGG
chr7	55249129	177	T	99	78	0	0	0	0	0	0	0	0	0	TTGGC
chr7	55249130	174	G	96	78	0	0	0	0	0	0	0	0	0	TGGCT
chr7	55249131	172	G	96	76	0	0	0	0	0	0	0	0	0	GGCTC
chr7	55249132	168	C	94	74	0	0	0	0	0	0	0	0	0	GCTCC
chr7	55249133	168	T	94	74	0	0	0	0	0	0	0	0	0	CTCCC
chr7	55249134	161	C	88	73	0	0	0	0	0	0	0	0	0	TCCCA
chr7	55249135	163	C	88	75	0	0	0	0	0	0	0	0	0	CCCAG
chr7	55249136	164	C	89	75	0	0	0	0	0	0	0	0	0	CCAGT
chr7	55249137	166	A	91	74	0	0	0	1	0	0	0	0	0	CAGTA
chr7	55249138	168	G	91	77	0	0	0	0	0	0	0	0	0	AGTAC
chr7	55249139	165	T	88	77	0	0	0	0	0	0	0	0	0	GTACC
chr7	55249140	166	A	88	78	0	0	0	0	0	0	0	0	0	TACCT
chr7	55249141	168	C	89	78	0	0	0	0	0	1	0	0	0	ACCTG
chr7	55249142	170	C	91	78	0	0	0	0	0	1	0	0	0	CCTGC
chr7	55249143	170	T	90	80	0	0	0	0	0	0	0	0	0	CTGCT
chr7	55249144	170	G	90	80	0	0	0	0	0	0	0	0	0	TGCTC
chr7	55249145	167	C	87	80	0	0	0	0	0	0	0	0	0	GCTCA
chr7	55249146	165	T	86	79	0	0	0	0	0	0	0	0	0	CTCAA
chr7	55249147	166	C	83	83	0	0	0	0	0	0	0	0	0	TCAAC
chr7	55249148	165	A	81	84	0	0	0	0	0	0	0	0	0	CAACT
chr7	55249149	165	A	81	84	0	0	0	0	0	0	0	0	0	AACTG
chr7	55249150	166	C	80	86	0	0	0	0	0	0	0	0	0	ACTGG
chr7	55249151	163	T	80	83	0	0	0	0	0	0	0	0	0	CTGGT
chr7	55249152	158	G	77	81	0	0	0	0	0	0	0	0	0	TGGTG
chr7	55249153	161	G	76	85	0	0	0	0	0	0	0	0	0	GGTGT
chr7	55249154	159	T	73	86	0	0	0	0	0	0	0	0	0	GTGTG
chr7	55249155	158	G	70	88	0	0	0	0	0	0	0	0	0	TGTGT
chr7	55249156	158	T	69	89	0	0	0	0	0	0	0	0	0	GTGTG
chr7	55249157	162	G	72	90	0	0	0	0	0	0	0	0	0	TGTGC
chr7	55249158	160	T	70	87	1	2	0	0	0	0	0	0	0	GTGCA
chr7	55249159	160	G	71	89	0	0	0	0	0	0	0	0	0	TGCAG
chr7	55249160	157	C	72	85	0	0	0	0	0	0	0	0	0	GCAGA
chr7	55249161	152	A	73	79	0	0	0	0	0	0	0	0	0	CAGAT
chr7	55249162	152	G	73	79	0	0	0	0	0	0	0	0	0	AGATC
chr7	55249163	152	A	70	81	0	0	0	0	0	0	1	0	0	GATCG
chr7	55249164	151	T	70	81	0	0	0	0	0	0	0	0	0	ATCGC
chr7	55249165	150	C	68	82	0	0	0	0	0	0	0	0	0	TCGCA
chr7	55249166	150	G	67	81	0	2	0	0	0	0	0	0	0	CGCAA
chr7	55249167	152	C	68	84	0	0	0	0	0	0	0	0	0	GCAAA
chr7	55249168	152	A	67	85	0	0	0	0	0	0	0	0	0	CAAAG
chr7	55249169	151	A	66	85	0	0	0	0	0	0	0	0	0	AAAGG
chr7	55249170	151	A	66	85	0	0	0	0	0	0	0	0	0	AAGGT
chr7	55249171	144	G	65	79	0	0	0	0	0	0	0	0	0	AGGTA
chr7	55259514	212	C	114	98	0	0	0	0	0	0	0	0	0	GCTGG
chr7	55259515	216	T	114	100	0	0	1	0	0	0	1	0	0	CTGGC
chr7	55259516	216	G	116	99	0	0	0	0	1	0	0	0	0	TGGCC
chr7	55259523	211	C	112	99	0	0	0	0	0	0	0	0	0	ACTGC
chr7	55259524	212	T	111	100	0	0	0	1	0	0	0	0	0	CTGCT
chr7	55259525	211	G	111	100	0	0	0	0	0	0	0	0	0	TGCTG
chr7	140453135	561	C	205	353	0	0	0	0	1	2	0	0	0	TCACT
chr7	140453136	551	A	203	347	0	0	0	0	0	0	1	0	0	CACTG
chr7	140453137	536	C	208	325	0	0	0	0	0	3	0	0	0	ACTGT
chr12	329837	1	A	1	0	0	0	0	0	0	0	0	0	276	AAGCC	nan	nan	nan	nan
chr12	25380274	1133	C	692	441	0	0	0	0	0	0	0	0	0	TCTTG
chr12	25380275	1127	T	692	434	0	0	1	0	0	0	0	0	0	CTTGA
chr12	25380276	1130	T	689	430	0	0	10	0	0	0	1	0	0	TTGAC
chr12	25380277	1122	G	692	430	0	0	0	0	0	0	0	0	0	TGACC
chr12	25380278	1118	A	690	424	0	0	0	0	0	0	0	4	0	GACCT
chr12	25398283	922	A	354	566	0	0	0	0	1	1	0	0	0	CACCA
chr12	25398284	932	C	353	578	1	0	0	0	0	0	0	0	0	ACCAG
chr12	25398285	930	C	350	580	0	0	0	0	0	0	0	0	0	CCAGC
chr12	25398286	933	A	352	580	0	0	0	0	0	1	0	0	0	CAGCT
