CHR	POS	DEPTH	REF	R+	R-	A+	A-	C+	C-	T+	T-	G+	G-	PAD	MOTIF
chr7	1027927	1	T	1	0	0	0	0	0	0	0	0	0	0	TTCCC	nan	nan	nan	nan
chr7	140453135	218	C	72	146	0	0	0	0	0	0	0	0	0	TCACT
chr7	140453136	214	A	70	144	0	0	0	0	0	0	0	0	0	CACTG
chr7	140453137	212	C	71	140	0	1	0	0	0	0	0	0	0	ACTGT
chr12	368856	1	g	1	0	0	0	0	0	0	0	0	0	68	AGGTC	nan	nan	nan	nan
chr12	25380274	314	C	194	120	0	0	0	0	0	0	0	0	0	TCTTG
chr12	25380275	317	T	197	120	0	0	0	0	0	0	0	0	0	CTTGA
chr12	25380276	319	T	199	118	0	0	1	0	0	0	1	0	0	TTGAC
chr12	25380277	317	G	199	118	0	0	0	0	0	0	0	0	0	TGACC
chr12	25380278	316	A	196	120	0	0	0	0	0	0	0	0	0	GACCT
chr12	25398283	280	A	97	181	0	0	0	2	0	0	0	0	0	CACCA
chr12	25398284	279	C	96	183	0	0	0	0	0	0	0	0	0	ACCAG
chr12	25398285	278	C	97	181	0	0	0	0	0	0	0	0	0	CCAGC
chr12	25398286	280	A	97	183	0	0	0	0	0	0	0	0	0	CAGCT
