CHR	POS	DEPTH	REF	R+	R-	A+	A-	C+	C-	T+	T-	G+	G-	PAD	MOTIF
chr7	1026647	1	C	1	0	0	0	0	0	0	0	0	0	95	CCGGG	nan	nan	nan	nan
chr7	55241706	5	G	5	0	0	0	0	0	0	0	0	0	0	TGGGC
chr7	55241707	5	G	5	0	0	0	0	0	0	0	0	0	0	GGGCT
chr7	55241708	5	G	5	0	0	0	0	0	0	0	0	0	0	GGCTC
chr7	55241709	5	C	5	0	0	0	0	0	0	0	0	0	0	GCTCC
chr7	55242415	7	G	5	2	0	0	0	0	0	0	0	0	0	GGGAC
chr7	55242416	7	G	5	2	0	0	0	0	0	0	0	0	0	GGACT
chr7	55242417	7	A	5	2	0	0	0	0	0	0	0	0	0	GACTC
chr7	55242418	6	C	4	2	0	0	0	0	0	0	0	0	0	ACTCT
chr7	55242419	6	T	3	3	0	0	0	0	0	0	0	0	0	CTCTG
chr7	55242420	8	C	4	4	0	0	0	0	0	0	0	0	0	TCTGG
chr7	55242421	7	T	3	4	0	0	0	0	0	0	0	0	0	CTGGA
chr7	55242422	7	G	3	4	0	0	0	0	0	0	0	0	0	TGGAT
chr7	55242423	7	G	3	4	0	0	0	0	0	0	0	0	0	GGATC
chr7	55242424	7	A	3	4	0	0	0	0	0	0	0	0	0	GATCC
chr7	55242425	7	T	3	4	0	0	0	0	0	0	0	0	0	ATCCC
chr7	55242426	7	C	3	4	0	0	0	0	0	0	0	0	0	TCCCA
chr7	55242427	7	C	3	4	0	0	0	0	0	0	0	0	0	CCCAG
chr7	55242428	7	C	3	4	0	0	0	0	0	0	0	0	0	CCAGA
chr7	55242429	7	A	3	4	0	0	0	0	0	0	0	0	0	CAGAA
chr7	55242430	7	G	3	4	0	0	0	0	0	0	0	0	0	AGAAG
chr7	55242431	7	A	3	4	0	0	0	0	0	0	0	0	0	GAAGG
chr7	55242432	7	A	3	4	0	0	0	0	0	0	0	0	0	AAGGT
chr7	55242433	7	G	3	4	0	0	0	0	0	0	0	0	0	AGGTG
chr7	55242434	7	G	3	4	0	0	0	0	0	0	0	0	0	GGTGA
chr7	55242435	7	T	3	4	0	0	0	0	0	0	0	0	0	GTGAG
chr7	55242436	7	G	3	4	0	0	0	0	0	0	0	0	0	TGAGA
chr7	55242437	7	A	3	4	0	0	0	0	0	0	0	0	0	GAGAA
chr7	55242438	7	G	3	4	0	0	0	0	0	0	0	0	0	AGAAA
chr7	55242439	7	A	3	4	0	0	0	0	0	0	0	0	0	GAAAG
chr7	55242440	7	A	3	4	0	0	0	0	0	0	0	0	0	AAAGT
chr7	55242441	7	A	3	4	0	0	0	0	0	0	0	0	0	AAGTT
chr7	55242442	7	G	3	4	0	0	0	0	0	0	0	0	0	AGTTA
chr7	55242443	7	T	3	4	0	0	0	0	0	0	0	0	0	GTTAA
chr7	55242444	6	T	3	3	0	0	0	0	0	0	0	0	0	TTAAA
chr7	55242445	7	A	3	4	0	0	0	0	0	0	0	0	0	TAAAA
chr7	55242446	7	A	3	4	0	0	0	0	0	0	0	0	0	AAAAT
chr7	55242447	7	A	3	4	0	0	0	0	0	0	0	0	0	AAATT
chr7	55242448	7	A	3	4	0	0	0	0	0	0	0	0	0	AATTC
chr7	55242449	7	T	3	4	0	0	0	0	0	0	0	0	0	ATTCC
chr7	55242450	7	T	3	4	0	0	0	0	0	0	0	0	0	TTCCC
chr7	55242451	7	C	3	4	0	0	0	0	0	0	0	0	0	TCCCG
chr7	55242452	7	C	2	4	0	0	0	0	1	0	0	0	0	CCCGT
chr7	55242453	7	C	3	4	0	0	0	0	0	0	0	0	0	CCGTC
chr7	55242454	7	G	3	4	0	0	0	0	0	0	0	0	0	CGTCG
chr7	55242455	7	T	3	4	0	0	0	0	0	0	0	0	0	GTCGC
chr7	55242456	7	C	3	4	0	0	0	0	0	0	0	0	0	TCGCT
chr7	55242457	7	G	3	4	0	0	0	0	0	0	0	0	0	CGCTA
chr7	55242458	7	C	3	4	0	0	0	0	0	0	0	0	0	GCTAT
chr7	55242459	7	T	3	4	0	0	0	0	0	0	0	0	0	CTATC
chr7	55242460	7	A	3	4	0	0	0	0	0	0	0	0	0	TATCA
chr7	55242461	7	T	3	4	0	0	0	0	0	0	0	0	0	ATCAA
chr7	55242462	7	C	3	4	0	0	0	0	0	0	0	0	0	TCAAG
chr7	55242463	7	A	3	4	0	0	0	0	0	0	0	0	0	CAAGG
chr7	55242464	7	A	3	4	0	0	0	0	0	0	0	0	0	AAGGA
chr7	55242465	6	G	3	3	0	0	0	0	0	0	0	0	0	AGGAA
chr7	55242466	6	G	3	3	0	0	0	0	0	0	0	0	0	GGAAT
chr7	55242467	6	A	3	3	0	0	0	0	0	0	0	0	0	GAATT
chr7	55242468	6	A	3	3	0	0	0	0	0	0	0	0	0	AATTA
chr7	55242469	6	T	3	3	0	0	0	0	0	0	0	0	0	ATTAA
chr7	55242470	3	T	0	3	0	0	0	0	0	0	0	0	0	TTAAG
chr7	55242471	3	A	0	3	0	0	0	0	0	0	0	0	0	TAAGA
chr7	55242472	3	A	0	3	0	0	0	0	0	0	0	0	0	AAGAG
chr7	55242473	3	G	0	3	0	0	0	0	0	0	0	0	0	AGAGA
chr7	55242474	3	A	0	3	0	0	0	0	0	0	0	0	0	GAGAA
chr7	55242475	3	G	0	3	0	0	0	0	0	0	0	0	0	AGAAG
chr7	55242476	3	A	0	3	0	0	0	0	0	0	0	0	0	GAAGC
chr7	55242477	3	A	0	3	0	0	0	0	0	0	0	0	0	AAGCA
chr7	55242478	3	G	0	3	0	0	0	0	0	0	0	0	0	AGCAA
chr7	55242479	3	C	0	3	0	0	0	0	0	0	0	0	0	GCAAC
chr7	55242480	3	A	0	3	0	0	0	0	0	0	0	0	0	CAACA
chr7	55242481	3	A	0	3	0	0	0	0	0	0	0	0	0	AACAT
chr7	55242482	3	C	0	3	0	0	0	0	0	0	0	0	0	ACATC
chr7	55242483	3	A	0	3	0	0	0	0	0	0	0	0	0	CATCT
chr7	55242484	3	T	0	3	0	0	0	0	0	0	0	0	0	ATCTC
chr7	55242485	3	C	0	3	0	0	0	0	0	0	0	0	0	TCTCC
chr7	55242486	3	T	0	3	0	0	0	0	0	0	0	0	0	CTCCG
chr7	55242487	3	C	0	3	0	0	0	0	0	0	0	0	0	TCCGA
chr7	55242488	3	C	0	3	0	0	0	0	0	0	0	0	0	CCGAA
chr7	55242489	3	G	0	3	0	0	0	0	0	0	0	0	0	CGAAA
chr7	55242490	3	A	0	3	0	0	0	0	0	0	0	0	0	GAAAG
chr7	55242491	3	A	0	3	0	0	0	0	0	0	0	0	0	AAAGC
chr7	55242492	3	A	0	3	0	0	0	0	0	0	0	0	0	AAGCC
chr7	55242493	4	G	0	4	0	0	0	0	0	0	0	0	0	AGCCA
chr7	55242494	4	C	0	4	0	0	0	0	0	0	0	0	0	GCCAA
chr7	55242495	4	C	0	4	0	0	0	0	0	0	0	0	0	CCAAC
chr7	55242496	4	A	0	4	0	0	0	0	0	0	0	0	0	CAACA
chr7	55242497	4	A	0	4	0	0	0	0	0	0	0	0	0	AACAA
chr7	55242498	4	C	0	4	0	0	0	0	0	0	0	0	0	ACAAG
chr7	55242499	4	A	0	4	0	0	0	0	0	0	0	0	0	CAAGG
chr7	55242500	4	A	0	4	0	0	0	0	0	0	0	0	0	AAGGA
chr7	55242501	4	G	0	4	0	0	0	0	0	0	0	0	0	AGGAA
chr7	55242502	4	G	0	4	0	0	0	0	0	0	0	0	0	GGAAA
chr7	55242503	4	A	0	4	0	0	0	0	0	0	0	0	0	GAAAT
chr7	55242504	4	A	0	4	0	0	0	0	0	0	0	0	0	AAATC
chr7	55242505	4	A	0	4	0	0	0	0	0	0	0	0	0	AATCC
chr7	55242506	4	T	0	4	0	0	0	0	0	0	0	0	0	ATCCT
chr7	55242507	4	C	0	4	0	0	0	0	0	0	0	0	0	TCCTC
chr7	55242508	4	C	0	4	0	0	0	0	0	0	0	0	0	CCTCG
chr7	55242509	4	T	0	4	0	0	0	0	0	0	0	0	0	CTCGA
chr7	55242510	5	C	0	5	0	0	0	0	0	0	0	0	0	TCGAT
chr7	55242511	5	G	0	5	0	0	0	0	0	0	0	0	0	CGATG
chr7	55242512	5	A	0	5	0	0	0	0	0	0	0	0	0	GATGT
chr7	55242513	5	T	0	5	0	0	0	0	0	0	0	0	0	ATGTG
chr7	55248986	6	G	0	6	0	0	0	0	0	0	0	0	0	GGAAG
chr7	55248987	6	A	0	6	0	0	0	0	0	0	0	0	0	GAAGC
chr7	55248988	5	A	0	5	0	0	0	0	0	0	0	0	0	AAGCC
chr7	55248989	6	G	0	6	0	0	0	0	0	0	0	0	0	AGCCT
chr7	55248990	6	C	0	6	0	0	0	0	0	0	0	0	0	GCCTA
chr7	55248991	6	C	0	6	0	0	0	0	0	0	0	0	0	CCTAC
chr7	55248992	6	T	0	6	0	0	0	0	0	0	0	0	0	CTACG
chr7	55248993	6	A	0	6	0	0	0	0	0	0	0	0	0	TACGT
chr7	55248994	6	C	0	6	0	0	0	0	0	0	0	0	0	ACGTG
chr7	55248995	6	G	0	6	0	0	0	0	0	0	0	0	0	CGTGA
chr7	55248996	6	T	0	6	0	0	0	0	0	0	0	0	0	GTGAT
chr7	55248997	8	G	2	6	0	0	0	0	0	0	0	0	0	TGATG
chr7	55248998	6	A	2	4	0	0	0	0	0	0	0	0	0	GATGG
chr7	55248999	6	T	2	4	0	0	0	0	0	0	0	0	0	ATGGC
chr7	55249000	6	G	2	4	0	0	0	0	0	0	0	0	0	TGGCC
chr7	55249001	6	G	2	4	0	0	0	0	0	0	0	0	0	GGCCA
chr7	55249002	6	C	2	4	0	0	0	0	0	0	0	0	0	GCCAG
chr7	55249003	6	C	2	4	0	0	0	0	0	0	0	0	0	CCAGC
chr7	55249004	6	A	2	4	0	0	0	0	0	0	0	0	0	CAGCG
chr7	55249005	6	G	2	4	0	0	0	0	0	0	0	0	0	AGCGT
chr7	55249006	6	C	2	4	0	0	0	0	0	0	0	0	0	GCGTG
chr7	55249007	6	G	2	4	0	0	0	0	0	0	0	0	0	CGTGG
chr7	55249008	4	T	0	4	0	0	0	0	0	0	0	0	0	GTGGA
chr7	55249009	4	G	0	4	0	0	0	0	0	0	0	0	0	TGGAC
chr7	55249010	4	G	0	4	0	0	0	0	0	0	0	0	0	GGACA
chr7	55249011	4	A	0	4	0	0	0	0	0	0	0	0	0	GACAA
chr7	55249012	3	C	0	3	0	0	0	0	0	0	0	0	0	ACAAC
chr7	55249013	3	A	0	3	0	0	0	0	0	0	0	0	0	CAACC
chr7	55249014	3	A	0	3	0	0	0	0	0	0	0	0	0	AACCC
chr7	55249015	3	C	0	3	0	0	0	0	0	0	0	0	0	ACCCC
chr7	55249016	3	C	0	3	0	0	0	0	0	0	0	0	0	CCCCC
chr7	55249017	3	C	0	3	0	0	0	0	0	0	0	0	0	CCCCA
chr7	55249018	3	C	0	3	0	0	0	0	0	0	0	0	0	CCCAC
chr7	55249019	3	C	0	3	0	0	0	0	0	0	0	0	0	CCACG
chr7	55249020	3	A	0	3	0	0	0	0	0	0	0	0	0	CACGT
chr7	55249021	3	C	0	3	0	0	0	0	0	0	0	0	0	ACGTG
chr7	55249022	3	G	0	3	0	0	0	0	0	0	0	0	0	CGTGT
chr7	55249023	3	T	0	3	0	0	0	0	0	0	0	0	0	GTGTG
chr7	55249024	3	G	0	3	0	0	0	0	0	0	0	0	0	TGTGC
chr7	55249025	3	T	0	3	0	0	0	0	0	0	0	0	0	GTGCC
chr7	55249026	3	G	0	3	0	0	0	0	0	0	0	0	0	TGCCG
chr7	55249027	3	C	0	3	0	0	0	0	0	0	0	0	0	GCCGC
chr7	55249028	3	C	0	3	0	0	0	0	0	0	0	0	0	CCGCC
chr7	55249029	3	G	0	3	0	0	0	0	0	0	0	0	0	CGCCT
chr7	55249030	3	C	0	3	0	0	0	0	0	0	0	0	0	GCCTG
chr7	55249031	3	C	0	3	0	0	0	0	0	0	0	0	0	CCTGC
chr7	55249032	3	T	0	3	0	0	0	0	0	0	0	0	0	CTGCT
chr7	55249033	3	G	0	3	0	0	0	0	0	0	0	0	0	TGCTG
chr7	55249034	3	C	0	3	0	0	0	0	0	0	0	0	0	GCTGG
chr7	55249035	2	T	0	2	0	0	0	0	0	0	0	0	0	CTGGG
chr7	55249036	3	G	0	3	0	0	0	0	0	0	0	0	0	TGGGC
chr7	55249037	3	G	0	3	0	0	0	0	0	0	0	0	0	GGGCA
chr7	55249038	3	G	0	3	0	0	0	0	0	0	0	0	0	GGCAT
chr7	55249039	3	C	0	3	0	0	0	0	0	0	0	0	0	GCATC
chr7	55249040	3	A	0	3	0	0	0	0	0	0	0	0	0	CATCT
chr7	55249041	3	T	0	3	0	0	0	0	0	0	0	0	0	ATCTG
chr7	55249042	3	C	0	3	0	0	0	0	0	0	0	0	0	TCTGC
chr7	55249043	3	T	0	3	0	0	0	0	0	0	0	0	0	CTGCC
chr7	55249044	3	G	0	3	0	0	0	0	0	0	0	0	0	TGCCT
chr7	55249045	3	C	0	3	0	0	0	0	0	0	0	0	0	GCCTC
chr7	55249046	3	C	0	3	0	0	0	0	0	0	0	0	0	CCTCA
chr7	55249047	3	T	0	3	0	0	0	0	0	0	0	0	0	CTCAC
chr7	55249048	3	C	0	3	0	0	0	0	0	0	0	0	0	TCACC
chr7	55249049	3	A	0	3	0	0	0	0	0	0	0	0	0	CACCT
chr7	55249050	3	C	0	3	0	0	0	0	0	0	0	0	0	ACCTC
chr7	55249051	3	C	0	3	0	0	0	0	0	0	0	0	0	CCTCC
chr7	55249052	3	T	0	3	0	0	0	0	0	0	0	0	0	CTCCA
chr7	55249053	3	C	0	3	0	0	0	0	0	0	0	0	0	TCCAC
chr7	55249054	3	C	0	3	0	0	0	0	0	0	0	0	0	CCACC
chr7	55249055	3	A	0	3	0	0	0	0	0	0	0	0	0	CACCG
chr7	55249056	3	C	0	3	0	0	0	0	0	0	0	0	0	ACCGT
chr7	55249057	3	C	0	3	0	0	0	0	0	0	0	0	0	CCGTG
chr7	55249058	3	G	0	3	0	0	0	0	0	0	0	0	0	CGTGC
chr7	55249059	3	T	0	3	0	0	0	0	0	0	0	0	0	GTGCA
chr7	55249060	3	G	0	3	0	0	0	0	0	0	0	0	0	TGCAG
chr7	55249061	3	C	0	3	0	0	0	0	0	0	0	0	0	GCAGC
chr7	55249062	3	A	0	3	0	0	0	0	0	0	0	0	0	CAGCT
chr7	55249063	3	G	0	0	0	3	0	0	0	0	0	0	0	AGCTC
chr7	55249064	3	C	0	3	0	0	0	0	0	0	0	0	0	GCTCA
chr7	55249065	3	T	0	3	0	0	0	0	0	0	0	0	0	CTCAT
chr7	55249066	3	C	0	3	0	0	0	0	0	0	0	0	0	TCATC
chr7	55249067	3	A	0	3	0	0	0	0	0	0	0	0	0	CATCA
chr7	55249068	3	T	0	3	0	0	0	0	0	0	0	0	0	ATCAC
chr7	55249069	3	C	0	3	0	0	0	0	0	0	0	0	0	TCACG
chr7	55249070	3	A	0	3	0	0	0	0	0	0	0	0	0	CACGC
chr7	55249071	3	C	0	3	0	0	0	0	0	0	0	0	0	ACGCA
chr7	55249072	3	G	0	3	0	0	0	0	0	0	0	0	0	CGCAG
chr7	55249073	3	C	0	3	0	0	0	0	0	0	0	0	0	GCAGC
chr7	55249074	3	A	0	3	0	0	0	0	0	0	0	0	0	CAGCT
chr7	55249075	3	G	0	3	0	0	0	0	0	0	0	0	0	AGCTC
chr7	55249076	3	C	0	3	0	0	0	0	0	0	0	0	0	GCTCA
chr7	55249077	3	T	0	3	0	0	0	0	0	0	0	0	0	CTCAT
chr7	55249078	3	C	0	3	0	0	0	0	0	0	0	0	0	TCATG
chr7	55249079	3	A	0	3	0	0	0	0	0	0	0	0	0	CATGC
chr7	55249080	3	T	0	3	0	0	0	0	0	0	0	0	0	ATGCC
chr7	55249081	3	G	0	3	0	0	0	0	0	0	0	0	0	TGCCC
chr7	55249082	3	C	0	3	0	0	0	0	0	0	0	0	0	GCCCT
chr7	55249083	3	C	0	3	0	0	0	0	0	0	0	0	0	CCCTT
chr7	55249084	2	C	0	2	0	0	0	0	0	0	0	0	0	CCTTC
chr7	55249085	2	T	0	2	0	0	0	0	0	0	0	0	0	CTTCG
chr7	55249086	2	T	0	2	0	0	0	0	0	0	0	0	0	TTCGG
chr7	55249087	2	C	0	2	0	0	0	0	0	0	0	0	0	TCGGC
chr7	55249088	2	G	0	2	0	0	0	0	0	0	0	0	0	CGGCT
chr7	55249089	2	G	0	2	0	0	0	0	0	0	0	0	0	GGCTG
chr7	55249090	2	C	0	2	0	0	0	0	0	0	0	0	0	GCTGC
chr7	55249091	2	T	0	2	0	0	0	0	0	0	0	0	0	CTGCC
chr7	55249092	2	G	0	2	0	0	0	0	0	0	0	0	0	TGCCT
chr7	55249093	2	C	0	2	0	0	0	0	0	0	0	0	0	GCCTC
chr7	55249094	2	C	0	2	0	0	0	0	0	0	0	0	0	CCTCC
chr7	55249095	2	T	0	2	0	0	0	0	0	0	0	0	0	CTCCT
chr7	55249096	1	C	0	1	0	0	0	0	0	0	0	0	0	TCCTG
chr7	55249097	2	C	0	2	0	0	0	0	0	0	0	0	0	CCTGG
chr7	55249098	2	T	0	2	0	0	0	0	0	0	0	0	0	CTGGA
chr7	55249099	2	G	0	2	0	0	0	0	0	0	0	0	0	TGGAC
chr7	55249100	1	G	0	1	0	0	0	0	0	0	0	0	0	GGACT
chr7	55249101	2	A	0	2	0	0	0	0	0	0	0	0	0	GACTA
chr7	55249102	2	C	0	2	0	0	0	0	0	0	0	0	0	ACTAT
chr7	55249105	1	T	0	1	0	0	0	0	0	0	0	0	0	ATGTC
chr7	55249106	1	G	0	1	0	0	0	0	0	0	0	0	0	TGTCC
chr7	55249107	1	T	0	1	0	0	0	0	0	0	0	0	0	GTCCG
chr7	55249108	1	C	0	1	0	0	0	0	0	0	0	0	0	TCCGG
chr7	55249109	1	C	0	1	0	0	0	0	0	0	0	0	0	CCGGG
chr7	55249110	1	G	0	1	0	0	0	0	0	0	0	0	0	CGGGA
chr7	55249111	1	G	0	1	0	0	0	0	0	0	0	0	0	GGGAA
chr7	55249112	1	G	0	1	0	0	0	0	0	0	0	0	0	GGAAC
chr7	55249113	1	A	0	1	0	0	0	0	0	0	0	0	0	GAACA
chr7	55249114	1	A	0	1	0	0	0	0	0	0	0	0	0	AACAC
chr7	55249115	1	C	0	1	0	0	0	0	0	0	0	0	0	ACACA
chr7	55249116	1	A	0	1	0	0	0	0	0	0	0	0	0	CACAA
chr7	55249117	1	C	0	1	0	0	0	0	0	0	0	0	0	ACAAA
chr7	55249118	1	A	0	1	0	0	0	0	0	0	0	0	0	CAAAG
chr7	55249119	1	A	0	1	0	0	0	0	0	0	0	0	0	AAAGA
chr7	55249120	1	A	0	1	0	0	0	0	0	0	0	0	0	AAGAC
chr7	55249121	1	G	0	1	0	0	0	0	0	0	0	0	0	AGACA
chr7	55249122	1	A	0	1	0	0	0	0	0	0	0	0	0	GACAA
chr7	55249123	1	C	0	1	0	0	0	0	0	0	0	0	0	ACAAT
chr7	55249124	1	A	0	1	0	0	0	0	0	0	0	0	0	CAATA
chr7	55249125	1	A	0	1	0	0	0	0	0	0	0	0	0	AATAT
chr7	55249126	1	T	0	1	0	0	0	0	0	0	0	0	0	ATATT
chr7	55249127	1	A	0	1	0	0	0	0	0	0	0	0	0	TATTG
chr7	55249128	1	T	0	1	0	0	0	0	0	0	0	0	0	ATTGG
chr7	55249129	1	T	0	1	0	0	0	0	0	0	0	0	0	TTGGC
chr7	55249130	1	G	0	1	0	0	0	0	0	0	0	0	0	TGGCT
chr7	55249131	1	G	0	1	0	0	0	0	0	0	0	0	0	GGCTC
chr7	55249132	1	C	0	1	0	0	0	0	0	0	0	0	0	GCTCC
chr7	55249133	1	T	0	1	0	0	0	0	0	0	0	0	0	CTCCC
chr7	55249134	1	C	0	1	0	0	0	0	0	0	0	0	0	TCCCA
chr7	55249135	1	C	0	1	0	0	0	0	0	0	0	0	0	CCCAG
chr7	55249136	1	C	0	1	0	0	0	0	0	0	0	0	0	CCAGT
chr7	55249137	1	A	0	1	0	0	0	0	0	0	0	0	0	CAGTA
chr7	55249138	1	G	0	1	0	0	0	0	0	0	0	0	0	AGTAC
chr7	55249139	1	T	0	1	0	0	0	0	0	0	0	0	0	GTACC
chr7	55249140	1	A	0	1	0	0	0	0	0	0	0	0	0	TACCT
chr7	55249141	1	C	0	1	0	0	0	0	0	0	0	0	0	ACCTG
chr7	55249142	1	C	0	1	0	0	0	0	0	0	0	0	0	CCTGC
chr7	55249143	1	T	0	1	0	0	0	0	0	0	0	0	0	CTGCT
chr7	55249144	1	G	0	1	0	0	0	0	0	0	0	0	0	TGCTC
chr7	55249145	1	C	0	1	0	0	0	0	0	0	0	0	0	GCTCA
chr7	55249146	1	T	0	1	0	0	0	0	0	0	0	0	0	CTCAA
chr7	55249147	1	C	0	1	0	0	0	0	0	0	0	0	0	TCAAC
chr7	55249148	1	A	0	1	0	0	0	0	0	0	0	0	0	CAACT
chr7	55249149	1	A	0	1	0	0	0	0	0	0	0	0	0	AACTG
chr7	55249150	1	C	0	1	0	0	0	0	0	0	0	0	0	ACTGG
chr7	55249151	1	T	0	1	0	0	0	0	0	0	0	0	0	CTGGT
chr7	55249152	1	G	0	1	0	0	0	0	0	0	0	0	0	TGGTG
chr7	55249153	1	G	0	1	0	0	0	0	0	0	0	0	0	GGTGT
chr7	55249154	1	T	0	1	0	0	0	0	0	0	0	0	0	GTGTG
chr7	55249155	2	G	1	1	0	0	0	0	0	0	0	0	0	TGTGT
chr7	55249156	2	T	1	1	0	0	0	0	0	0	0	0	0	GTGTG
chr7	55249157	2	G	1	1	0	0	0	0	0	0	0	0	0	TGTGC
chr7	55249158	2	T	1	1	0	0	0	0	0	0	0	0	0	GTGCA
chr7	55249159	2	G	1	1	0	0	0	0	0	0	0	0	0	TGCAG
chr7	55249160	1	C	1	0	0	0	0	0	0	0	0	0	0	GCAGA
chr7	55249161	2	A	1	1	0	0	0	0	0	0	0	0	0	CAGAT
chr7	55249162	2	G	1	1	0	0	0	0	0	0	0	0	0	AGATC
chr7	55249163	2	A	1	1	0	0	0	0	0	0	0	0	0	GATCG
chr7	55249164	2	T	1	1	0	0	0	0	0	0	0	0	0	ATCGC
chr7	55249165	2	C	1	1	0	0	0	0	0	0	0	0	0	TCGCA
chr7	55249166	2	G	1	1	0	0	0	0	0	0	0	0	0	CGCAA
chr7	55249167	2	C	1	1	0	0	0	0	0	0	0	0	0	GCAAA
chr7	55249168	2	A	1	1	0	0	0	0	0	0	0	0	0	CAAAG
chr7	55249169	2	A	1	1	0	0	0	0	0	0	0	0	0	AAAGG
chr7	55249170	2	A	1	1	0	0	0	0	0	0	0	0	0	AAGGT
chr7	55249171	2	G	1	1	0	0	0	0	0	0	0	0	0	AGGTA
chr7	55259514	1	C	0	1	0	0	0	0	0	0	0	0	0	GCTGG
chr7	55259515	1	T	0	1	0	0	0	0	0	0	0	0	0	CTGGC
chr7	55259516	1	G	0	1	0	0	0	0	0	0	0	0	0	TGGCC
chr7	55259523	1	C	0	1	0	0	0	0	0	0	0	0	0	ACTGC
chr7	55259524	1	T	0	1	0	0	0	0	0	0	0	0	0	CTGCT
chr7	55259525	1	G	0	1	0	0	0	0	0	0	0	0	0	TGCTG
chr7	140453135	418	C	136	282	0	0	0	0	0	0	0	0	0	TCACT
chr7	140453136	416	A	135	281	0	0	0	0	0	0	0	0	0	CACTG
chr7	140453137	404	C	138	262	0	1	0	0	0	3	0	0	0	ACTGT
chr12	335873	1	G	0	1	0	0	0	0	0	0	0	0	0	GGCCC	nan	nan	nan	nan
chr12	25380274	510	C	328	182	0	0	0	0	0	0	0	0	0	TCTTG
chr12	25380275	509	T	331	178	0	0	0	0	0	0	0	0	0	CTTGA
chr12	25380276	508	T	328	176	0	0	3	0	0	0	1	0	0	TTGAC
chr12	25380277	508	G	335	173	0	0	0	0	0	0	0	0	0	TGACC
chr12	25380278	500	A	331	166	0	0	0	0	0	0	0	3	0	GACCT
chr12	25398283	508	A	161	345	0	0	0	0	0	1	1	0	0	CACCA
chr12	25398284	514	C	165	348	1	0	0	0	0	0	0	0	0	ACCAG
chr12	25398285	512	C	167	344	0	0	0	0	0	1	0	0	0	CCAGC
chr12	25398286	516	A	168	348	0	0	0	0	0	0	0	0	0	CAGCT
