CHR	POS	DEPTH	REF	R+	R-	A+	A-	C+	C-	T+	T-	G+	G-	PAD	MOTIF
chr7	1024077	1	C	1	0	0	0	0	0	0	0	0	0	0	CCGTG
chr7	55241706	132	G	71	59	0	0	0	0	2	0	0	0	0	TGGGC
chr7	55241707	135	G	74	61	0	0	0	0	0	0	0	0	0	GGGCT
chr7	55241708	134	G	73	61	0	0	0	0	0	0	0	0	0	GGCTC
chr7	55241709	135	C	74	61	0	0	0	0	0	0	0	0	0	GCTCC
chr7	55242415	135	G	64	71	0	0	0	0	0	0	0	0	0	GGGAC
chr7	55242416	136	G	65	71	0	0	0	0	0	0	0	0	0	GGACT
chr7	55242417	136	A	65	71	0	0	0	0	0	0	0	0	0	GACTC
chr7	55242418	134	C	65	69	0	0	0	0	0	0	0	0	0	ACTCT
chr7	55242419	135	T	65	70	0	0	0	0	0	0	0	0	0	CTCTG
chr7	55242420	135	C	65	70	0	0	0	0	0	0	0	0	0	TCTGG
chr7	55242421	131	T	65	64	0	1	1	0	0	0	0	0	0	CTGGA
chr7	55242422	132	G	66	66	0	0	0	0	0	0	0	0	0	TGGAT
chr7	55242423	135	G	66	69	0	0	0	0	0	0	0	0	0	GGATC
chr7	55242424	133	A	64	69	0	0	0	0	0	0	0	0	0	GATCC
chr7	55242425	132	T	63	69	0	0	0	0	0	0	0	0	0	ATCCC
chr7	55242426	138	C	67	71	0	0	0	0	0	0	0	0	0	TCCCA
chr7	55242427	138	C	68	70	0	0	0	0	0	0	0	0	0	CCCAG
chr7	55242428	139	C	68	71	0	0	0	0	0	0	0	0	0	CCAGA
chr7	55242429	137	A	67	70	0	0	0	0	0	0	0	0	0	CAGAA
chr7	55242430	139	G	68	71	0	0	0	0	0	0	0	0	0	AGAAG
chr7	55242431	135	A	66	69	0	0	0	0	0	0	0	0	0	GAAGG
chr7	55242432	136	A	65	71	0	0	0	0	0	0	0	0	0	AAGGT
chr7	55242433	134	G	64	70	0	0	0	0	0	0	0	0	0	AGGTG
chr7	55242434	135	G	64	71	0	0	0	0	0	0	0	0	0	GGTGA
chr7	55242435	134	T	63	71	0	0	0	0	0	0	0	0	0	GTGAG
chr7	55242436	135	G	63	72	0	0	0	0	0	0	0	0	0	TGAGA
chr7	55242437	135	A	63	72	0	0	0	0	0	0	0	0	0	GAGAA
chr7	55242438	135	G	63	72	0	0	0	0	0	0	0	0	0	AGAAA
chr7	55242439	134	A	62	72	0	0	0	0	0	0	0	0	0	GAAAG
chr7	55242440	133	A	61	72	0	0	0	0	0	0	0	0	0	AAAGT
chr7	55242441	138	A	66	72	0	0	0	0	0	0	0	0	0	AAGTT
chr7	55242442	131	G	70	61	0	0	0	0	0	0	0	0	0	AGTTA
chr7	55242443	118	T	69	49	0	0	0	0	0	0	0	0	0	GTTAA
chr7	55242444	115	T	65	50	0	0	0	0	0	0	0	0	0	TTAAA
chr7	55242445	110	A	64	46	0	0	0	0	0	0	0	0	0	TAAAA
chr7	55242446	109	A	63	46	0	0	0	0	0	0	0	0	0	AAAAT
chr7	55242447	102	A	59	43	0	0	0	0	0	0	0	0	0	AAATT
chr7	55242448	101	A	59	42	0	0	0	0	0	0	0	0	0	AATTC
chr7	55242449	100	T	58	42	0	0	0	0	0	0	0	0	0	ATTCC
chr7	55242450	101	T	58	43	0	0	0	0	0	0	0	0	0	TTCCC
chr7	55242451	100	C	58	42	0	0	0	0	0	0	0	0	0	TCCCG
chr7	55242452	96	C	53	43	0	0	0	0	0	0	0	0	0	CCCGT
chr7	55242453	90	C	49	41	0	0	0	0	0	0	0	0	0	CCGTC
chr7	55242454	91	G	48	43	0	0	0	0	0	0	0	0	0	CGTCG
chr7	55242455	89	T	46	43	0	0	0	0	0	0	0	0	0	GTCGC
chr7	55242456	88	C	46	42	0	0	0	0	0	0	0	0	0	TCGCT
chr7	55242457	89	G	46	43	0	0	0	0	0	0	0	0	0	CGCTA
chr7	55242458	89	C	46	43	0	0	0	0	0	0	0	0	0	GCTAT
chr7	55242459	90	T	47	43	0	0	0	0	0	0	0	0	0	CTATC
chr7	55242460	89	A	46	43	0	0	0	0	0	0	0	0	0	TATCA
chr7	55242461	89	T	46	43	0	0	0	0	0	0	0	0	0	ATCAA
chr7	55242462	93	C	49	44	0	0	0	0	0	0	0	0	0	TCAAG
chr7	55242463	89	A	49	40	0	0	0	0	0	0	0	0	0	CAAGG
chr7	55242464	90	A	50	40	0	0	0	0	0	0	0	0	0	AAGGA
chr7	55242465	88	G	48	40	0	0	0	0	0	0	0	0	0	AGGAA
chr7	55242466	102	G	53	49	0	0	0	0	0	0	0	0	0	GGAAT
chr7	55242467	55	A	8	13	0	0	0	0	11	23	0	0	0	GAATT
chr7	55242468	55	A	8	14	0	0	11	22	0	0	0	0	0	AATTA
chr7	55242469	55	T	19	36	0	0	0	0	0	0	0	0	0	ATTAA
chr7	55242470	57	T	8	16	0	0	0	0	0	0	0	0	0	TTAAG
chr7	55242471	58	A	8	17	0	0	0	0	0	0	0	0	0	TAAGA
chr7	55242472	56	A	6	17	0	0	0	0	0	0	0	0	0	AAGAG
chr7	55242473	56	G	7	16	0	0	0	0	0	0	0	0	0	AGAGA
chr7	55242474	57	A	7	17	0	0	0	0	0	0	0	0	0	GAGAA
chr7	55242475	59	G	8	18	0	0	0	0	0	0	0	0	0	AGAAG
chr7	55242476	59	A	8	18	0	0	0	0	0	0	0	0	0	GAAGC
chr7	55242477	59	A	8	18	0	0	0	0	0	0	0	0	0	AAGCA
chr7	55242478	60	G	9	18	0	0	0	0	0	0	0	0	0	AGCAA
chr7	55242479	59	C	9	17	0	0	0	0	0	0	0	0	0	GCAAC
chr7	55242480	60	A	9	18	0	0	0	0	0	0	0	0	0	CAACA
chr7	55242481	61	A	9	19	0	0	0	0	0	0	0	0	0	AACAT
chr7	55242482	60	C	9	18	0	0	0	0	0	0	0	0	0	ACATC
chr7	55242483	61	A	10	18	0	0	0	0	0	0	0	0	0	CATCT
chr7	55242484	61	T	10	18	0	0	0	0	0	0	0	0	0	ATCTC
chr7	55242485	62	C	11	18	0	0	0	0	0	0	0	0	0	TCTCC
chr7	55242486	61	T	11	17	0	0	0	0	0	0	0	0	0	CTCCG
chr7	55242487	62	C	11	17	0	0	0	0	0	1	0	0	0	TCCGA
chr7	55242488	102	C	42	60	0	0	0	0	0	0	0	0	0	CCGAA
chr7	55242489	103	G	42	61	0	0	0	0	0	0	0	0	0	CGAAA
chr7	55242490	106	A	43	63	0	0	0	0	0	0	0	0	0	GAAAG
chr7	55242491	106	A	43	61	0	0	0	0	0	2	0	0	0	AAAGC
chr7	55242492	111	A	43	68	0	0	0	0	0	0	0	0	0	AAGCC
chr7	55242493	114	G	43	71	0	0	0	0	0	0	0	0	0	AGCCA
chr7	55242494	113	C	43	70	0	0	0	0	0	0	0	0	0	GCCAA
chr7	55242495	116	C	44	72	0	0	0	0	0	0	0	0	0	CCAAC
chr7	55242496	117	A	45	72	0	0	0	0	0	0	0	0	0	CAACA
chr7	55242497	116	A	45	71	0	0	0	0	0	0	0	0	0	AACAA
chr7	55242498	115	C	43	72	0	0	0	0	0	0	0	0	0	ACAAG
chr7	55242499	115	A	43	72	0	0	0	0	0	0	0	0	0	CAAGG
chr7	55242500	116	A	45	71	0	0	0	0	0	0	0	0	0	AAGGA
chr7	55242501	117	G	45	70	1	1	0	0	0	0	0	0	0	AGGAA
chr7	55242502	118	G	48	70	0	0	0	0	0	0	0	0	0	GGAAA
chr7	55242503	119	A	49	70	0	0	0	0	0	0	0	0	0	GAAAT
chr7	55242504	118	A	48	70	0	0	0	0	0	0	0	0	0	AAATC
chr7	55242505	120	A	50	70	0	0	0	0	0	0	0	0	0	AATCC
chr7	55242506	120	T	50	69	1	0	0	0	0	0	0	0	0	ATCCT
chr7	55242507	121	C	51	70	0	0	0	0	0	0	0	0	0	TCCTC
chr7	55242508	122	C	51	71	0	0	0	0	0	0	0	0	0	CCTCG
chr7	55242509	124	T	52	72	0	0	0	0	0	0	0	0	0	CTCGA
chr7	55242510	123	C	52	71	0	0	0	0	0	0	0	0	0	TCGAT
chr7	55242511	126	G	55	71	0	0	0	0	0	0	0	0	0	CGATG
chr7	55242512	126	A	54	72	0	0	0	0	0	0	0	0	0	GATGT
chr7	55242513	125	T	54	71	0	0	0	0	0	0	0	0	0	ATGTG
chr7	55248986	127	G	55	72	0	0	0	0	0	0	0	0	0	GGAAG
chr7	55248987	128	A	56	72	0	0	0	0	0	0	0	0	0	GAAGC
chr7	55248988	131	A	58	73	0	0	0	0	0	0	0	0	0	AAGCC
chr7	55248989	129	G	57	72	0	0	0	0	0	0	0	0	0	AGCCT
chr7	55248990	131	C	59	72	0	0	0	0	0	0	0	0	0	GCCTA
chr7	55248991	130	C	57	73	0	0	0	0	0	0	0	0	0	CCTAC
chr7	55248992	133	T	59	74	0	0	0	0	0	0	0	0	0	CTACG
chr7	55248993	132	A	58	74	0	0	0	0	0	0	0	0	0	TACGT
chr7	55248994	133	C	59	74	0	0	0	0	0	0	0	0	0	ACGTG
chr7	55248995	131	G	58	73	0	0	0	0	0	0	0	0	0	CGTGA
chr7	55248996	137	T	62	75	0	0	0	0	0	0	0	0	0	GTGAT
chr7	55248997	137	G	62	75	0	0	0	0	0	0	0	0	0	TGATG
chr7	55248998	137	A	62	75	0	0	0	0	0	0	0	0	0	GATGG
chr7	55248999	136	T	61	75	0	0	0	0	0	0	0	0	0	ATGGC
chr7	55249000	137	G	61	76	0	0	0	0	0	0	0	0	0	TGGCC
chr7	55249001	134	G	61	73	0	0	0	0	0	0	0	0	0	GGCCA
chr7	55249002	135	C	59	76	0	0	0	0	0	0	0	0	0	GCCAG
chr7	55249003	137	C	61	76	0	0	0	0	0	0	0	0	0	CCAGC
chr7	55249004	138	A	62	76	0	0	0	0	0	0	0	0	0	CAGCG
chr7	55249005	138	G	61	77	0	0	0	0	0	0	0	0	0	AGCGT
chr7	55249006	139	C	63	76	0	0	0	0	0	0	0	0	0	GCGTG
chr7	55249007	135	G	62	73	0	0	0	0	0	0	0	0	0	CGTGG
chr7	55249008	133	T	62	71	0	0	0	0	0	0	0	0	0	GTGGA
chr7	55249009	136	G	63	73	0	0	0	0	0	0	0	0	0	TGGAC
chr7	55249010	135	G	62	73	0	0	0	0	0	0	0	0	0	GGACA
chr7	55249011	136	A	63	73	0	0	0	0	0	0	0	0	0	GACAA
chr7	55249012	136	C	64	72	0	0	0	0	0	0	0	0	0	ACAAC
chr7	55249013	136	A	64	72	0	0	0	0	0	0	0	0	0	CAACC
chr7	55249014	135	A	64	71	0	0	0	0	0	0	0	0	0	AACCC
chr7	55249015	136	C	64	71	0	1	0	0	0	0	0	0	0	ACCCC
chr7	55249016	137	C	65	72	0	0	0	0	0	0	0	0	0	CCCCC
chr7	55249017	136	C	65	71	0	0	0	0	0	0	0	0	0	CCCCA
chr7	55249018	133	C	62	71	0	0	0	0	0	0	0	0	0	CCCAC
chr7	55249019	133	C	61	72	0	0	0	0	0	0	0	0	0	CCACG
chr7	55249020	135	A	63	72	0	0	0	0	0	0	0	0	0	CACGT
chr7	55249021	133	C	63	70	0	0	0	0	0	0	0	0	0	ACGTG
chr7	55249022	135	G	64	71	0	0	0	0	0	0	0	0	0	CGTGT
chr7	55249023	135	T	64	71	0	0	0	0	0	0	0	0	0	GTGTG
chr7	55249024	139	G	67	72	0	0	0	0	0	0	0	0	0	TGTGC
chr7	55249025	139	T	68	71	0	0	0	0	0	0	0	0	0	GTGCC
chr7	55249026	139	G	70	69	0	0	0	0	0	0	0	0	0	TGCCG
chr7	55249027	141	C	72	69	0	0	0	0	0	0	0	0	0	GCCGC
chr7	55249028	140	C	71	69	0	0	0	0	0	0	0	0	0	CCGCC
chr7	55249029	138	G	72	66	0	0	0	0	0	0	0	0	0	CGCCT
chr7	55249030	140	C	71	69	0	0	0	0	0	0	0	0	0	GCCTG
chr7	55249031	135	C	69	66	0	0	0	0	0	0	0	0	0	CCTGC
chr7	55249032	136	T	70	66	0	0	0	0	0	0	0	0	0	CTGCT
chr7	55249033	138	G	69	67	1	0	0	0	1	0	0	0	0	TGCTG
chr7	55249034	143	C	75	68	0	0	0	0	0	0	0	0	0	GCTGG
chr7	55249035	141	T	76	64	0	0	0	1	0	0	0	0	0	CTGGG
chr7	55249036	138	G	75	63	0	0	0	0	0	0	0	0	0	TGGGC
chr7	55249037	135	G	73	62	0	0	0	0	0	0	0	0	0	GGGCA
chr7	55249038	138	G	74	63	0	0	1	0	0	0	0	0	0	GGCAT
chr7	55249039	138	C	75	63	0	0	0	0	0	0	0	0	0	GCATC
chr7	55249040	141	A	78	63	0	0	0	0	0	0	0	0	0	CATCT
chr7	55249041	141	T	80	61	0	0	0	0	0	0	0	0	0	ATCTG
chr7	55249042	142	C	79	63	0	0	0	0	0	0	0	0	0	TCTGC
chr7	55249043	142	T	80	62	0	0	0	0	0	0	0	0	0	CTGCC
chr7	55249044	141	G	79	62	0	0	0	0	0	0	0	0	0	TGCCT
chr7	55249045	138	C	78	60	0	0	0	0	0	0	0	0	0	GCCTC
chr7	55249046	138	C	76	62	0	0	0	0	0	0	0	0	0	CCTCA
chr7	55249047	132	T	76	56	0	0	0	0	0	0	0	0	0	CTCAC
chr7	55249048	133	C	77	56	0	0	0	0	0	0	0	0	0	TCACC
chr7	55249049	133	A	77	56	0	0	0	0	0	0	0	0	0	CACCT
chr7	55249050	132	C	77	55	0	0	0	0	0	0	0	0	0	ACCTC
chr7	55249051	124	C	77	47	0	0	0	0	0	0	0	0	0	CCTCC
chr7	55249052	121	T	75	46	0	0	0	0	0	0	0	0	0	CTCCA
chr7	55249053	122	C	75	46	0	0	0	0	0	0	0	0	0	TCCAC
chr7	55249054	123	C	74	48	0	0	0	0	0	0	0	0	0	CCACC
chr7	55249055	122	A	73	48	0	0	0	0	0	0	0	0	0	CACCG
chr7	55249056	122	C	75	47	0	0	0	0	0	0	0	0	0	ACCGT
chr7	55249057	121	C	74	47	0	0	0	0	0	0	0	0	0	CCGTG
chr7	55249058	120	G	71	49	0	0	0	0	0	0	0	0	0	CGTGC
chr7	55249059	124	T	78	46	0	0	0	0	0	0	0	0	0	GTGCA
chr7	55249060	118	G	76	42	0	0	0	0	0	0	0	0	0	TGCAG
chr7	55249061	124	C	80	44	0	0	0	0	0	0	0	0	0	GCAGC
chr7	55249062	119	A	80	39	0	0	0	0	0	0	0	0	0	CAGCT
chr7	55249063	117	G	1	0	79	37	0	0	0	0	0	0	0	AGCTC
chr7	55249064	121	C	81	39	0	0	0	0	1	0	0	0	0	GCTCA
chr7	55249065	117	T	76	39	1	0	0	0	0	0	0	0	0	CTCAT
chr7	55249066	115	C	74	40	0	0	0	0	0	0	0	0	0	TCATC
chr7	55249067	116	A	74	40	0	0	1	0	0	0	0	0	0	CATCA
chr7	55249068	116	T	75	41	0	0	0	0	0	0	0	0	0	ATCAC
chr7	55249069	116	C	75	41	0	0	0	0	0	0	0	0	0	TCACG
chr7	55249070	119	A	78	41	0	0	0	0	0	0	0	0	0	CACGC
chr7	55249071	118	C	77	41	0	0	0	0	0	0	0	0	0	ACGCA
chr7	55249072	112	G	74	38	0	0	0	0	0	0	0	0	0	CGCAG
chr7	55249073	113	C	74	39	0	0	0	0	0	0	0	0	0	GCAGC
chr7	55249074	112	A	73	39	0	0	0	0	0	0	0	0	0	CAGCT
chr7	55249075	110	G	71	39	0	0	0	0	0	0	0	0	0	AGCTC
chr7	55249076	113	C	74	39	0	0	0	0	0	0	0	0	0	GCTCA
chr7	55249077	112	T	73	39	0	0	0	0	0	0	0	0	0	CTCAT
chr7	55249078	116	C	76	40	0	0	0	0	0	0	0	0	0	TCATG
chr7	55249079	118	A	76	42	0	0	0	0	0	0	0	0	0	CATGC
chr7	55249080	116	T	75	41	0	0	0	0	0	0	0	0	0	ATGCC
chr7	55249081	117	G	75	42	0	0	0	0	0	0	0	0	0	TGCCC
chr7	55249082	117	C	74	43	0	0	0	0	0	0	0	0	0	GCCCT
chr7	55249083	119	C	74	45	0	0	0	0	0	0	0	0	0	CCCTT
chr7	55249084	119	C	75	44	0	0	0	0	0	0	0	0	0	CCTTC
chr7	55249085	120	T	74	46	0	0	0	0	0	0	0	0	0	CTTCG
chr7	55249086	121	T	76	45	0	0	0	0	0	0	0	0	0	TTCGG
chr7	55249087	121	C	75	46	0	0	0	0	0	0	0	0	0	TCGGC
chr7	55249088	121	G	75	46	0	0	0	0	0	0	0	0	0	CGGCT
chr7	55249089	125	G	76	49	0	0	0	0	0	0	0	0	0	GGCTG
chr7	55249090	124	C	75	49	0	0	0	0	0	0	0	0	0	GCTGC
chr7	55249091	125	T	74	49	0	0	0	0	0	0	2	0	0	CTGCC
chr7	55249092	122	G	73	49	0	0	0	0	0	0	0	0	0	TGCCT
chr7	55249093	123	C	75	48	0	0	0	0	0	0	0	0	0	GCCTC
chr7	55249094	125	C	74	51	0	0	0	0	0	0	0	0	0	CCTCC
chr7	55249095	126	T	74	52	0	0	0	0	0	0	0	0	0	CTCCT
chr7	55249096	124	C	72	52	0	0	0	0	0	0	0	0	0	TCCTG
chr7	55249097	124	C	72	52	0	0	0	0	0	0	0	0	0	CCTGG
chr7	55249098	123	T	72	51	0	0	0	0	0	0	0	0	0	CTGGA
chr7	55249099	124	G	72	52	0	0	0	0	0	0	0	0	0	TGGAC
chr7	55249100	121	G	72	49	0	0	0	0	0	0	0	0	0	GGACT
chr7	55249101	119	A	73	46	0	0	0	0	0	0	0	0	0	GACTA
chr7	55249102	119	C	72	47	0	0	0	0	0	0	0	0	0	ACTAT
chr7	55249103	118	T	70	48	0	0	0	0	0	0	0	0	0	CTATG
chr7	55249104	117	A	69	48	0	0	0	0	0	0	0	0	0	TATGT
chr7	55249105	118	T	69	49	0	0	0	0	0	0	0	0	0	ATGTC
chr7	55249106	120	G	70	50	0	0	0	0	0	0	0	0	0	TGTCC
chr7	55249107	121	T	70	51	0	0	0	0	0	0	0	0	0	GTCCG
chr7	55249108	120	C	70	50	0	0	0	0	0	0	0	0	0	TCCGG
chr7	55249109	122	C	71	51	0	0	0	0	0	0	0	0	0	CCGGG
chr7	55249110	120	G	70	49	1	0	0	0	0	0	0	0	0	CGGGA
chr7	55249111	123	G	71	52	0	0	0	0	0	0	0	0	0	GGGAA
chr7	55249112	124	G	71	53	0	0	0	0	0	0	0	0	0	GGAAC
chr7	55249113	122	A	70	52	0	0	0	0	0	0	0	0	0	GAACA
chr7	55249114	124	A	68	56	0	0	0	0	0	0	0	0	0	AACAC
chr7	55249115	126	C	69	57	0	0	0	0	0	0	0	0	0	ACACA
chr7	55249116	127	A	70	57	0	0	0	0	0	0	0	0	0	CACAA
chr7	55249117	128	C	69	59	0	0	0	0	0	0	0	0	0	ACAAA
chr7	55249118	126	A	70	56	0	0	0	0	0	0	0	0	0	CAAAG
chr7	55249119	126	A	70	56	0	0	0	0	0	0	0	0	0	AAAGA
chr7	55249120	127	A	71	56	0	0	0	0	0	0	0	0	0	AAGAC
chr7	55249121	124	G	72	52	0	0	0	0	0	0	0	0	0	AGACA
chr7	55249122	119	A	71	47	0	0	1	0	0	0	0	0	0	GACAA
chr7	55249123	113	C	71	42	0	0	0	0	0	0	0	0	0	ACAAT
chr7	55249124	113	A	71	42	0	0	0	0	0	0	0	0	0	CAATA
chr7	55249125	113	A	71	42	0	0	0	0	0	0	0	0	0	AATAT
chr7	55249126	114	T	71	43	0	0	0	0	0	0	0	0	0	ATATT
chr7	55249127	112	A	70	42	0	0	0	0	0	0	0	0	0	TATTG
chr7	55249128	112	T	72	40	0	0	0	0	0	0	0	0	0	ATTGG
chr7	55249129	110	T	70	40	0	0	0	0	0	0	0	0	0	TTGGC
chr7	55249130	104	G	65	39	0	0	0	0	0	0	0	0	0	TGGCT
chr7	55249131	104	G	65	39	0	0	0	0	0	0	0	0	0	GGCTC
chr7	55249132	100	C	61	39	0	0	0	0	0	0	0	0	0	GCTCC
chr7	55249133	97	T	59	38	0	0	0	0	0	0	0	0	0	CTCCC
chr7	55249134	97	C	59	38	0	0	0	0	0	0	0	0	0	TCCCA
chr7	55249135	97	C	59	38	0	0	0	0	0	0	0	0	0	CCCAG
chr7	55249136	97	C	60	37	0	0	0	0	0	0	0	0	0	CCAGT
chr7	55249137	100	A	61	37	0	0	0	0	0	0	2	0	0	CAGTA
chr7	55249138	101	G	63	38	0	0	0	0	0	0	0	0	0	AGTAC
chr7	55249139	99	T	60	39	0	0	0	0	0	0	0	0	0	GTACC
chr7	55249140	100	A	61	39	0	0	0	0	0	0	0	0	0	TACCT
chr7	55249141	100	C	61	39	0	0	0	0	0	0	0	0	0	ACCTG
chr7	55249142	102	C	61	41	0	0	0	0	0	0	0	0	0	CCTGC
chr7	55249143	102	T	61	41	0	0	0	0	0	0	0	0	0	CTGCT
chr7	55249144	103	G	61	42	0	0	0	0	0	0	0	0	0	TGCTC
chr7	55249145	101	C	59	42	0	0	0	0	0	0	0	0	0	GCTCA
chr7	55249146	102	T	59	43	0	0	0	0	0	0	0	0	0	CTCAA
chr7	55249147	102	C	59	43	0	0	0	0	0	0	0	0	0	TCAAC
chr7	55249148	103	A	58	45	0	0	0	0	0	0	0	0	0	CAACT
chr7	55249149	105	A	59	46	0	0	0	0	0	0	0	0	0	AACTG
chr7	55249150	106	C	59	47	0	0	0	0	0	0	0	0	0	ACTGG
chr7	55249151	107	T	58	49	0	0	0	0	0	0	0	0	0	CTGGT
chr7	55249152	105	G	56	49	0	0	0	0	0	0	0	0	0	TGGTG
chr7	55249153	106	G	53	52	0	0	1	0	0	0	0	0	0	GGTGT
chr7	55249154	107	T	54	52	0	0	0	0	0	0	0	0	0	GTGTG
chr7	55249155	106	G	52	54	0	0	0	0	0	0	0	0	0	TGTGT
chr7	55249156	107	T	51	55	0	0	0	0	0	0	1	0	0	GTGTG
chr7	55249157	107	G	51	56	0	0	0	0	0	0	0	0	0	TGTGC
chr7	55249158	112	T	52	55	0	4	1	0	0	0	0	0	0	GTGCA
chr7	55249159	114	G	52	62	0	0	0	0	0	0	0	0	0	TGCAG
chr7	55249160	115	C	54	61	0	0	0	0	0	0	0	0	0	GCAGA
chr7	55249161	114	A	53	61	0	0	0	0	0	0	0	0	0	CAGAT
chr7	55249162	114	G	53	61	0	0	0	0	0	0	0	0	0	AGATC
chr7	55249163	114	A	53	61	0	0	0	0	0	0	0	0	0	GATCG
chr7	55249164	119	T	55	64	0	0	0	0	0	0	0	0	0	ATCGC
chr7	55249165	120	C	55	65	0	0	0	0	0	0	0	0	0	TCGCA
chr7	55249166	120	G	54	66	0	0	0	0	0	0	0	0	0	CGCAA
chr7	55249167	120	C	54	66	0	0	0	0	0	0	0	0	0	GCAAA
chr7	55249168	124	A	58	66	0	0	0	0	0	0	0	0	0	CAAAG
chr7	55249169	139	A	72	67	0	0	0	0	0	0	0	0	0	AAAGG
chr7	55249170	140	A	73	67	0	0	0	0	0	0	0	0	0	AAGGT
chr7	55249171	134	G	68	66	0	0	0	0	0	0	0	0	0	AGGTA
chr7	55259514	158	C	85	73	0	0	0	0	0	0	0	0	0	GCTGG
chr7	55259515	154	T	83	70	0	0	1	0	0	0	0	0	0	CTGGC
chr7	55259516	155	G	81	73	0	0	0	0	1	0	0	0	0	TGGCC
chr7	55259523	148	C	71	77	0	0	0	0	0	0	0	0	0	ACTGC
chr7	55259524	146	T	69	77	0	0	0	0	0	0	0	0	0	CTGCT
chr7	55259525	146	G	70	76	0	0	0	0	0	0	0	0	0	TGCTG
chr7	140453135	185	C	56	129	0	0	0	0	0	0	0	0	0	TCACT
chr7	140453136	184	A	56	128	0	0	0	0	0	0	0	0	0	CACTG
chr7	140453137	179	C	56	117	0	0	0	0	2	4	0	0	0	ACTGT
chr12	351890	1	A	1	0	0	0	0	0	0	0	0	0	0	GATGA
chr12	25380274	795	C	412	381	0	0	0	0	2	0	0	0	0	TCTTG
chr12	25380275	797	T	416	381	0	0	0	0	0	0	0	0	0	CTTGA
chr12	25380276	805	T	415	383	0	0	7	0	0	0	0	0	0	TTGAC
chr12	25380277	804	G	421	383	0	0	0	0	0	0	0	0	0	TGACC
chr12	25380278	806	A	423	383	0	0	0	0	0	0	0	0	0	GACCT
chr12	25398283	467	A	137	330	0	0	0	0	0	0	0	0	0	CACCA
chr12	25398284	474	C	141	333	0	0	0	0	0	0	0	0	0	ACCAG
chr12	25398285	473	C	141	332	0	0	0	0	0	0	0	0	0	CCAGC
chr12	25398286	474	A	141	333	0	0	0	0	0	0	0	0	0	CAGCT
