CHR	POS	DEPTH	REF	R+	R-	A+	A-	C+	C-	T+	T-	G+	G-	PAD	MOTIF
chr7	1024112	1	C	0	1	0	0	0	0	0	0	0	0	0	ACGGG
chr7	55242415	1	G	0	1	0	0	0	0	0	0	0	0	0	GGGAC
chr7	55242416	1	G	0	1	0	0	0	0	0	0	0	0	0	GGACT
chr7	55242417	1	A	0	1	0	0	0	0	0	0	0	0	0	GACTC
chr7	55242418	1	C	0	1	0	0	0	0	0	0	0	0	0	ACTCT
chr7	55242419	1	T	0	1	0	0	0	0	0	0	0	0	0	CTCTG
chr7	55242420	1	C	0	1	0	0	0	0	0	0	0	0	0	TCTGG
chr7	55242421	1	T	0	1	0	0	0	0	0	0	0	0	0	CTGGA
chr7	55242422	1	G	0	1	0	0	0	0	0	0	0	0	0	TGGAT
chr7	55242423	1	G	0	1	0	0	0	0	0	0	0	0	0	GGATC
chr7	55242424	1	A	0	1	0	0	0	0	0	0	0	0	0	GATCC
chr7	55242425	1	T	0	1	0	0	0	0	0	0	0	0	0	ATCCC
chr7	55242426	1	C	0	1	0	0	0	0	0	0	0	0	0	TCCCA
chr7	55242427	1	C	0	1	0	0	0	0	0	0	0	0	0	CCCAG
chr7	55242428	1	C	0	1	0	0	0	0	0	0	0	0	0	CCAGA
chr7	55242429	1	A	0	1	0	0	0	0	0	0	0	0	0	CAGAA
chr7	55242430	1	G	0	1	0	0	0	0	0	0	0	0	0	AGAAG
chr7	55242431	1	A	0	1	0	0	0	0	0	0	0	0	0	GAAGG
chr7	55242432	1	A	0	1	0	0	0	0	0	0	0	0	0	AAGGT
chr7	55242433	1	G	0	1	0	0	0	0	0	0	0	0	0	AGGTG
chr7	55242434	1	G	0	1	0	0	0	0	0	0	0	0	0	GGTGA
chr7	55242435	1	T	0	1	0	0	0	0	0	0	0	0	0	GTGAG
chr7	55242436	1	G	0	1	0	0	0	0	0	0	0	0	0	TGAGA
chr7	55242437	1	A	0	1	0	0	0	0	0	0	0	0	0	GAGAA
chr7	55242438	1	G	0	1	0	0	0	0	0	0	0	0	0	AGAAA
chr7	55242439	1	A	0	1	0	0	0	0	0	0	0	0	0	GAAAG
chr7	55242440	1	A	0	1	0	0	0	0	0	0	0	0	0	AAAGT
chr7	55242441	1	A	0	1	0	0	0	0	0	0	0	0	0	AAGTT
chr7	55242442	1	G	0	1	0	0	0	0	0	0	0	0	0	AGTTA
chr7	55242443	1	T	0	1	0	0	0	0	0	0	0	0	0	GTTAA
chr7	55242444	1	T	0	1	0	0	0	0	0	0	0	0	0	TTAAA
chr7	55242445	1	A	0	1	0	0	0	0	0	0	0	0	0	TAAAA
chr7	55242446	1	A	0	1	0	0	0	0	0	0	0	0	0	AAAAT
chr7	55242447	1	A	0	1	0	0	0	0	0	0	0	0	0	AAATT
chr7	55242448	1	A	0	1	0	0	0	0	0	0	0	0	0	AATTC
chr7	55242449	1	T	0	1	0	0	0	0	0	0	0	0	0	ATTCC
chr7	55242450	1	T	0	1	0	0	0	0	0	0	0	0	0	TTCCC
chr7	55242451	1	C	0	1	0	0	0	0	0	0	0	0	0	TCCCG
chr7	55242452	1	C	0	1	0	0	0	0	0	0	0	0	0	CCCGT
chr7	55242453	1	C	0	1	0	0	0	0	0	0	0	0	0	CCGTC
chr7	55242454	1	G	0	1	0	0	0	0	0	0	0	0	0	CGTCG
chr7	55242455	1	T	0	1	0	0	0	0	0	0	0	0	0	GTCGC
chr7	55242456	1	C	0	1	0	0	0	0	0	0	0	0	0	TCGCT
chr7	55242457	1	G	0	1	0	0	0	0	0	0	0	0	0	CGCTA
chr7	55242458	1	C	0	1	0	0	0	0	0	0	0	0	0	GCTAT
chr7	55242459	1	T	0	1	0	0	0	0	0	0	0	0	0	CTATC
chr7	55242460	1	A	0	1	0	0	0	0	0	0	0	0	0	TATCA
chr7	55242461	1	T	0	1	0	0	0	0	0	0	0	0	0	ATCAA
chr7	55242462	1	C	0	1	0	0	0	0	0	0	0	0	0	TCAAG
chr7	55242463	1	A	0	1	0	0	0	0	0	0	0	0	0	CAAGG
chr7	55242464	1	A	0	1	0	0	0	0	0	0	0	0	0	AAGGA
chr7	55242465	1	G	0	1	0	0	0	0	0	0	0	0	0	AGGAA
chr7	55242466	1	G	0	1	0	0	0	0	0	0	0	0	0	GGAAT
chr7	55242467	1	A	0	1	0	0	0	0	0	0	0	0	0	GAATT
chr7	55242468	1	A	0	1	0	0	0	0	0	0	0	0	0	AATTA
chr7	55242469	1	T	0	1	0	0	0	0	0	0	0	0	0	ATTAA
chr7	55242470	1	T	0	1	0	0	0	0	0	0	0	0	0	TTAAG
chr7	55242471	1	A	0	1	0	0	0	0	0	0	0	0	0	TAAGA
chr7	55242472	1	A	0	1	0	0	0	0	0	0	0	0	0	AAGAG
chr7	55242473	1	G	0	1	0	0	0	0	0	0	0	0	0	AGAGA
chr7	55242474	1	A	0	1	0	0	0	0	0	0	0	0	0	GAGAA
chr7	55242475	1	G	0	1	0	0	0	0	0	0	0	0	0	AGAAG
chr7	55242476	1	A	0	1	0	0	0	0	0	0	0	0	0	GAAGC
chr7	55242477	1	A	0	1	0	0	0	0	0	0	0	0	0	AAGCA
chr7	55242478	1	G	0	1	0	0	0	0	0	0	0	0	0	AGCAA
chr7	55242479	1	C	0	1	0	0	0	0	0	0	0	0	0	GCAAC
chr7	55242480	1	A	0	1	0	0	0	0	0	0	0	0	0	CAACA
chr7	55242481	1	A	0	1	0	0	0	0	0	0	0	0	0	AACAT
chr7	55242482	1	C	0	1	0	0	0	0	0	0	0	0	0	ACATC
chr7	55242483	1	A	0	1	0	0	0	0	0	0	0	0	0	CATCT
chr7	55242484	1	T	0	1	0	0	0	0	0	0	0	0	0	ATCTC
chr7	55242485	1	C	0	1	0	0	0	0	0	0	0	0	0	TCTCC
chr7	55242486	1	T	0	1	0	0	0	0	0	0	0	0	0	CTCCG
chr7	55242487	1	C	0	1	0	0	0	0	0	0	0	0	0	TCCGA
chr7	55242488	1	C	0	1	0	0	0	0	0	0	0	0	0	CCGAA
chr7	55242489	1	G	0	1	0	0	0	0	0	0	0	0	0	CGAAA
chr7	55242490	1	A	0	1	0	0	0	0	0	0	0	0	0	GAAAG
chr7	55242491	1	A	0	1	0	0	0	0	0	0	0	0	0	AAAGC
chr7	55242492	1	A	0	1	0	0	0	0	0	0	0	0	0	AAGCC
chr7	55242493	1	G	0	1	0	0	0	0	0	0	0	0	0	AGCCA
chr7	55242494	1	C	0	1	0	0	0	0	0	0	0	0	0	GCCAA
chr7	55242495	1	C	0	1	0	0	0	0	0	0	0	0	0	CCAAC
chr7	55242496	1	A	0	1	0	0	0	0	0	0	0	0	0	CAACA
chr7	55242497	1	A	0	1	0	0	0	0	0	0	0	0	0	AACAA
chr7	55242498	1	C	0	1	0	0	0	0	0	0	0	0	0	ACAAG
chr7	55242499	1	A	0	1	0	0	0	0	0	0	0	0	0	CAAGG
chr7	55242500	1	A	0	1	0	0	0	0	0	0	0	0	0	AAGGA
chr7	55242501	1	G	0	1	0	0	0	0	0	0	0	0	0	AGGAA
chr7	55242502	1	G	0	1	0	0	0	0	0	0	0	0	0	GGAAA
chr7	55242503	1	A	0	1	0	0	0	0	0	0	0	0	0	GAAAT
chr7	55242504	1	A	0	1	0	0	0	0	0	0	0	0	0	AAATC
chr7	55242505	1	A	0	1	0	0	0	0	0	0	0	0	0	AATCC
chr7	55242506	1	T	0	1	0	0	0	0	0	0	0	0	0	ATCCT
chr7	55242507	1	C	0	1	0	0	0	0	0	0	0	0	0	TCCTC
chr7	55242508	1	C	0	1	0	0	0	0	0	0	0	0	0	CCTCG
chr7	55242509	1	T	0	1	0	0	0	0	0	0	0	0	0	CTCGA
chr7	55242510	1	C	0	1	0	0	0	0	0	0	0	0	0	TCGAT
chr7	55242511	1	G	0	1	0	0	0	0	0	0	0	0	0	CGATG
chr7	55242512	1	A	0	1	0	0	0	0	0	0	0	0	0	GATGT
chr7	55242513	1	T	0	1	0	0	0	0	0	0	0	0	0	ATGTG
chr7	55248986	1	G	0	1	0	0	0	0	0	0	0	0	0	GGAAG
chr7	55248987	1	A	0	1	0	0	0	0	0	0	0	0	0	GAAGC
chr7	55248988	1	A	0	1	0	0	0	0	0	0	0	0	0	AAGCC
chr7	55248989	1	G	0	1	0	0	0	0	0	0	0	0	0	AGCCT
chr7	55248990	1	C	0	1	0	0	0	0	0	0	0	0	0	GCCTA
chr7	55248991	1	C	0	1	0	0	0	0	0	0	0	0	0	CCTAC
chr7	55248992	1	T	0	1	0	0	0	0	0	0	0	0	0	CTACG
chr7	55248993	1	A	0	1	0	0	0	0	0	0	0	0	0	TACGT
chr7	55248994	1	C	0	1	0	0	0	0	0	0	0	0	0	ACGTG
chr7	55248995	1	G	0	1	0	0	0	0	0	0	0	0	0	CGTGA
chr7	55248996	1	T	0	1	0	0	0	0	0	0	0	0	0	GTGAT
chr7	55248997	1	G	0	1	0	0	0	0	0	0	0	0	0	TGATG
chr7	55248998	1	A	0	1	0	0	0	0	0	0	0	0	0	GATGG
chr7	55248999	1	T	0	1	0	0	0	0	0	0	0	0	0	ATGGC
chr7	55249000	1	G	0	1	0	0	0	0	0	0	0	0	0	TGGCC
chr7	55249001	1	G	0	1	0	0	0	0	0	0	0	0	0	GGCCA
chr7	55249002	1	C	0	1	0	0	0	0	0	0	0	0	0	GCCAG
chr7	55249003	1	C	0	1	0	0	0	0	0	0	0	0	0	CCAGC
chr7	55249004	1	A	0	1	0	0	0	0	0	0	0	0	0	CAGCG
chr7	55249005	1	G	0	1	0	0	0	0	0	0	0	0	0	AGCGT
chr7	140453135	248	C	78	170	0	0	0	0	0	0	0	0	0	TCACT
chr7	140453136	243	A	76	167	0	0	0	0	0	0	0	0	0	CACTG
chr7	140453137	233	C	78	152	0	0	0	0	0	3	0	0	0	ACTGT
chr12	333598	1	A	0	1	0	0	0	0	0	0	0	0	0	GAAGA
chr12	25380274	427	C	211	216	0	0	0	0	0	0	0	0	0	TCTTG
chr12	25380275	432	T	216	215	0	1	0	0	0	0	0	0	0	CTTGA
chr12	25380276	433	T	216	213	0	0	4	0	0	0	0	0	0	TTGAC
chr12	25380277	434	G	219	215	0	0	0	0	0	0	0	0	0	TGACC
chr12	25380278	431	A	217	212	0	0	0	0	0	0	0	2	0	GACCT
chr12	25398283	408	A	178	230	0	0	0	0	0	0	0	0	0	CACCA
chr12	25398284	414	C	180	234	0	0	0	0	0	0	0	0	0	ACCAG
chr12	25398285	415	C	182	233	0	0	0	0	0	0	0	0	0	CCAGC
chr12	25398286	416	A	181	234	0	0	0	0	0	1	0	0	0	CAGCT
