CHR	POS	DEPTH	REF	R+	R-	A+	A-	C+	C-	T+	T-	G+	G-	PAD	MOTIF
chr7	1026122	1	C	1	0	0	0	0	0	0	0	0	0	137	CCCCC
chr7	55241706	1	G	1	0	0	0	0	0	0	0	0	0	0	TGGGC
chr7	55241707	1	G	1	0	0	0	0	0	0	0	0	0	0	GGGCT
chr7	55241708	1	G	1	0	0	0	0	0	0	0	0	0	0	GGCTC
chr7	55241709	1	C	1	0	0	0	0	0	0	0	0	0	0	GCTCC
chr7	140453135	695	C	175	518	0	0	0	0	0	2	0	0	0	TCACT
chr7	140453136	688	A	175	513	0	0	0	0	0	0	0	0	0	CACTG
chr7	140453137	663	C	178	471	0	1	0	0	0	13	0	0	0	ACTGT
chr12	330135	1	T	0	1	0	0	0	0	0	0	0	0	0	CTGTG
chr12	25380274	756	C	396	360	0	0	0	0	0	0	0	0	0	TCTTG
chr12	25380275	754	T	395	359	0	0	0	0	0	0	0	0	0	CTTGA
chr12	25380276	758	T	395	359	0	0	4	0	0	0	0	0	0	TTGAC
chr12	25380277	762	G	400	362	0	0	0	0	0	0	0	0	0	TGACC
chr12	25380278	762	A	399	360	0	0	0	0	0	0	0	3	0	GACCT
chr12	25398283	502	A	170	331	0	0	0	0	0	0	0	1	0	CACCA
chr12	25398284	503	C	169	334	0	0	0	0	0	0	0	0	0	ACCAG
chr12	25398285	505	C	170	335	0	0	0	0	0	0	0	0	0	CCAGC
chr12	25398286	504	A	168	336	0	0	0	0	0	0	0	0	0	CAGCT
