CHR	POS	DEPTH	REF	R+	R-	A+	A-	C+	C-	T+	T-	G+	G-	PAD	MOTIF
chr7	1027912	1	G	1	0	0	0	0	0	0	0	0	0	0	AGGGC
chr7	55241706	1	G	0	1	0	0	0	0	0	0	0	0	0	TGGGC
chr7	55241707	1	G	0	1	0	0	0	0	0	0	0	0	0	GGGCT
chr7	55241708	1	G	0	1	0	0	0	0	0	0	0	0	0	GGCTC
chr7	55241709	1	C	0	1	0	0	0	0	0	0	0	0	0	GCTCC
chr7	55242415	1	G	0	1	0	0	0	0	0	0	0	0	0	GGGAC
chr7	55242416	1	G	0	1	0	0	0	0	0	0	0	0	0	GGACT
chr7	55242417	1	A	0	1	0	0	0	0	0	0	0	0	0	GACTC
chr7	55242418	1	C	0	1	0	0	0	0	0	0	0	0	0	ACTCT
chr7	55242419	1	T	0	1	0	0	0	0	0	0	0	0	0	CTCTG
chr7	55242420	1	C	0	1	0	0	0	0	0	0	0	0	0	TCTGG
chr7	55242421	1	T	0	1	0	0	0	0	0	0	0	0	0	CTGGA
chr7	55242422	1	G	0	1	0	0	0	0	0	0	0	0	0	TGGAT
chr7	55242423	1	G	0	1	0	0	0	0	0	0	0	0	0	GGATC
chr7	55242424	1	A	0	1	0	0	0	0	0	0	0	0	0	GATCC
chr7	55242425	1	T	0	1	0	0	0	0	0	0	0	0	0	ATCCC
chr7	55242426	1	C	0	1	0	0	0	0	0	0	0	0	0	TCCCA
chr7	55242427	1	C	0	1	0	0	0	0	0	0	0	0	0	CCCAG
chr7	55242428	1	C	0	1	0	0	0	0	0	0	0	0	0	CCAGA
chr7	55242429	1	A	0	1	0	0	0	0	0	0	0	0	0	CAGAA
chr7	55242430	1	G	0	1	0	0	0	0	0	0	0	0	0	AGAAG
chr7	55242431	1	A	0	1	0	0	0	0	0	0	0	0	0	GAAGG
chr7	55242432	1	A	0	1	0	0	0	0	0	0	0	0	0	AAGGT
chr7	55242433	1	G	0	1	0	0	0	0	0	0	0	0	0	AGGTG
chr7	55242434	1	G	0	1	0	0	0	0	0	0	0	0	0	GGTGA
chr7	55242435	1	T	0	1	0	0	0	0	0	0	0	0	0	GTGAG
chr7	55242436	1	G	0	1	0	0	0	0	0	0	0	0	0	TGAGA
chr7	55242437	1	A	0	1	0	0	0	0	0	0	0	0	0	GAGAA
chr7	55242438	1	G	0	1	0	0	0	0	0	0	0	0	0	AGAAA
chr7	55242439	1	A	0	1	0	0	0	0	0	0	0	0	0	GAAAG
chr7	55242440	1	A	0	1	0	0	0	0	0	0	0	0	0	AAAGT
chr7	55242441	1	A	0	1	0	0	0	0	0	0	0	0	0	AAGTT
chr7	55242442	1	G	0	1	0	0	0	0	0	0	0	0	0	AGTTA
chr7	55242443	1	T	0	1	0	0	0	0	0	0	0	0	0	GTTAA
chr7	55242444	1	T	0	1	0	0	0	0	0	0	0	0	0	TTAAA
chr7	55242445	1	A	0	1	0	0	0	0	0	0	0	0	0	TAAAA
chr7	55242446	1	A	0	1	0	0	0	0	0	0	0	0	0	AAAAT
chr7	55242447	1	A	0	1	0	0	0	0	0	0	0	0	0	AAATT
chr7	55242448	1	A	0	1	0	0	0	0	0	0	0	0	0	AATTC
chr7	55242449	1	T	0	1	0	0	0	0	0	0	0	0	0	ATTCC
chr7	55242450	1	T	0	1	0	0	0	0	0	0	0	0	0	TTCCC
chr7	55242451	1	C	0	1	0	0	0	0	0	0	0	0	0	TCCCG
chr7	55242452	1	C	0	1	0	0	0	0	0	0	0	0	0	CCCGT
chr7	55242453	1	C	0	1	0	0	0	0	0	0	0	0	0	CCGTC
chr7	55242454	1	G	0	1	0	0	0	0	0	0	0	0	0	CGTCG
chr7	55242455	1	T	0	1	0	0	0	0	0	0	0	0	0	GTCGC
chr7	55242456	1	C	0	1	0	0	0	0	0	0	0	0	0	TCGCT
chr7	55242457	1	G	0	1	0	0	0	0	0	0	0	0	0	CGCTA
chr7	55242458	1	C	0	1	0	0	0	0	0	0	0	0	0	GCTAT
chr7	55242459	1	T	0	1	0	0	0	0	0	0	0	0	0	CTATC
chr7	55242460	1	A	0	1	0	0	0	0	0	0	0	0	0	TATCA
chr7	55242461	1	T	0	1	0	0	0	0	0	0	0	0	0	ATCAA
chr7	55242462	1	C	0	1	0	0	0	0	0	0	0	0	0	TCAAG
chr7	55242463	1	A	0	1	0	0	0	0	0	0	0	0	0	CAAGG
chr7	55242464	1	A	0	1	0	0	0	0	0	0	0	0	0	AAGGA
chr7	55242465	1	G	0	1	0	0	0	0	0	0	0	0	0	AGGAA
chr7	55242466	1	G	0	1	0	0	0	0	0	0	0	0	0	GGAAT
chr7	55242467	1	A	0	1	0	0	0	0	0	0	0	0	0	GAATT
chr7	55242468	1	A	0	1	0	0	0	0	0	0	0	0	0	AATTA
chr7	55242469	1	T	0	1	0	0	0	0	0	0	0	0	0	ATTAA
chr7	55242470	1	T	0	1	0	0	0	0	0	0	0	0	0	TTAAG
chr7	55242471	1	A	0	1	0	0	0	0	0	0	0	0	0	TAAGA
chr7	55242472	1	A	0	1	0	0	0	0	0	0	0	0	0	AAGAG
chr7	55242473	1	G	0	1	0	0	0	0	0	0	0	0	0	AGAGA
chr7	55242474	1	A	0	1	0	0	0	0	0	0	0	0	0	GAGAA
chr7	55242475	1	G	0	1	0	0	0	0	0	0	0	0	0	AGAAG
chr7	55242476	1	A	0	1	0	0	0	0	0	0	0	0	0	GAAGC
chr7	55242477	1	A	0	1	0	0	0	0	0	0	0	0	0	AAGCA
chr7	55242478	1	G	0	1	0	0	0	0	0	0	0	0	0	AGCAA
chr7	55242479	1	C	0	1	0	0	0	0	0	0	0	0	0	GCAAC
chr7	55242480	1	A	0	1	0	0	0	0	0	0	0	0	0	CAACA
chr7	55242481	1	A	0	1	0	0	0	0	0	0	0	0	0	AACAT
chr7	55242482	1	C	0	1	0	0	0	0	0	0	0	0	0	ACATC
chr7	55242483	1	A	0	1	0	0	0	0	0	0	0	0	0	CATCT
chr7	55242484	1	T	0	1	0	0	0	0	0	0	0	0	0	ATCTC
chr7	55242485	1	C	0	1	0	0	0	0	0	0	0	0	0	TCTCC
chr7	55242486	1	T	0	1	0	0	0	0	0	0	0	0	0	CTCCG
chr7	55242487	1	C	0	1	0	0	0	0	0	0	0	0	0	TCCGA
chr7	55242488	1	C	0	1	0	0	0	0	0	0	0	0	0	CCGAA
chr7	55242489	1	G	0	1	0	0	0	0	0	0	0	0	0	CGAAA
chr7	55242490	1	A	0	1	0	0	0	0	0	0	0	0	0	GAAAG
chr7	55242491	1	A	0	1	0	0	0	0	0	0	0	0	0	AAAGC
chr7	55242492	1	A	0	1	0	0	0	0	0	0	0	0	0	AAGCC
chr7	55242493	1	G	0	1	0	0	0	0	0	0	0	0	0	AGCCA
chr7	55242494	1	C	0	1	0	0	0	0	0	0	0	0	0	GCCAA
chr7	55242495	1	C	0	1	0	0	0	0	0	0	0	0	0	CCAAC
chr7	55242496	1	A	0	1	0	0	0	0	0	0	0	0	0	CAACA
chr7	55249038	1	G	1	0	0	0	0	0	0	0	0	0	0	GGCAT
chr7	55249039	1	C	1	0	0	0	0	0	0	0	0	0	0	GCATC
chr7	55249040	1	A	1	0	0	0	0	0	0	0	0	0	0	CATCT
chr7	55249041	1	T	1	0	0	0	0	0	0	0	0	0	0	ATCTG
chr7	55249042	1	C	1	0	0	0	0	0	0	0	0	0	0	TCTGC
chr7	55249043	1	T	1	0	0	0	0	0	0	0	0	0	0	CTGCC
chr7	55249044	1	G	1	0	0	0	0	0	0	0	0	0	0	TGCCT
chr7	55249045	1	C	1	0	0	0	0	0	0	0	0	0	0	GCCTC
chr7	55249046	1	C	1	0	0	0	0	0	0	0	0	0	0	CCTCA
chr7	55249047	1	T	1	0	0	0	0	0	0	0	0	0	0	CTCAC
chr7	55249048	1	C	1	0	0	0	0	0	0	0	0	0	0	TCACC
chr7	55249049	1	A	1	0	0	0	0	0	0	0	0	0	0	CACCT
chr7	55249050	1	C	1	0	0	0	0	0	0	0	0	0	0	ACCTC
chr7	55249051	1	C	1	0	0	0	0	0	0	0	0	0	0	CCTCC
chr7	55249052	1	T	1	0	0	0	0	0	0	0	0	0	0	CTCCA
chr7	55249053	1	C	1	0	0	0	0	0	0	0	0	0	0	TCCAC
chr7	55249054	1	C	1	0	0	0	0	0	0	0	0	0	0	CCACC
chr7	55249055	1	A	1	0	0	0	0	0	0	0	0	0	0	CACCG
chr7	55249056	1	C	1	0	0	0	0	0	0	0	0	0	0	ACCGT
chr7	55249057	1	C	1	0	0	0	0	0	0	0	0	0	0	CCGTG
chr7	55249058	1	G	1	0	0	0	0	0	0	0	0	0	0	CGTGC
chr7	55249059	1	T	1	0	0	0	0	0	0	0	0	0	0	GTGCA
chr7	55249060	1	G	1	0	0	0	0	0	0	0	0	0	0	TGCAG
chr7	55249061	1	C	1	0	0	0	0	0	0	0	0	0	0	GCAGC
chr7	55249062	1	A	1	0	0	0	0	0	0	0	0	0	0	CAGCT
chr7	55249063	1	G	0	0	1	0	0	0	0	0	0	0	0	AGCTC
chr7	55249064	1	C	1	0	0	0	0	0	0	0	0	0	0	GCTCA
chr7	55249065	1	T	1	0	0	0	0	0	0	0	0	0	0	CTCAT
chr7	55249066	1	C	1	0	0	0	0	0	0	0	0	0	0	TCATC
chr7	55249067	1	A	1	0	0	0	0	0	0	0	0	0	0	CATCA
chr7	55249068	1	T	1	0	0	0	0	0	0	0	0	0	0	ATCAC
chr7	55249069	1	C	1	0	0	0	0	0	0	0	0	0	0	TCACG
chr7	55249070	1	A	1	0	0	0	0	0	0	0	0	0	0	CACGC
chr7	55249071	1	C	1	0	0	0	0	0	0	0	0	0	0	ACGCA
chr7	55249150	1	C	0	1	0	0	0	0	0	0	0	0	0	ACTGG
chr7	55249151	1	T	0	1	0	0	0	0	0	0	0	0	0	CTGGT
chr7	55249152	1	G	0	1	0	0	0	0	0	0	0	0	0	TGGTG
chr7	55249153	1	G	0	1	0	0	0	0	0	0	0	0	0	GGTGT
chr7	55249154	1	T	0	1	0	0	0	0	0	0	0	0	0	GTGTG
chr7	55249155	1	G	0	1	0	0	0	0	0	0	0	0	0	TGTGT
chr7	55249156	1	T	0	1	0	0	0	0	0	0	0	0	0	GTGTG
chr7	55249157	1	G	0	1	0	0	0	0	0	0	0	0	0	TGTGC
chr7	55249158	1	T	0	1	0	0	0	0	0	0	0	0	0	GTGCA
chr7	55249159	1	G	0	1	0	0	0	0	0	0	0	0	0	TGCAG
chr7	55249160	1	C	0	1	0	0	0	0	0	0	0	0	0	GCAGA
chr7	55249161	1	A	0	1	0	0	0	0	0	0	0	0	0	CAGAT
chr7	55249162	1	G	0	1	0	0	0	0	0	0	0	0	0	AGATC
chr7	55249163	1	A	0	1	0	0	0	0	0	0	0	0	0	GATCG
chr7	55249164	1	T	0	1	0	0	0	0	0	0	0	0	0	ATCGC
chr7	55249165	1	C	0	1	0	0	0	0	0	0	0	0	0	TCGCA
chr7	55249166	1	G	0	1	0	0	0	0	0	0	0	0	0	CGCAA
chr7	55249167	1	C	0	1	0	0	0	0	0	0	0	0	0	GCAAA
chr7	55249168	1	A	0	1	0	0	0	0	0	0	0	0	0	CAAAG
chr7	55249169	1	A	0	1	0	0	0	0	0	0	0	0	0	AAAGG
chr7	55249170	1	A	0	1	0	0	0	0	0	0	0	0	0	AAGGT
chr7	55249171	1	G	0	1	0	0	0	0	0	0	0	0	0	AGGTA
chr7	55259514	1	C	1	0	0	0	0	0	0	0	0	0	0	GCTGG
chr7	55259515	1	T	1	0	0	0	0	0	0	0	0	0	0	CTGGC
chr7	55259516	1	G	1	0	0	0	0	0	0	0	0	0	0	TGGCC
chr7	55259523	1	C	1	0	0	0	0	0	0	0	0	0	0	ACTGC
chr7	55259524	1	T	1	0	0	0	0	0	0	0	0	0	0	CTGCT
chr7	55259525	1	G	1	0	0	0	0	0	0	0	0	0	0	TGCTG
chr7	140453135	270	C	104	166	0	0	0	0	0	0	0	0	0	TCACT
chr7	140453136	270	A	107	163	0	0	0	0	0	0	0	0	0	CACTG
chr7	140453137	260	C	108	151	0	0	0	0	0	1	0	0	0	ACTGT
chr12	330625	1	A	1	0	0	0	0	0	0	0	0	0	0	CAGCC
chr12	25380274	802	C	421	381	0	0	0	0	0	0	0	0	0	TCTTG
chr12	25380275	806	T	422	384	0	0	0	0	0	0	0	0	0	CTTGA
chr12	25380276	811	T	420	389	0	0	2	0	0	0	0	0	0	TTGAC
chr12	25380277	812	G	422	390	0	0	0	0	0	0	0	0	0	TGACC
chr12	25380278	810	A	421	389	0	0	0	0	0	0	0	0	0	GACCT
chr12	25398283	644	A	272	369	0	0	0	0	1	0	0	2	0	CACCA
chr12	25398284	653	C	272	378	1	0	0	0	0	0	0	0	0	ACCAG
chr12	25398285	652	C	275	377	0	0	0	0	0	0	0	0	0	CCAGC
chr12	25398286	654	A	275	378	0	0	0	0	0	1	0	0	0	CAGCT
