CHR	POS	DEPTH	REF	R+	R-	A+	A-	C+	C-	T+	T-	G+	G-	PAD	MOTIF
chr7	1022849	1	T	1	0	0	0	0	0	0	0	0	0	0	ATGGC	nan	nan	nan	nan
chr7	55241706	1	G	1	0	0	0	0	0	0	0	0	0	0	TGGGC
chr7	55241707	1	G	1	0	0	0	0	0	0	0	0	0	0	GGGCT
chr7	55241708	1	G	1	0	0	0	0	0	0	0	0	0	0	GGCTC
chr7	55241709	1	C	1	0	0	0	0	0	0	0	0	0	0	GCTCC
chr7	55242415	1	G	1	0	0	0	0	0	0	0	0	0	0	GGGAC
chr7	55242416	1	G	1	0	0	0	0	0	0	0	0	0	0	GGACT
chr7	55242417	1	A	1	0	0	0	0	0	0	0	0	0	0	GACTC
chr7	55242418	1	C	1	0	0	0	0	0	0	0	0	0	0	ACTCT
chr7	55242419	1	T	1	0	0	0	0	0	0	0	0	0	0	CTCTG
chr7	55242420	1	C	1	0	0	0	0	0	0	0	0	0	0	TCTGG
chr7	55242421	1	T	1	0	0	0	0	0	0	0	0	0	0	CTGGA
chr7	55242422	1	G	1	0	0	0	0	0	0	0	0	0	0	TGGAT
chr7	55242423	1	G	1	0	0	0	0	0	0	0	0	0	0	GGATC
chr7	55242424	1	A	1	0	0	0	0	0	0	0	0	0	0	GATCC
chr7	55242425	1	T	1	0	0	0	0	0	0	0	0	0	0	ATCCC
chr7	55242426	1	C	1	0	0	0	0	0	0	0	0	0	0	TCCCA
chr7	55242427	1	C	1	0	0	0	0	0	0	0	0	0	0	CCCAG
chr7	55242428	1	C	1	0	0	0	0	0	0	0	0	0	0	CCAGA
chr7	55242429	1	A	1	0	0	0	0	0	0	0	0	0	0	CAGAA
chr7	55242430	1	G	1	0	0	0	0	0	0	0	0	0	0	AGAAG
chr7	55242431	1	A	1	0	0	0	0	0	0	0	0	0	0	GAAGG
chr7	55242432	1	A	1	0	0	0	0	0	0	0	0	0	0	AAGGT
chr7	55242433	1	G	1	0	0	0	0	0	0	0	0	0	0	AGGTG
chr7	55242434	1	G	1	0	0	0	0	0	0	0	0	0	0	GGTGA
chr7	55242435	1	T	1	0	0	0	0	0	0	0	0	0	0	GTGAG
chr7	55242436	1	G	1	0	0	0	0	0	0	0	0	0	0	TGAGA
chr7	55242437	1	A	1	0	0	0	0	0	0	0	0	0	0	GAGAA
chr7	55242438	1	G	1	0	0	0	0	0	0	0	0	0	0	AGAAA
chr7	55242439	1	A	1	0	0	0	0	0	0	0	0	0	0	GAAAG
chr7	55242440	1	A	1	0	0	0	0	0	0	0	0	0	0	AAAGT
chr7	55242441	1	A	1	0	0	0	0	0	0	0	0	0	0	AAGTT
chr7	55242442	1	G	1	0	0	0	0	0	0	0	0	0	0	AGTTA
chr7	55242443	1	T	1	0	0	0	0	0	0	0	0	0	0	GTTAA
chr7	55242444	1	T	1	0	0	0	0	0	0	0	0	0	0	TTAAA
chr7	55242445	1	A	1	0	0	0	0	0	0	0	0	0	0	TAAAA
chr7	55242446	1	A	1	0	0	0	0	0	0	0	0	0	0	AAAAT
chr7	55242447	1	A	1	0	0	0	0	0	0	0	0	0	0	AAATT
chr7	55242448	1	A	1	0	0	0	0	0	0	0	0	0	0	AATTC
chr7	55242449	1	T	1	0	0	0	0	0	0	0	0	0	0	ATTCC
chr7	55242450	1	T	1	0	0	0	0	0	0	0	0	0	0	TTCCC
chr7	55242451	1	C	1	0	0	0	0	0	0	0	0	0	0	TCCCG
chr7	55242452	1	C	1	0	0	0	0	0	0	0	0	0	0	CCCGT
chr7	55242453	1	C	1	0	0	0	0	0	0	0	0	0	0	CCGTC
chr7	55242454	1	G	1	0	0	0	0	0	0	0	0	0	0	CGTCG
chr7	55242455	1	T	1	0	0	0	0	0	0	0	0	0	0	GTCGC
chr7	55242456	1	C	1	0	0	0	0	0	0	0	0	0	0	TCGCT
chr7	55242457	1	G	1	0	0	0	0	0	0	0	0	0	0	CGCTA
chr7	55242458	1	C	1	0	0	0	0	0	0	0	0	0	0	GCTAT
chr7	55242459	1	T	1	0	0	0	0	0	0	0	0	0	0	CTATC
chr7	55242460	1	A	1	0	0	0	0	0	0	0	0	0	0	TATCA
chr7	55242461	1	T	1	0	0	0	0	0	0	0	0	0	0	ATCAA
chr7	55242462	1	C	1	0	0	0	0	0	0	0	0	0	0	TCAAG
chr7	55242463	1	A	1	0	0	0	0	0	0	0	0	0	0	CAAGG
chr7	55242464	1	A	1	0	0	0	0	0	0	0	0	0	0	AAGGA
chr7	55242465	1	G	1	0	0	0	0	0	0	0	0	0	0	AGGAA
chr7	55242466	1	G	1	0	0	0	0	0	0	0	0	0	0	GGAAT
chr7	55242467	1	A	1	0	0	0	0	0	0	0	0	0	0	GAATT
chr7	55242468	1	A	1	0	0	0	0	0	0	0	0	0	0	AATTA
chr7	55242469	1	T	1	0	0	0	0	0	0	0	0	0	0	ATTAA
chr7	55242470	1	T	1	0	0	0	0	0	0	0	0	0	0	TTAAG
chr7	55242471	1	A	1	0	0	0	0	0	0	0	0	0	0	TAAGA
chr7	55242472	1	A	1	0	0	0	0	0	0	0	0	0	0	AAGAG
chr7	55242473	1	G	1	0	0	0	0	0	0	0	0	0	0	AGAGA
chr7	55242474	1	A	1	0	0	0	0	0	0	0	0	0	0	GAGAA
chr7	55242475	1	G	1	0	0	0	0	0	0	0	0	0	0	AGAAG
chr7	55242476	1	A	1	0	0	0	0	0	0	0	0	0	0	GAAGC
chr7	55242477	1	A	1	0	0	0	0	0	0	0	0	0	0	AAGCA
chr7	55242478	1	G	1	0	0	0	0	0	0	0	0	0	0	AGCAA
chr7	55242479	1	C	1	0	0	0	0	0	0	0	0	0	0	GCAAC
chr7	55242480	1	A	1	0	0	0	0	0	0	0	0	0	0	CAACA
chr7	55242481	1	A	1	0	0	0	0	0	0	0	0	0	0	AACAT
chr7	55248986	1	G	1	0	0	0	0	0	0	0	0	0	0	GGAAG
chr7	55248987	1	A	1	0	0	0	0	0	0	0	0	0	0	GAAGC
chr7	55248988	1	A	1	0	0	0	0	0	0	0	0	0	0	AAGCC
chr7	55248989	1	G	1	0	0	0	0	0	0	0	0	0	0	AGCCT
chr7	55248990	1	C	1	0	0	0	0	0	0	0	0	0	0	GCCTA
chr7	55248991	1	C	1	0	0	0	0	0	0	0	0	0	0	CCTAC
chr7	55248992	1	T	1	0	0	0	0	0	0	0	0	0	0	CTACG
chr7	55248993	1	A	1	0	0	0	0	0	0	0	0	0	0	TACGT
chr7	55248994	1	C	1	0	0	0	0	0	0	0	0	0	0	ACGTG
chr7	55248995	1	G	1	0	0	0	0	0	0	0	0	0	0	CGTGA
chr7	55248996	1	T	1	0	0	0	0	0	0	0	0	0	0	GTGAT
chr7	55248997	1	G	1	0	0	0	0	0	0	0	0	0	0	TGATG
chr7	55248998	1	A	1	0	0	0	0	0	0	0	0	0	0	GATGG
chr7	55248999	1	T	1	0	0	0	0	0	0	0	0	0	0	ATGGC
chr7	55249000	1	G	1	0	0	0	0	0	0	0	0	0	0	TGGCC
chr7	55249001	1	G	1	0	0	0	0	0	0	0	0	0	0	GGCCA
chr7	55249002	1	C	1	0	0	0	0	0	0	0	0	0	0	GCCAG
chr7	55249003	1	C	1	0	0	0	0	0	0	0	0	0	0	CCAGC
chr7	55249004	1	A	1	0	0	0	0	0	0	0	0	0	0	CAGCG
chr7	55249005	1	G	1	0	0	0	0	0	0	0	0	0	0	AGCGT
chr7	55249006	1	C	1	0	0	0	0	0	0	0	0	0	0	GCGTG
chr7	55249007	1	G	1	0	0	0	0	0	0	0	0	0	0	CGTGG
chr7	55249008	1	T	1	0	0	0	0	0	0	0	0	0	0	GTGGA
chr7	55249009	1	G	1	0	0	0	0	0	0	0	0	0	0	TGGAC
chr7	55249010	1	G	1	0	0	0	0	0	0	0	0	0	0	GGACA
chr7	55249011	1	A	1	0	0	0	0	0	0	0	0	0	0	GACAA
chr7	55249012	1	C	1	0	0	0	0	0	0	0	0	0	0	ACAAC
chr7	55249013	1	A	1	0	0	0	0	0	0	0	0	0	0	CAACC
chr7	55249014	1	A	1	0	0	0	0	0	0	0	0	0	0	AACCC
chr7	55249015	1	C	1	0	0	0	0	0	0	0	0	0	0	ACCCC
chr7	55249016	1	C	1	0	0	0	0	0	0	0	0	0	0	CCCCC
chr7	55249017	1	C	1	0	0	0	0	0	0	0	0	0	0	CCCCA
chr7	55249018	1	C	1	0	0	0	0	0	0	0	0	0	0	CCCAC
chr7	55249019	1	C	1	0	0	0	0	0	0	0	0	0	0	CCACG
chr7	55249020	1	A	1	0	0	0	0	0	0	0	0	0	0	CACGT
chr7	55249021	1	C	1	0	0	0	0	0	0	0	0	0	0	ACGTG
chr7	55249022	1	G	1	0	0	0	0	0	0	0	0	0	0	CGTGT
chr7	55249023	1	T	1	0	0	0	0	0	0	0	0	0	0	GTGTG
chr7	55249024	1	G	1	0	0	0	0	0	0	0	0	0	0	TGTGC
chr7	55249025	1	T	1	0	0	0	0	0	0	0	0	0	0	GTGCC
chr7	55249026	1	G	1	0	0	0	0	0	0	0	0	0	0	TGCCG
chr7	55249027	1	C	1	0	0	0	0	0	0	0	0	0	0	GCCGC
chr7	55249028	1	C	1	0	0	0	0	0	0	0	0	0	0	CCGCC
chr7	55249029	1	G	1	0	0	0	0	0	0	0	0	0	0	CGCCT
chr7	55249030	1	C	1	0	0	0	0	0	0	0	0	0	0	GCCTG
chr7	55249031	1	C	1	0	0	0	0	0	0	0	0	0	0	CCTGC
chr7	55249032	1	T	1	0	0	0	0	0	0	0	0	0	0	CTGCT
chr7	55249033	1	G	0	1	0	0	0	0	0	0	0	0	0	TGCTG
chr7	55249034	1	C	0	1	0	0	0	0	0	0	0	0	0	GCTGG
chr7	55249035	1	T	0	1	0	0	0	0	0	0	0	0	0	CTGGG
chr7	55259523	1	C	0	1	0	0	0	0	0	0	0	0	0	ACTGC
chr7	55259524	1	T	0	1	0	0	0	0	0	0	0	0	0	CTGCT
chr7	55259525	1	G	0	1	0	0	0	0	0	0	0	0	0	TGCTG
chr7	140453135	1284	C	428	853	0	0	0	0	0	3	0	0	0	TCACT
chr7	140453136	1282	A	430	852	0	0	0	0	0	0	0	0	0	CACTG
chr7	140453137	1244	C	439	790	0	2	0	0	1	11	0	1	0	ACTGT
chr12	330121	1	T	0	1	0	0	0	0	0	0	0	0	0	GTGAG	nan	nan	nan	nan
chr12	25380274	2210	C	1271	939	0	0	0	0	0	0	0	0	0	TCTTG
chr12	25380275	2213	T	1274	937	1	0	0	0	0	0	1	0	0	CTTGA
chr12	25380276	2214	T	1265	930	0	0	18	0	0	0	1	0	0	TTGAC
chr12	25380277	2204	G	1281	923	0	0	0	0	0	0	0	0	0	TGACC
chr12	25380278	2188	A	1271	911	0	0	0	0	0	0	1	5	0	GACCT
chr12	25398283	1803	A	700	1102	0	0	0	0	0	0	0	1	0	CACCA
chr12	25398284	1832	C	700	1131	1	0	0	0	0	0	0	0	0	ACCAG
chr12	25398285	1825	C	699	1126	0	0	0	0	0	0	0	0	0	CCAGC
chr12	25398286	1807	A	697	1109	0	0	0	0	0	0	0	1	0	CAGCT
