CHR	POS	DEPTH	REF	R+	R-	A+	A-	C+	C-	T+	T-	G+	G-	PAD	MOTIF
chr7	1276243	1	c	0	1	0	0	0	0	0	0	0	0	0	GCGCC	nan	nan	nan	nan
chr7	55241706	1	G	0	1	0	0	0	0	0	0	0	0	0	TGGGC
chr7	55241707	1	G	0	1	0	0	0	0	0	0	0	0	0	GGGCT
chr7	55241708	1	G	0	1	0	0	0	0	0	0	0	0	0	GGCTC
chr7	55241709	1	C	0	1	0	0	0	0	0	0	0	0	0	GCTCC
chr7	140453135	422	C	171	250	0	0	0	0	1	0	0	0	0	TCACT
chr7	140453136	421	A	174	247	0	0	0	0	0	0	0	0	0	CACTG
chr7	140453137	408	C	172	233	0	1	0	0	0	2	0	0	0	ACTGT
chr12	369017	1	C	1	0	0	0	0	0	0	0	0	0	0	CCTCC	nan	nan	nan	nan
chr12	25380274	771	C	443	327	0	0	0	0	0	1	0	0	0	TCTTG
chr12	25380275	776	T	444	332	0	0	0	0	0	0	0	0	0	CTTGA
chr12	25380276	780	T	438	333	0	0	8	1	0	0	0	0	0	TTGAC
chr12	25380277	767	G	443	323	0	1	0	0	0	0	0	0	0	TGACC
chr12	25380278	766	A	446	318	0	0	0	0	0	0	0	2	0	GACCT
chr12	25398283	663	A	265	394	0	0	0	1	0	0	0	2	0	CACCA
chr12	25398284	671	C	263	407	0	0	0	0	0	0	0	0	0	ACCAG
chr12	25398285	669	C	258	409	0	0	0	0	0	1	0	0	0	CCAGC
chr12	25398286	677	A	257	419	0	0	0	1	0	0	0	0	0	CAGCT
