CHR	POS	DEPTH	REF	R+	R-	A+	A-	C+	C-	T+	T-	G+	G-	PAD	MOTIF
chr7	1026030	1	C	1	0	0	0	0	0	0	0	0	0	229	CCTGC	nan	nan	nan	nan
chr7	55259514	1	C	1	0	0	0	0	0	0	0	0	0	0	GCTGG
chr7	55259515	1	T	1	0	0	0	0	0	0	0	0	0	0	CTGGC
chr7	55259516	1	G	1	0	0	0	0	0	0	0	0	0	0	TGGCC
chr7	55259523	1	C	1	0	0	0	0	0	0	0	0	0	0	ACTGC
chr7	55259524	1	T	1	0	0	0	0	0	0	0	0	0	0	CTGCT
chr7	55259525	1	G	1	0	0	0	0	0	0	0	0	0	0	TGCTG
chr7	140453135	230	C	72	156	0	0	0	0	1	1	0	0	0	TCACT
chr7	140453136	228	A	74	153	0	0	0	0	0	0	1	0	0	CACTG
chr7	140453137	223	C	75	147	0	1	0	0	0	0	0	0	0	ACTGT
chr12	332357	1	C	1	0	0	0	0	0	0	0	0	0	0	ACTGG	nan	nan	nan	nan
chr12	25380274	808	C	429	379	0	0	0	0	0	0	0	0	0	TCTTG
chr12	25380275	812	T	430	382	0	0	0	0	0	0	0	0	0	CTTGA
chr12	25380276	825	T	430	388	0	0	7	0	0	0	0	0	0	TTGAC
chr12	25380277	822	G	436	386	0	0	0	0	0	0	0	0	0	TGACC
chr12	25380278	814	A	428	383	0	0	0	0	0	0	0	3	0	GACCT
chr12	25398283	623	A	230	391	0	0	0	1	0	0	0	1	0	CACCA
chr12	25398284	634	C	226	408	0	0	0	0	0	0	0	0	0	ACCAG
chr12	25398285	636	C	226	410	0	0	0	0	0	0	0	0	0	CCAGC
chr12	25398286	635	A	225	410	0	0	0	0	0	0	0	0	0	CAGCT
