CHR	POS	DEPTH	REF	R+	R-	A+	A-	C+	C-	T+	T-	G+	G-	PAD	MOTIF
chr7	1024126	1	G	1	0	0	0	0	0	0	0	0	0	0	GGTCA	nan	nan	nan	nan
chr7	55249011	1	A	1	0	0	0	0	0	0	0	0	0	0	GACAA
chr7	55249012	1	C	1	0	0	0	0	0	0	0	0	0	0	ACAAC
chr7	55249013	1	A	1	0	0	0	0	0	0	0	0	0	0	CAACC
chr7	55249014	1	A	1	0	0	0	0	0	0	0	0	0	0	AACCC
chr7	55249015	1	C	1	0	0	0	0	0	0	0	0	0	0	ACCCC
chr7	55249016	1	C	1	0	0	0	0	0	0	0	0	0	0	CCCCC
chr7	55249017	1	C	1	0	0	0	0	0	0	0	0	0	0	CCCCA
chr7	55249018	1	C	1	0	0	0	0	0	0	0	0	0	0	CCCAC
chr7	55249019	1	C	1	0	0	0	0	0	0	0	0	0	0	CCACG
chr7	55249020	1	A	1	0	0	0	0	0	0	0	0	0	0	CACGT
chr7	55249021	1	C	1	0	0	0	0	0	0	0	0	0	0	ACGTG
chr7	55249022	1	G	1	0	0	0	0	0	0	0	0	0	0	CGTGT
chr7	55249023	1	T	1	0	0	0	0	0	0	0	0	0	0	GTGTG
chr7	55249024	1	G	1	0	0	0	0	0	0	0	0	0	0	TGTGC
chr7	55249025	1	T	1	0	0	0	0	0	0	0	0	0	0	GTGCC
chr7	55249026	1	G	1	0	0	0	0	0	0	0	0	0	0	TGCCG
chr7	55249027	1	C	1	0	0	0	0	0	0	0	0	0	0	GCCGC
chr7	55249028	1	C	1	0	0	0	0	0	0	0	0	0	0	CCGCC
chr7	55249029	1	G	1	0	0	0	0	0	0	0	0	0	0	CGCCT
chr7	55249030	1	C	1	0	0	0	0	0	0	0	0	0	0	GCCTG
chr7	55249031	1	C	1	0	0	0	0	0	0	0	0	0	0	CCTGC
chr7	55249032	1	T	1	0	0	0	0	0	0	0	0	0	0	CTGCT
chr7	55249033	1	G	1	0	0	0	0	0	0	0	0	0	0	TGCTG
chr7	55249034	1	C	1	0	0	0	0	0	0	0	0	0	0	GCTGG
chr7	55249035	1	T	1	0	0	0	0	0	0	0	0	0	0	CTGGG
chr7	55249036	1	G	1	0	0	0	0	0	0	0	0	0	0	TGGGC
chr7	55249037	1	G	1	0	0	0	0	0	0	0	0	0	0	GGGCA
chr7	55249038	1	G	1	0	0	0	0	0	0	0	0	0	0	GGCAT
chr7	55249039	1	C	1	0	0	0	0	0	0	0	0	0	0	GCATC
chr7	55249040	1	A	1	0	0	0	0	0	0	0	0	0	0	CATCT
chr7	55249041	1	T	1	0	0	0	0	0	0	0	0	0	0	ATCTG
chr7	55249042	1	C	1	0	0	0	0	0	0	0	0	0	0	TCTGC
chr7	55249043	1	T	1	0	0	0	0	0	0	0	0	0	0	CTGCC
chr7	55249044	1	G	1	0	0	0	0	0	0	0	0	0	0	TGCCT
chr7	55249045	1	C	1	0	0	0	0	0	0	0	0	0	0	GCCTC
chr7	55249046	1	C	1	0	0	0	0	0	0	0	0	0	0	CCTCA
chr7	55249047	1	T	1	0	0	0	0	0	0	0	0	0	0	CTCAC
chr7	55249048	1	C	1	0	0	0	0	0	0	0	0	0	0	TCACC
chr7	55249049	1	A	1	0	0	0	0	0	0	0	0	0	0	CACCT
chr7	55249050	1	C	1	0	0	0	0	0	0	0	0	0	0	ACCTC
chr7	55249051	1	C	1	0	0	0	0	0	0	0	0	0	0	CCTCC
chr7	55249052	1	T	1	0	0	0	0	0	0	0	0	0	0	CTCCA
chr7	55249053	1	C	1	0	0	0	0	0	0	0	0	0	0	TCCAC
chr7	55249054	1	C	1	0	0	0	0	0	0	0	0	0	0	CCACC
chr7	55249055	1	A	1	0	0	0	0	0	0	0	0	0	0	CACCG
chr7	55249056	1	C	1	0	0	0	0	0	0	0	0	0	0	ACCGT
chr7	55249057	1	C	1	0	0	0	0	0	0	0	0	0	0	CCGTG
chr7	55249058	1	G	1	0	0	0	0	0	0	0	0	0	0	CGTGC
chr7	55249059	1	T	1	0	0	0	0	0	0	0	0	0	0	GTGCA
chr7	55249060	1	G	1	0	0	0	0	0	0	0	0	0	0	TGCAG
chr7	55249061	1	C	1	0	0	0	0	0	0	0	0	0	0	GCAGC
chr7	55249062	1	A	1	0	0	0	0	0	0	0	0	0	0	CAGCT
chr7	55249063	1	G	1	0	0	0	0	0	0	0	0	0	0	AGCTC
chr7	55249064	1	C	1	0	0	0	0	0	0	0	0	0	0	GCTCA
chr7	55249065	1	T	1	0	0	0	0	0	0	0	0	0	0	CTCAT
chr7	55249066	1	C	1	0	0	0	0	0	0	0	0	0	0	TCATC
chr7	55249067	1	A	1	0	0	0	0	0	0	0	0	0	0	CATCA
chr7	55249068	1	T	1	0	0	0	0	0	0	0	0	0	0	ATCAC
chr7	55249069	1	C	1	0	0	0	0	0	0	0	0	0	0	TCACG
chr7	55249070	1	A	1	0	0	0	0	0	0	0	0	0	0	CACGC
chr7	55249071	1	C	1	0	0	0	0	0	0	0	0	0	0	ACGCA
chr7	55249072	1	G	1	0	0	0	0	0	0	0	0	0	0	CGCAG
chr7	55249073	1	C	1	0	0	0	0	0	0	0	0	0	0	GCAGC
chr7	55249074	1	A	1	0	0	0	0	0	0	0	0	0	0	CAGCT
chr7	55249075	1	G	1	0	0	0	0	0	0	0	0	0	0	AGCTC
chr7	55249076	1	C	1	0	0	0	0	0	0	0	0	0	0	GCTCA
chr7	55249077	1	T	1	0	0	0	0	0	0	0	0	0	0	CTCAT
chr7	55249078	1	C	1	0	0	0	0	0	0	0	0	0	0	TCATG
chr7	55249079	1	A	1	0	0	0	0	0	0	0	0	0	0	CATGC
chr7	55249080	1	T	1	0	0	0	0	0	0	0	0	0	0	ATGCC
chr7	55249082	1	C	1	0	0	0	0	0	0	0	0	0	0	GCCCT
chr7	55249083	1	C	1	0	0	0	0	0	0	0	0	0	0	CCCTT
chr7	55249084	1	C	1	0	0	0	0	0	0	0	0	0	0	CCTTC
chr7	55249085	1	T	1	0	0	0	0	0	0	0	0	0	0	CTTCG
chr7	55249086	1	T	1	0	0	0	0	0	0	0	0	0	0	TTCGG
chr7	55249087	1	C	1	0	0	0	0	0	0	0	0	0	0	TCGGC
chr7	55249088	1	G	1	0	0	0	0	0	0	0	0	0	0	CGGCT
chr7	55249089	1	G	1	0	0	0	0	0	0	0	0	0	0	GGCTG
chr7	55249090	1	C	1	0	0	0	0	0	0	0	0	0	0	GCTGC
chr7	55249091	1	T	1	0	0	0	0	0	0	0	0	0	0	CTGCC
chr7	55249092	1	G	1	0	0	0	0	0	0	0	0	0	0	TGCCT
chr7	55249093	1	C	1	0	0	0	0	0	0	0	0	0	0	GCCTC
chr7	55249094	1	C	1	0	0	0	0	0	0	0	0	0	0	CCTCC
chr7	55249095	1	T	1	0	0	0	0	0	0	0	0	0	0	CTCCT
chr7	55249096	1	C	1	0	0	0	0	0	0	0	0	0	0	TCCTG
chr7	55249097	1	C	1	0	0	0	0	0	0	0	0	0	0	CCTGG
chr7	55249098	1	T	1	0	0	0	0	0	0	0	0	0	0	CTGGA
chr7	55249099	1	G	1	0	0	0	0	0	0	0	0	0	0	TGGAC
chr7	55249100	1	G	1	0	0	0	0	0	0	0	0	0	0	GGACT
chr7	55249101	1	A	1	0	0	0	0	0	0	0	0	0	0	GACTA
chr7	55249102	1	C	1	0	0	0	0	0	0	0	0	0	0	ACTAT
chr7	55249103	1	T	1	0	0	0	0	0	0	0	0	0	0	CTATG
chr7	55249104	1	A	1	0	0	0	0	0	0	0	0	0	0	TATGT
chr7	55249105	1	T	1	0	0	0	0	0	0	0	0	0	0	ATGTC
chr7	55249106	1	G	1	0	0	0	0	0	0	0	0	0	0	TGTCC
chr7	55249107	1	T	1	0	0	0	0	0	0	0	0	0	0	GTCCG
chr7	55249108	1	C	1	0	0	0	0	0	0	0	0	0	0	TCCGG
chr7	55249109	1	C	1	0	0	0	0	0	0	0	0	0	0	CCGGG
chr7	55249110	1	G	1	0	0	0	0	0	0	0	0	0	0	CGGGA
chr7	55249111	1	G	1	0	0	0	0	0	0	0	0	0	0	GGGAA
chr7	55249112	1	G	1	0	0	0	0	0	0	0	0	0	0	GGAAC
chr7	55249113	1	A	1	0	0	0	0	0	0	0	0	0	0	GAACA
chr7	55249114	1	A	1	0	0	0	0	0	0	0	0	0	0	AACAC
chr7	55249115	1	C	1	0	0	0	0	0	0	0	0	0	0	ACACA
chr7	55249116	1	A	1	0	0	0	0	0	0	0	0	0	0	CACAA
chr7	55249117	1	C	1	0	0	0	0	0	0	0	0	0	0	ACAAA
chr7	55249118	1	A	1	0	0	0	0	0	0	0	0	0	0	CAAAG
chr7	55249119	1	A	1	0	0	0	0	0	0	0	0	0	0	AAAGA
chr7	55249120	1	A	1	0	0	0	0	0	0	0	0	0	0	AAGAC
chr7	55249121	1	G	1	0	0	0	0	0	0	0	0	0	0	AGACA
chr7	55249122	1	A	1	0	0	0	0	0	0	0	0	0	0	GACAA
chr7	55249123	1	C	1	0	0	0	0	0	0	0	0	0	0	ACAAT
chr7	55249124	1	A	1	0	0	0	0	0	0	0	0	0	0	CAATA
chr7	55249125	1	A	1	0	0	0	0	0	0	0	0	0	0	AATAT
chr7	55249126	1	T	1	0	0	0	0	0	0	0	0	0	0	ATATT
chr7	55249127	1	A	1	0	0	0	0	0	0	0	0	0	0	TATTG
chr7	55249128	1	T	1	0	0	0	0	0	0	0	0	0	0	ATTGG
chr7	55249129	1	T	1	0	0	0	0	0	0	0	0	0	0	TTGGC
chr7	55249130	1	G	1	0	0	0	0	0	0	0	0	0	0	TGGCT
chr7	55249131	1	G	1	0	0	0	0	0	0	0	0	0	0	GGCTC
chr7	140453135	823	C	294	528	1	0	0	0	0	0	0	0	0	TCACT
chr7	140453136	821	A	298	523	0	0	0	0	0	0	0	0	0	CACTG
chr7	140453137	798	C	303	489	0	1	0	0	0	5	0	0	0	ACTGT
chr12	330681	1	G	1	0	0	0	0	0	0	0	0	0	0	AGTGT	nan	nan	nan	nan
chr12	25380274	856	C	539	317	0	0	0	0	0	0	0	0	0	TCTTG
chr12	25380275	856	T	540	316	0	0	0	0	0	0	0	0	0	CTTGA
chr12	25380276	859	T	536	320	1	0	2	0	0	0	0	0	0	TTGAC
chr12	25380277	847	G	535	311	0	0	1	0	0	0	0	0	0	TGACC
chr12	25380278	852	A	540	307	0	0	0	0	1	0	1	3	0	GACCT
chr12	25398283	859	A	369	487	0	0	0	0	2	0	0	1	0	CACCA
chr12	25398284	863	C	366	495	2	0	0	0	0	0	0	0	0	ACCAG
chr12	25398285	859	C	365	494	0	0	0	0	0	0	0	0	0	CCAGC
chr12	25398286	860	A	363	497	0	0	0	0	0	0	0	0	0	CAGCT
