CHR	POS	DEPTH	REF	R+	R-	A+	A-	C+	C-	T+	T-	G+	G-	PAD	MOTIF
chr7	1022662	1	G	1	0	0	0	0	0	0	0	0	0	185	AGCCC	nan	nan	nan	nan
chr7	55241706	26	G	8	17	0	0	0	0	0	1	0	0	0	TGGGC
chr7	55241707	26	G	8	18	0	0	0	0	0	0	0	0	0	GGGCT
chr7	55241708	26	G	8	18	0	0	0	0	0	0	0	0	0	GGCTC
chr7	55241709	26	C	8	18	0	0	0	0	0	0	0	0	0	GCTCC
chr7	55242415	16	G	6	10	0	0	0	0	0	0	0	0	0	GGGAC
chr7	55242416	16	G	6	10	0	0	0	0	0	0	0	0	0	GGACT
chr7	55242417	16	A	6	10	0	0	0	0	0	0	0	0	0	GACTC
chr7	55242418	16	C	6	10	0	0	0	0	0	0	0	0	0	ACTCT
chr7	55242419	16	T	6	10	0	0	0	0	0	0	0	0	0	CTCTG
chr7	55242420	16	C	6	10	0	0	0	0	0	0	0	0	0	TCTGG
chr7	55242421	16	T	6	10	0	0	0	0	0	0	0	0	0	CTGGA
chr7	55242422	16	G	6	10	0	0	0	0	0	0	0	0	0	TGGAT
chr7	55242423	16	G	6	10	0	0	0	0	0	0	0	0	0	GGATC
chr7	55242424	16	A	6	10	0	0	0	0	0	0	0	0	0	GATCC
chr7	55242425	17	T	7	10	0	0	0	0	0	0	0	0	0	ATCCC
chr7	55242426	17	C	7	10	0	0	0	0	0	0	0	0	0	TCCCA
chr7	55242427	17	C	7	10	0	0	0	0	0	0	0	0	0	CCCAG
chr7	55242428	17	C	7	10	0	0	0	0	0	0	0	0	0	CCAGA
chr7	55242429	18	A	7	11	0	0	0	0	0	0	0	0	0	CAGAA
chr7	55242430	18	G	7	11	0	0	0	0	0	0	0	0	0	AGAAG
chr7	55242431	18	A	7	11	0	0	0	0	0	0	0	0	0	GAAGG
chr7	55242432	18	A	7	11	0	0	0	0	0	0	0	0	0	AAGGT
chr7	55242433	20	G	7	13	0	0	0	0	0	0	0	0	0	AGGTG
chr7	55242434	21	G	8	13	0	0	0	0	0	0	0	0	0	GGTGA
chr7	55242435	21	T	7	14	0	0	0	0	0	0	0	0	0	GTGAG
chr7	55242436	27	G	10	17	0	0	0	0	0	0	0	0	0	TGAGA
chr7	55242437	28	A	10	18	0	0	0	0	0	0	0	0	0	GAGAA
chr7	55242438	28	G	10	18	0	0	0	0	0	0	0	0	0	AGAAA
chr7	55242439	29	A	10	19	0	0	0	0	0	0	0	0	0	GAAAG
chr7	55242440	28	A	9	19	0	0	0	0	0	0	0	0	0	AAAGT
chr7	55242441	28	A	9	19	0	0	0	0	0	0	0	0	0	AAGTT
chr7	55242442	32	G	13	19	0	0	0	0	0	0	0	0	0	AGTTA
chr7	55242443	33	T	14	19	0	0	0	0	0	0	0	0	0	GTTAA
chr7	55242444	34	T	14	20	0	0	0	0	0	0	0	0	0	TTAAA
chr7	55242445	33	A	14	19	0	0	0	0	0	0	0	0	0	TAAAA
chr7	55242446	33	A	14	19	0	0	0	0	0	0	0	0	0	AAAAT
chr7	55242447	33	A	14	19	0	0	0	0	0	0	0	0	0	AAATT
chr7	55242448	34	A	16	18	0	0	0	0	0	0	0	0	0	AATTC
chr7	55242449	35	T	18	17	0	0	0	0	0	0	0	0	0	ATTCC
chr7	55242450	35	T	18	17	0	0	0	0	0	0	0	0	0	TTCCC
chr7	55242451	33	C	16	17	0	0	0	0	0	0	0	0	0	TCCCG
chr7	55242452	33	C	16	17	0	0	0	0	0	0	0	0	0	CCCGT
chr7	55242453	32	C	15	17	0	0	0	0	0	0	0	0	0	CCGTC
chr7	55242454	32	G	15	17	0	0	0	0	0	0	0	0	0	CGTCG
chr7	55242455	32	T	15	17	0	0	0	0	0	0	0	0	0	GTCGC
chr7	55242456	32	C	15	17	0	0	0	0	0	0	0	0	0	TCGCT
chr7	55242457	32	G	14	17	1	0	0	0	0	0	0	0	0	CGCTA
chr7	55242458	32	C	15	17	0	0	0	0	0	0	0	0	0	GCTAT
chr7	55242459	32	T	15	17	0	0	0	0	0	0	0	0	0	CTATC
chr7	55242460	32	A	15	17	0	0	0	0	0	0	0	0	0	TATCA
chr7	55242461	32	T	15	17	0	0	0	0	0	0	0	0	0	ATCAA
chr7	55242462	32	C	15	17	0	0	0	0	0	0	0	0	0	TCAAG
chr7	55242463	32	A	15	17	0	0	0	0	0	0	0	0	0	CAAGG
chr7	55242464	32	A	14	18	0	0	0	0	0	0	0	0	0	AAGGA
chr7	55242465	32	G	13	19	0	0	0	0	0	0	0	0	0	AGGAA
chr7	55242466	33	G	13	20	0	0	0	0	0	0	0	0	0	GGAAT
chr7	55242467	33	A	13	20	0	0	0	0	0	0	0	0	0	GAATT
chr7	55242468	34	A	13	21	0	0	0	0	0	0	0	0	0	AATTA
chr7	55242469	34	T	13	21	0	0	0	0	0	0	0	0	0	ATTAA
chr7	55242470	34	T	14	20	0	0	0	0	0	0	0	0	0	TTAAG
chr7	55242471	34	A	14	20	0	0	0	0	0	0	0	0	0	TAAGA
chr7	55242472	34	A	14	20	0	0	0	0	0	0	0	0	0	AAGAG
chr7	55242473	34	G	14	20	0	0	0	0	0	0	0	0	0	AGAGA
chr7	55242474	35	A	14	21	0	0	0	0	0	0	0	0	0	GAGAA
chr7	55242475	36	G	15	21	0	0	0	0	0	0	0	0	0	AGAAG
chr7	55242476	37	A	16	21	0	0	0	0	0	0	0	0	0	GAAGC
chr7	55242477	37	A	16	21	0	0	0	0	0	0	0	0	0	AAGCA
chr7	55242478	40	G	16	24	0	0	0	0	0	0	0	0	0	AGCAA
chr7	55242479	39	C	16	23	0	0	0	0	0	0	0	0	0	GCAAC
chr7	55242480	38	A	15	23	0	0	0	0	0	0	0	0	0	CAACA
chr7	55242481	39	A	16	23	0	0	0	0	0	0	0	0	0	AACAT
chr7	55242482	39	C	16	23	0	0	0	0	0	0	0	0	0	ACATC
chr7	55242483	39	A	16	23	0	0	0	0	0	0	0	0	0	CATCT
chr7	55242484	37	T	16	21	0	0	0	0	0	0	0	0	0	ATCTC
chr7	55242485	37	C	18	19	0	0	0	0	0	0	0	0	0	TCTCC
chr7	55242486	37	T	18	19	0	0	0	0	0	0	0	0	0	CTCCG
chr7	55242487	37	C	17	20	0	0	0	0	0	0	0	0	0	TCCGA
chr7	55242488	37	C	17	20	0	0	0	0	0	0	0	0	0	CCGAA
chr7	55242489	36	G	17	19	0	0	0	0	0	0	0	0	0	CGAAA
chr7	55242490	36	A	17	19	0	0	0	0	0	0	0	0	0	GAAAG
chr7	55242491	36	A	17	19	0	0	0	0	0	0	0	0	0	AAAGC
chr7	55242492	36	A	17	19	0	0	0	0	0	0	0	0	0	AAGCC
chr7	55242493	36	G	17	19	0	0	0	0	0	0	0	0	0	AGCCA
chr7	55242494	35	C	16	19	0	0	0	0	0	0	0	0	0	GCCAA
chr7	55242495	35	C	16	19	0	0	0	0	0	0	0	0	0	CCAAC
chr7	55242496	35	A	16	19	0	0	0	0	0	0	0	0	0	CAACA
chr7	55242497	35	A	16	19	0	0	0	0	0	0	0	0	0	AACAA
chr7	55242498	35	C	16	19	0	0	0	0	0	0	0	0	0	ACAAG
chr7	55242499	34	A	15	19	0	0	0	0	0	0	0	0	0	CAAGG
chr7	55242500	34	A	15	19	0	0	0	0	0	0	0	0	0	AAGGA
chr7	55242501	34	G	15	19	0	0	0	0	0	0	0	0	0	AGGAA
chr7	55242502	34	G	15	19	0	0	0	0	0	0	0	0	0	GGAAA
chr7	55242503	34	A	15	19	0	0	0	0	0	0	0	0	0	GAAAT
chr7	55242504	34	A	15	19	0	0	0	0	0	0	0	0	0	AAATC
chr7	55242505	34	A	15	19	0	0	0	0	0	0	0	0	0	AATCC
chr7	55242506	34	T	15	19	0	0	0	0	0	0	0	0	0	ATCCT
chr7	55242507	34	C	15	19	0	0	0	0	0	0	0	0	0	TCCTC
chr7	55242508	34	C	15	19	0	0	0	0	0	0	0	0	0	CCTCG
chr7	55242509	34	T	16	18	0	0	0	0	0	0	0	0	0	CTCGA
chr7	55242510	34	C	16	18	0	0	0	0	0	0	0	0	0	TCGAT
chr7	55242511	34	G	16	18	0	0	0	0	0	0	0	0	0	CGATG
chr7	55242512	34	A	16	18	0	0	0	0	0	0	0	0	0	GATGT
chr7	55242513	34	T	16	18	0	0	0	0	0	0	0	0	0	ATGTG
chr7	55248986	18	G	5	13	0	0	0	0	0	0	0	0	0	GGAAG
chr7	55248987	18	A	5	13	0	0	0	0	0	0	0	0	0	GAAGC
chr7	55248988	18	A	5	13	0	0	0	0	0	0	0	0	0	AAGCC
chr7	55248989	18	G	5	13	0	0	0	0	0	0	0	0	0	AGCCT
chr7	55248990	18	C	5	13	0	0	0	0	0	0	0	0	0	GCCTA
chr7	55248991	18	C	5	13	0	0	0	0	0	0	0	0	0	CCTAC
chr7	55248992	18	T	5	13	0	0	0	0	0	0	0	0	0	CTACG
chr7	55248993	18	A	5	13	0	0	0	0	0	0	0	0	0	TACGT
chr7	55248994	18	C	5	13	0	0	0	0	0	0	0	0	0	ACGTG
chr7	55248995	19	G	5	14	0	0	0	0	0	0	0	0	0	CGTGA
chr7	55248996	19	T	5	14	0	0	0	0	0	0	0	0	0	GTGAT
chr7	55248997	19	G	5	14	0	0	0	0	0	0	0	0	0	TGATG
chr7	55248998	19	A	5	14	0	0	0	0	0	0	0	0	0	GATGG
chr7	55248999	19	T	5	14	0	0	0	0	0	0	0	0	0	ATGGC
chr7	55249000	19	G	5	14	0	0	0	0	0	0	0	0	0	TGGCC
chr7	55249001	19	G	5	14	0	0	0	0	0	0	0	0	0	GGCCA
chr7	55249002	20	C	5	15	0	0	0	0	0	0	0	0	0	GCCAG
chr7	55249003	20	C	5	15	0	0	0	0	0	0	0	0	0	CCAGC
chr7	55249004	20	A	5	15	0	0	0	0	0	0	0	0	0	CAGCG
chr7	55249005	21	G	5	16	0	0	0	0	0	0	0	0	0	AGCGT
chr7	55249006	21	C	5	16	0	0	0	0	0	0	0	0	0	GCGTG
chr7	55249007	21	G	5	16	0	0	0	0	0	0	0	0	0	CGTGG
chr7	55249008	22	T	5	17	0	0	0	0	0	0	0	0	0	GTGGA
chr7	55249009	22	G	5	17	0	0	0	0	0	0	0	0	0	TGGAC
chr7	55249010	22	G	5	17	0	0	0	0	0	0	0	0	0	GGACA
chr7	55249011	22	A	5	17	0	0	0	0	0	0	0	0	0	GACAA
chr7	55249012	23	C	6	17	0	0	0	0	0	0	0	0	0	ACAAC
chr7	55249013	23	A	6	17	0	0	0	0	0	0	0	0	0	CAACC
chr7	55249014	23	A	6	17	0	0	0	0	0	0	0	0	0	AACCC
chr7	55249015	23	C	6	17	0	0	0	0	0	0	0	0	0	ACCCC
chr7	55249016	23	C	6	17	0	0	0	0	0	0	0	0	0	CCCCC
chr7	55249017	23	C	7	16	0	0	0	0	0	0	0	0	0	CCCCA
chr7	55249018	24	C	8	16	0	0	0	0	0	0	0	0	0	CCCAC
chr7	55249019	24	C	8	16	0	0	0	0	0	0	0	0	0	CCACG
chr7	55249020	25	A	9	16	0	0	0	0	0	0	0	0	0	CACGT
chr7	55249021	25	C	10	15	0	0	0	0	0	0	0	0	0	ACGTG
chr7	55249022	25	G	10	15	0	0	0	0	0	0	0	0	0	CGTGT
chr7	55249023	25	T	9	16	0	0	0	0	0	0	0	0	0	GTGTG
chr7	55249024	27	G	10	17	0	0	0	0	0	0	0	0	0	TGTGC
chr7	55249025	25	T	9	16	0	0	0	0	0	0	0	0	0	GTGCC
chr7	55249026	28	G	12	16	0	0	0	0	0	0	0	0	0	TGCCG
chr7	55249027	28	C	11	17	0	0	0	0	0	0	0	0	0	GCCGC
chr7	55249028	28	C	11	17	0	0	0	0	0	0	0	0	0	CCGCC
chr7	55249029	28	G	11	17	0	0	0	0	0	0	0	0	0	CGCCT
chr7	55249030	26	C	9	17	0	0	0	0	0	0	0	0	0	GCCTG
chr7	55249031	26	C	9	17	0	0	0	0	0	0	0	0	0	CCTGC
chr7	55249032	26	T	9	17	0	0	0	0	0	0	0	0	0	CTGCT
chr7	55249033	26	G	9	17	0	0	0	0	0	0	0	0	0	TGCTG
chr7	55249034	26	C	9	17	0	0	0	0	0	0	0	0	0	GCTGG
chr7	55249035	26	T	9	17	0	0	0	0	0	0	0	0	0	CTGGG
chr7	55249036	26	G	13	13	0	0	0	0	0	0	0	0	0	TGGGC
chr7	55249037	26	G	13	13	0	0	0	0	0	0	0	0	0	GGGCA
chr7	55249038	26	G	13	13	0	0	0	0	0	0	0	0	0	GGCAT
chr7	55249039	25	C	13	12	0	0	0	0	0	0	0	0	0	GCATC
chr7	55249040	25	A	13	12	0	0	0	0	0	0	0	0	0	CATCT
chr7	55249041	24	T	12	12	0	0	0	0	0	0	0	0	0	ATCTG
chr7	55249042	26	C	13	13	0	0	0	0	0	0	0	0	0	TCTGC
chr7	55249043	25	T	12	13	0	0	0	0	0	0	0	0	0	CTGCC
chr7	55249044	25	G	11	14	0	0	0	0	0	0	0	0	0	TGCCT
chr7	55249045	23	C	9	14	0	0	0	0	0	0	0	0	0	GCCTC
chr7	55249046	28	C	9	19	0	0	0	0	0	0	0	0	0	CCTCA
chr7	55249047	28	T	9	19	0	0	0	0	0	0	0	0	0	CTCAC
chr7	55249048	28	C	9	19	0	0	0	0	0	0	0	0	0	TCACC
chr7	55249049	28	A	9	19	0	0	0	0	0	0	0	0	0	CACCT
chr7	55249050	28	C	9	19	0	0	0	0	0	0	0	0	0	ACCTC
chr7	55249051	28	C	8	20	0	0	0	0	0	0	0	0	0	CCTCC
chr7	55249052	27	T	8	19	0	0	0	0	0	0	0	0	0	CTCCA
chr7	55249053	28	C	8	20	0	0	0	0	0	0	0	0	0	TCCAC
chr7	55249054	29	C	9	20	0	0	0	0	0	0	0	0	0	CCACC
chr7	55249055	28	A	8	20	0	0	0	0	0	0	0	0	0	CACCG
chr7	55249056	28	C	8	20	0	0	0	0	0	0	0	0	0	ACCGT
chr7	55249057	28	C	8	20	0	0	0	0	0	0	0	0	0	CCGTG
chr7	55249058	28	G	7	21	0	0	0	0	0	0	0	0	0	CGTGC
chr7	55249059	27	T	8	19	0	0	0	0	0	0	0	0	0	GTGCA
chr7	55249060	27	G	8	19	0	0	0	0	0	0	0	0	0	TGCAG
chr7	55249061	27	C	8	19	0	0	0	0	0	0	0	0	0	GCAGC
chr7	55249062	27	A	8	19	0	0	0	0	0	0	0	0	0	CAGCT
chr7	55249063	27	G	3	8	5	11	0	0	0	0	0	0	0	AGCTC
chr7	55249064	28	C	8	20	0	0	0	0	0	0	0	0	0	GCTCA
chr7	55249065	28	T	8	20	0	0	0	0	0	0	0	0	0	CTCAT
chr7	55249066	28	C	8	20	0	0	0	0	0	0	0	0	0	TCATC
chr7	55249067	28	A	8	20	0	0	0	0	0	0	0	0	0	CATCA
chr7	55249068	28	T	8	20	0	0	0	0	0	0	0	0	0	ATCAC
chr7	55249069	27	C	7	20	0	0	0	0	0	0	0	0	0	TCACG
chr7	55249070	27	A	7	20	0	0	0	0	0	0	0	0	0	CACGC
chr7	55249071	27	C	7	20	0	0	0	0	0	0	0	0	0	ACGCA
chr7	55249072	29	G	7	22	0	0	0	0	0	0	0	0	0	CGCAG
chr7	55249073	29	C	8	21	0	0	0	0	0	0	0	0	0	GCAGC
chr7	55249074	29	A	8	21	0	0	0	0	0	0	0	0	0	CAGCT
chr7	55249075	28	G	8	20	0	0	0	0	0	0	0	0	0	AGCTC
chr7	55249076	28	C	9	19	0	0	0	0	0	0	0	0	0	GCTCA
chr7	55249077	30	T	9	20	1	0	0	0	0	0	0	0	0	CTCAT
chr7	55249078	29	C	10	19	0	0	0	0	0	0	0	0	0	TCATG
chr7	55249079	27	A	8	19	0	0	0	0	0	0	0	0	0	CATGC
chr7	55249080	27	T	7	19	0	0	1	0	0	0	0	0	0	ATGCC
chr7	55249081	27	G	7	20	0	0	0	0	0	0	0	0	0	TGCCC
chr7	55249082	28	C	8	20	0	0	0	0	0	0	0	0	0	GCCCT
chr7	55249083	28	C	8	20	0	0	0	0	0	0	0	0	0	CCCTT
chr7	55249084	28	C	8	20	0	0	0	0	0	0	0	0	0	CCTTC
chr7	55249085	29	T	9	20	0	0	0	0	0	0	0	0	0	CTTCG
chr7	55249086	29	T	9	20	0	0	0	0	0	0	0	0	0	TTCGG
chr7	55249087	29	C	9	20	0	0	0	0	0	0	0	0	0	TCGGC
chr7	55249088	28	G	8	20	0	0	0	0	0	0	0	0	0	CGGCT
chr7	55249089	28	G	8	20	0	0	0	0	0	0	0	0	0	GGCTG
chr7	55249090	28	C	9	19	0	0	0	0	0	0	0	0	0	GCTGC
chr7	55249091	29	T	10	19	0	0	0	0	0	0	0	0	0	CTGCC
chr7	55249092	29	G	10	19	0	0	0	0	0	0	0	0	0	TGCCT
chr7	55249093	28	C	10	18	0	0	0	0	0	0	0	0	0	GCCTC
chr7	55249094	27	C	10	17	0	0	0	0	0	0	0	0	0	CCTCC
chr7	55249095	27	T	10	17	0	0	0	0	0	0	0	0	0	CTCCT
chr7	55249096	27	C	10	17	0	0	0	0	0	0	0	0	0	TCCTG
chr7	55249097	25	C	9	16	0	0	0	0	0	0	0	0	0	CCTGG
chr7	55249098	26	T	10	16	0	0	0	0	0	0	0	0	0	CTGGA
chr7	55249099	24	G	8	16	0	0	0	0	0	0	0	0	0	TGGAC
chr7	55249100	25	G	8	17	0	0	0	0	0	0	0	0	0	GGACT
chr7	55249101	25	A	8	17	0	0	0	0	0	0	0	0	0	GACTA
chr7	55249102	25	C	8	17	0	0	0	0	0	0	0	0	0	ACTAT
chr7	55249103	25	T	8	17	0	0	0	0	0	0	0	0	0	CTATG
chr7	55249104	25	A	8	17	0	0	0	0	0	0	0	0	0	TATGT
chr7	55249105	25	T	8	17	0	0	0	0	0	0	0	0	0	ATGTC
chr7	55249106	25	G	8	17	0	0	0	0	0	0	0	0	0	TGTCC
chr7	55249107	25	T	8	17	0	0	0	0	0	0	0	0	0	GTCCG
chr7	55249108	26	C	8	18	0	0	0	0	0	0	0	0	0	TCCGG
chr7	55249109	26	C	8	18	0	0	0	0	0	0	0	0	0	CCGGG
chr7	55249110	27	G	8	19	0	0	0	0	0	0	0	0	0	CGGGA
chr7	55249111	27	G	8	19	0	0	0	0	0	0	0	0	0	GGGAA
chr7	55249112	27	G	9	18	0	0	0	0	0	0	0	0	0	GGAAC
chr7	55249113	28	A	9	19	0	0	0	0	0	0	0	0	0	GAACA
chr7	55249114	28	A	9	19	0	0	0	0	0	0	0	0	0	AACAC
chr7	55249115	28	C	9	19	0	0	0	0	0	0	0	0	0	ACACA
chr7	55249116	29	A	9	20	0	0	0	0	0	0	0	0	0	CACAA
chr7	55249117	29	C	9	20	0	0	0	0	0	0	0	0	0	ACAAA
chr7	55249118	28	A	8	20	0	0	0	0	0	0	0	0	0	CAAAG
chr7	55249119	28	A	8	20	0	0	0	0	0	0	0	0	0	AAAGA
chr7	55249120	28	A	8	20	0	0	0	0	0	0	0	0	0	AAGAC
chr7	55249121	28	G	8	20	0	0	0	0	0	0	0	0	0	AGACA
chr7	55249122	28	A	8	20	0	0	0	0	0	0	0	0	0	GACAA
chr7	55249123	28	C	9	19	0	0	0	0	0	0	0	0	0	ACAAT
chr7	55249124	28	A	9	19	0	0	0	0	0	0	0	0	0	CAATA
chr7	55249125	28	A	9	19	0	0	0	0	0	0	0	0	0	AATAT
chr7	55249126	28	T	9	19	0	0	0	0	0	0	0	0	0	ATATT
chr7	55249127	27	A	9	18	0	0	0	0	0	0	0	0	0	TATTG
chr7	55249128	28	T	9	19	0	0	0	0	0	0	0	0	0	ATTGG
chr7	55249129	28	T	9	19	0	0	0	0	0	0	0	0	0	TTGGC
chr7	55249130	28	G	8	20	0	0	0	0	0	0	0	0	0	TGGCT
chr7	55249131	27	G	7	20	0	0	0	0	0	0	0	0	0	GGCTC
chr7	55249132	28	C	8	20	0	0	0	0	0	0	0	0	0	GCTCC
chr7	55249133	27	T	7	20	0	0	0	0	0	0	0	0	0	CTCCC
chr7	55249134	26	C	8	18	0	0	0	0	0	0	0	0	0	TCCCA
chr7	55249135	26	C	8	18	0	0	0	0	0	0	0	0	0	CCCAG
chr7	55249136	26	C	8	18	0	0	0	0	0	0	0	0	0	CCAGT
chr7	55249137	25	A	8	16	0	0	0	1	0	0	0	0	0	CAGTA
chr7	55249138	25	G	8	17	0	0	0	0	0	0	0	0	0	AGTAC
chr7	55249139	24	T	9	15	0	0	0	0	0	0	0	0	0	GTACC
chr7	55249140	22	A	7	15	0	0	0	0	0	0	0	0	0	TACCT
chr7	55249141	22	C	6	14	0	0	0	0	1	1	0	0	0	ACCTG
chr7	55249142	22	C	9	13	0	0	0	0	0	0	0	0	0	CCTGC
chr7	55249143	20	T	9	11	0	0	0	0	0	0	0	0	0	CTGCT
chr7	55249144	19	G	8	11	0	0	0	0	0	0	0	0	0	TGCTC
chr7	55249145	15	C	7	8	0	0	0	0	0	0	0	0	0	GCTCA
chr7	55249146	13	T	5	8	0	0	0	0	0	0	0	0	0	CTCAA
chr7	55249147	12	C	4	8	0	0	0	0	0	0	0	0	0	TCAAC
chr7	55249148	12	A	4	8	0	0	0	0	0	0	0	0	0	CAACT
chr7	55249149	12	A	4	8	0	0	0	0	0	0	0	0	0	AACTG
chr7	55249150	12	C	4	8	0	0	0	0	0	0	0	0	0	ACTGG
chr7	55249151	12	T	4	8	0	0	0	0	0	0	0	0	0	CTGGT
chr7	55249152	12	G	4	8	0	0	0	0	0	0	0	0	0	TGGTG
chr7	55249153	12	G	4	8	0	0	0	0	0	0	0	0	0	GGTGT
chr7	55249154	12	T	4	8	0	0	0	0	0	0	0	0	0	GTGTG
chr7	55249155	12	G	4	8	0	0	0	0	0	0	0	0	0	TGTGT
chr7	55249156	12	T	5	6	0	0	0	1	0	0	0	0	0	GTGTG
chr7	55249157	12	G	5	7	0	0	0	0	0	0	0	0	0	TGTGC
chr7	55249158	12	T	4	7	0	0	1	0	0	0	0	0	0	GTGCA
chr7	55249159	12	G	5	7	0	0	0	0	0	0	0	0	0	TGCAG
chr7	55249160	12	C	5	7	0	0	0	0	0	0	0	0	0	GCAGA
chr7	55249161	12	A	5	7	0	0	0	0	0	0	0	0	0	CAGAT
chr7	55249162	11	G	5	6	0	0	0	0	0	0	0	0	0	AGATC
chr7	55249163	11	A	4	6	0	0	1	0	0	0	0	0	0	GATCG
chr7	55249164	11	T	4	6	0	0	1	0	0	0	0	0	0	ATCGC
chr7	55249165	11	C	5	6	0	0	0	0	0	0	0	0	0	TCGCA
chr7	55249166	9	G	3	6	0	0	0	0	0	0	0	0	0	CGCAA
chr7	55249167	9	C	3	6	0	0	0	0	0	0	0	0	0	GCAAA
chr7	55249168	8	A	2	6	0	0	0	0	0	0	0	0	0	CAAAG
chr7	55249169	7	A	2	5	0	0	0	0	0	0	0	0	0	AAAGG
chr7	55249170	7	A	2	5	0	0	0	0	0	0	0	0	0	AAGGT
chr7	55249171	8	G	2	6	0	0	0	0	0	0	0	0	0	AGGTA
chr7	55259514	24	C	11	13	0	0	0	0	0	0	0	0	0	GCTGG
chr7	55259515	24	T	11	13	0	0	0	0	0	0	0	0	0	CTGGC
chr7	55259516	24	G	11	13	0	0	0	0	0	0	0	0	0	TGGCC
chr7	55259523	22	C	9	13	0	0	0	0	0	0	0	0	0	ACTGC
chr7	55259524	22	T	9	13	0	0	0	0	0	0	0	0	0	CTGCT
chr7	55259525	22	G	10	12	0	0	0	0	0	0	0	0	0	TGCTG
chr7	140453135	230	C	69	160	0	0	0	0	0	0	0	0	0	TCACT
chr7	140453136	224	A	64	159	0	0	0	0	0	1	0	0	0	CACTG
chr7	140453137	213	C	63	139	1	2	0	0	0	8	0	0	0	ACTGT
chr12	329877	1	T	1	0	0	0	0	0	0	0	0	0	236	CTTCC	nan	nan	nan	nan
chr12	25380274	615	C	444	171	0	0	0	0	0	0	0	0	0	TCTTG
chr12	25380275	616	T	447	169	0	0	0	0	0	0	0	0	0	CTTGA
chr12	25380276	623	T	451	170	0	0	2	0	0	0	0	0	0	TTGAC
chr12	25380277	618	G	450	168	0	0	0	0	0	0	0	0	0	TGACC
chr12	25380278	622	A	454	160	0	0	0	0	0	0	0	8	0	GACCT
chr12	25398283	671	A	206	463	0	0	0	0	1	1	0	0	0	CACCA
chr12	25398284	680	C	206	474	0	0	0	0	0	0	0	0	0	ACCAG
chr12	25398285	679	C	204	475	0	0	0	0	0	0	0	0	0	CCAGC
chr12	25398286	676	A	200	476	0	0	0	0	0	0	0	0	0	CAGCT
