CHR	POS	DEPTH	REF	R+	R-	A+	A-	C+	C-	T+	T-	G+	G-	PAD	MOTIF
chr7	1024997	1	C	0	1	0	0	0	0	0	0	0	0	3	GCCTG
chr7	140453135	174	C	57	117	0	0	0	0	0	0	0	0	0	TCACT
chr7	140453136	168	A	54	114	0	0	0	0	0	0	0	0	0	CACTG
chr7	140453137	165	C	53	112	0	0	0	0	0	0	0	0	0	ACTGT
chr12	346546	1	C	1	0	0	0	0	0	0	0	0	0	0	TCCAG
chr12	25380274	286	C	178	108	0	0	0	0	0	0	0	0	0	TCTTG
chr12	25380275	286	T	179	107	0	0	0	0	0	0	0	0	0	CTTGA
chr12	25380276	294	T	181	110	0	0	2	0	0	0	1	0	0	TTGAC
chr12	25380277	293	G	183	110	0	0	0	0	0	0	0	0	0	TGACC
chr12	25380278	296	A	183	112	0	0	0	0	0	0	0	1	0	GACCT
chr12	25398283	260	A	92	168	0	0	0	0	0	0	0	0	0	CACCA
chr12	25398284	260	C	92	167	1	0	0	0	0	0	0	0	0	ACCAG
chr12	25398285	263	C	94	169	0	0	0	0	0	0	0	0	0	CCAGC
chr12	25398286	261	A	93	168	0	0	0	0	0	0	0	0	0	CAGCT
