CHR	POS	DEPTH	REF	R+	R-	A+	A-	C+	C-	T+	T-	G+	G-	PAD	MOTIF
chr7	1026188	1	A	1	0	0	0	0	0	0	0	0	0	71	GACGA
chr7	55241706	1	G	0	1	0	0	0	0	0	0	0	0	0	TGGGC
chr7	55241707	1	G	0	1	0	0	0	0	0	0	0	0	0	GGGCT
chr7	55241708	1	G	0	1	0	0	0	0	0	0	0	0	0	GGCTC
chr7	55241709	1	C	0	1	0	0	0	0	0	0	0	0	0	GCTCC
chr7	55242415	1	G	0	1	0	0	0	0	0	0	0	0	0	GGGAC
chr7	55242416	1	G	0	1	0	0	0	0	0	0	0	0	0	GGACT
chr7	55242417	1	A	0	1	0	0	0	0	0	0	0	0	0	GACTC
chr7	55242418	1	C	0	1	0	0	0	0	0	0	0	0	0	ACTCT
chr7	55242419	1	T	0	1	0	0	0	0	0	0	0	0	0	CTCTG
chr7	55242420	1	C	0	1	0	0	0	0	0	0	0	0	0	TCTGG
chr7	55242421	1	T	0	1	0	0	0	0	0	0	0	0	0	CTGGA
chr7	55242422	1	G	0	1	0	0	0	0	0	0	0	0	0	TGGAT
chr7	55242423	1	G	0	1	0	0	0	0	0	0	0	0	0	GGATC
chr7	55242424	1	A	0	1	0	0	0	0	0	0	0	0	0	GATCC
chr7	55242425	1	T	0	1	0	0	0	0	0	0	0	0	0	ATCCC
chr7	55242426	1	C	0	1	0	0	0	0	0	0	0	0	0	TCCCA
chr7	55242427	1	C	0	1	0	0	0	0	0	0	0	0	0	CCCAG
chr7	55242428	1	C	0	1	0	0	0	0	0	0	0	0	0	CCAGA
chr7	140453135	382	C	147	235	0	0	0	0	0	0	0	0	0	TCACT
chr7	140453136	380	A	147	233	0	0	0	0	0	0	0	0	0	CACTG
chr7	140453137	361	C	144	217	0	0	0	0	0	0	0	0	0	ACTGT
chr12	329625	1	T	1	0	0	0	0	0	0	0	0	0	489	CTGGC
chr12	25380274	950	C	524	425	0	0	0	0	1	0	0	0	0	TCTTG
chr12	25380275	952	T	527	425	0	0	0	0	0	0	0	0	0	CTTGA
chr12	25380276	957	T	524	426	0	0	7	0	0	0	0	0	0	TTGAC
chr12	25380277	956	G	532	423	0	0	0	0	0	1	0	0	0	TGACC
chr12	25380278	955	A	529	425	0	0	0	0	1	0	0	0	0	GACCT
chr12	25398283	898	A	402	493	0	0	0	0	0	0	0	3	0	CACCA
chr12	25398284	905	C	401	503	0	1	0	0	0	0	0	0	0	ACCAG
chr12	25398285	905	C	399	506	0	0	0	0	0	0	0	0	0	CCAGC
chr12	25398286	909	A	399	510	0	0	0	0	0	0	0	0	0	CAGCT
