CHR	POS	DEPTH	REF	R+	R-	A+	A-	C+	C-	T+	T-	G+	G-	PAD	MOTIF
chr7	1023827	1	C	1	0	0	0	0	0	0	0	0	0	220	CCATG	nan	nan	nan	nan
chr7	55241706	3	G	0	3	0	0	0	0	0	0	0	0	0	TGGGC
chr7	55241707	3	G	0	3	0	0	0	0	0	0	0	0	0	GGGCT
chr7	55241708	3	G	0	3	0	0	0	0	0	0	0	0	0	GGCTC
chr7	55241709	3	C	0	3	0	0	0	0	0	0	0	0	0	GCTCC
chr7	55242415	2	G	0	2	0	0	0	0	0	0	0	0	0	GGGAC
chr7	55242416	2	G	0	2	0	0	0	0	0	0	0	0	0	GGACT
chr7	55242417	2	A	0	2	0	0	0	0	0	0	0	0	0	GACTC
chr7	55242418	2	C	0	2	0	0	0	0	0	0	0	0	0	ACTCT
chr7	55242419	2	T	0	2	0	0	0	0	0	0	0	0	0	CTCTG
chr7	55242420	2	C	0	2	0	0	0	0	0	0	0	0	0	TCTGG
chr7	55242421	2	T	0	2	0	0	0	0	0	0	0	0	0	CTGGA
chr7	55242422	2	G	0	2	0	0	0	0	0	0	0	0	0	TGGAT
chr7	55242423	2	G	0	2	0	0	0	0	0	0	0	0	0	GGATC
chr7	55242424	2	A	0	2	0	0	0	0	0	0	0	0	0	GATCC
chr7	55242425	2	T	0	2	0	0	0	0	0	0	0	0	0	ATCCC
chr7	55242426	2	C	0	2	0	0	0	0	0	0	0	0	0	TCCCA
chr7	55242427	2	C	0	2	0	0	0	0	0	0	0	0	0	CCCAG
chr7	55242428	2	C	0	2	0	0	0	0	0	0	0	0	0	CCAGA
chr7	55242429	2	A	0	2	0	0	0	0	0	0	0	0	0	CAGAA
chr7	55242430	2	G	0	2	0	0	0	0	0	0	0	0	0	AGAAG
chr7	55242431	2	A	0	2	0	0	0	0	0	0	0	0	0	GAAGG
chr7	55242432	2	A	0	2	0	0	0	0	0	0	0	0	0	AAGGT
chr7	55242433	2	G	0	2	0	0	0	0	0	0	0	0	0	AGGTG
chr7	55242434	2	G	0	2	0	0	0	0	0	0	0	0	0	GGTGA
chr7	55242435	2	T	0	2	0	0	0	0	0	0	0	0	0	GTGAG
chr7	55242436	3	G	0	3	0	0	0	0	0	0	0	0	0	TGAGA
chr7	55242437	3	A	0	3	0	0	0	0	0	0	0	0	0	GAGAA
chr7	55242438	3	G	0	3	0	0	0	0	0	0	0	0	0	AGAAA
chr7	55242439	3	A	0	3	0	0	0	0	0	0	0	0	0	GAAAG
chr7	55242440	3	A	0	3	0	0	0	0	0	0	0	0	0	AAAGT
chr7	55242441	3	A	0	3	0	0	0	0	0	0	0	0	0	AAGTT
chr7	55242442	3	G	0	3	0	0	0	0	0	0	0	0	0	AGTTA
chr7	55242443	2	T	0	2	0	0	0	0	0	0	0	0	0	GTTAA
chr7	55242444	2	T	0	2	0	0	0	0	0	0	0	0	0	TTAAA
chr7	55242445	2	A	0	2	0	0	0	0	0	0	0	0	0	TAAAA
chr7	55242446	2	A	0	2	0	0	0	0	0	0	0	0	0	AAAAT
chr7	55242447	2	A	0	2	0	0	0	0	0	0	0	0	0	AAATT
chr7	55242448	2	A	0	2	0	0	0	0	0	0	0	0	0	AATTC
chr7	55242449	2	T	0	2	0	0	0	0	0	0	0	0	0	ATTCC
chr7	55242450	2	T	0	2	0	0	0	0	0	0	0	0	0	TTCCC
chr7	55242451	2	C	0	2	0	0	0	0	0	0	0	0	0	TCCCG
chr7	55242452	2	C	0	2	0	0	0	0	0	0	0	0	0	CCCGT
chr7	55242453	2	C	0	2	0	0	0	0	0	0	0	0	0	CCGTC
chr7	55242454	2	G	0	2	0	0	0	0	0	0	0	0	0	CGTCG
chr7	55242455	2	T	0	2	0	0	0	0	0	0	0	0	0	GTCGC
chr7	55242456	2	C	0	2	0	0	0	0	0	0	0	0	0	TCGCT
chr7	55242457	2	G	0	2	0	0	0	0	0	0	0	0	0	CGCTA
chr7	55242458	2	C	0	2	0	0	0	0	0	0	0	0	0	GCTAT
chr7	55242459	2	T	0	2	0	0	0	0	0	0	0	0	0	CTATC
chr7	55242460	2	A	0	2	0	0	0	0	0	0	0	0	0	TATCA
chr7	55242461	2	T	0	2	0	0	0	0	0	0	0	0	0	ATCAA
chr7	55242462	2	C	0	2	0	0	0	0	0	0	0	0	0	TCAAG
chr7	55242463	3	A	0	3	0	0	0	0	0	0	0	0	0	CAAGG
chr7	55242464	3	A	0	3	0	0	0	0	0	0	0	0	0	AAGGA
chr7	55242465	3	G	0	3	0	0	0	0	0	0	0	0	0	AGGAA
chr7	55242466	3	G	0	3	0	0	0	0	0	0	0	0	0	GGAAT
chr7	55242467	3	A	0	3	0	0	0	0	0	0	0	0	0	GAATT
chr7	55242468	3	A	0	3	0	0	0	0	0	0	0	0	0	AATTA
chr7	55242469	3	T	0	3	0	0	0	0	0	0	0	0	0	ATTAA
chr7	55242470	3	T	0	3	0	0	0	0	0	0	0	0	0	TTAAG
chr7	55242471	3	A	0	3	0	0	0	0	0	0	0	0	0	TAAGA
chr7	55242472	3	A	0	3	0	0	0	0	0	0	0	0	0	AAGAG
chr7	55242473	3	G	0	3	0	0	0	0	0	0	0	0	0	AGAGA
chr7	55242474	3	A	0	3	0	0	0	0	0	0	0	0	0	GAGAA
chr7	55242475	3	G	0	3	0	0	0	0	0	0	0	0	0	AGAAG
chr7	55242476	3	A	0	3	0	0	0	0	0	0	0	0	0	GAAGC
chr7	55242477	3	A	0	3	0	0	0	0	0	0	0	0	0	AAGCA
chr7	55242478	3	G	0	3	0	0	0	0	0	0	0	0	0	AGCAA
chr7	55242479	3	C	0	3	0	0	0	0	0	0	0	0	0	GCAAC
chr7	55242480	3	A	0	3	0	0	0	0	0	0	0	0	0	CAACA
chr7	55242481	3	A	0	3	0	0	0	0	0	0	0	0	0	AACAT
chr7	55242482	3	C	0	3	0	0	0	0	0	0	0	0	0	ACATC
chr7	55242483	3	A	0	3	0	0	0	0	0	0	0	0	0	CATCT
chr7	55242484	2	T	0	2	0	0	0	0	0	0	0	0	0	ATCTC
chr7	55242485	2	C	0	2	0	0	0	0	0	0	0	0	0	TCTCC
chr7	55242486	2	T	0	2	0	0	0	0	0	0	0	0	0	CTCCG
chr7	55242487	2	C	0	2	0	0	0	0	0	0	0	0	0	TCCGA
chr7	55242488	2	C	0	2	0	0	0	0	0	0	0	0	0	CCGAA
chr7	55242489	2	G	0	2	0	0	0	0	0	0	0	0	0	CGAAA
chr7	55242490	2	A	0	2	0	0	0	0	0	0	0	0	0	GAAAG
chr7	55242491	2	A	0	2	0	0	0	0	0	0	0	0	0	AAAGC
chr7	55242492	2	A	0	2	0	0	0	0	0	0	0	0	0	AAGCC
chr7	55242493	2	G	0	2	0	0	0	0	0	0	0	0	0	AGCCA
chr7	55242494	2	C	0	2	0	0	0	0	0	0	0	0	0	GCCAA
chr7	55242495	2	C	0	2	0	0	0	0	0	0	0	0	0	CCAAC
chr7	55242496	2	A	0	2	0	0	0	0	0	0	0	0	0	CAACA
chr7	55242497	2	A	0	2	0	0	0	0	0	0	0	0	0	AACAA
chr7	55242498	2	C	0	2	0	0	0	0	0	0	0	0	0	ACAAG
chr7	55242499	2	A	0	2	0	0	0	0	0	0	0	0	0	CAAGG
chr7	55242500	2	A	0	2	0	0	0	0	0	0	0	0	0	AAGGA
chr7	55242501	2	G	0	2	0	0	0	0	0	0	0	0	0	AGGAA
chr7	55242502	2	G	0	2	0	0	0	0	0	0	0	0	0	GGAAA
chr7	55242503	2	A	0	2	0	0	0	0	0	0	0	0	0	GAAAT
chr7	55242504	2	A	0	2	0	0	0	0	0	0	0	0	0	AAATC
chr7	55242505	2	A	0	2	0	0	0	0	0	0	0	0	0	AATCC
chr7	55242506	2	T	0	2	0	0	0	0	0	0	0	0	0	ATCCT
chr7	55242507	2	C	0	2	0	0	0	0	0	0	0	0	0	TCCTC
chr7	55242508	2	C	0	2	0	0	0	0	0	0	0	0	0	CCTCG
chr7	55242509	2	T	0	2	0	0	0	0	0	0	0	0	0	CTCGA
chr7	55242510	2	C	0	2	0	0	0	0	0	0	0	0	0	TCGAT
chr7	55242511	2	G	0	2	0	0	0	0	0	0	0	0	0	CGATG
chr7	55242512	2	A	0	2	0	0	0	0	0	0	0	0	0	GATGT
chr7	55242513	2	T	0	2	0	0	0	0	0	0	0	0	0	ATGTG
chr7	55248986	2	G	0	2	0	0	0	0	0	0	0	0	0	GGAAG
chr7	55248987	2	A	0	2	0	0	0	0	0	0	0	0	0	GAAGC
chr7	55248988	2	A	0	2	0	0	0	0	0	0	0	0	0	AAGCC
chr7	55248989	2	G	0	2	0	0	0	0	0	0	0	0	0	AGCCT
chr7	55248990	2	C	0	2	0	0	0	0	0	0	0	0	0	GCCTA
chr7	55248991	2	C	0	2	0	0	0	0	0	0	0	0	0	CCTAC
chr7	55248992	2	T	0	2	0	0	0	0	0	0	0	0	0	CTACG
chr7	55248993	2	A	0	2	0	0	0	0	0	0	0	0	0	TACGT
chr7	55248994	2	C	0	2	0	0	0	0	0	0	0	0	0	ACGTG
chr7	55248995	2	G	0	2	0	0	0	0	0	0	0	0	0	CGTGA
chr7	55248996	2	T	0	2	0	0	0	0	0	0	0	0	0	GTGAT
chr7	55248997	2	G	0	2	0	0	0	0	0	0	0	0	0	TGATG
chr7	55248998	2	A	0	2	0	0	0	0	0	0	0	0	0	GATGG
chr7	55248999	2	T	0	2	0	0	0	0	0	0	0	0	0	ATGGC
chr7	55249000	2	G	0	2	0	0	0	0	0	0	0	0	0	TGGCC
chr7	55249001	2	G	0	2	0	0	0	0	0	0	0	0	0	GGCCA
chr7	55249002	2	C	0	2	0	0	0	0	0	0	0	0	0	GCCAG
chr7	55249003	2	C	0	2	0	0	0	0	0	0	0	0	0	CCAGC
chr7	55249004	2	A	0	2	0	0	0	0	0	0	0	0	0	CAGCG
chr7	55249005	2	G	0	2	0	0	0	0	0	0	0	0	0	AGCGT
chr7	55249006	3	C	1	2	0	0	0	0	0	0	0	0	0	GCGTG
chr7	55249007	1	G	0	1	0	0	0	0	0	0	0	0	0	CGTGG
chr7	55249008	1	T	0	1	0	0	0	0	0	0	0	0	0	GTGGA
chr7	55249009	1	G	0	1	0	0	0	0	0	0	0	0	0	TGGAC
chr7	55249010	1	G	0	1	0	0	0	0	0	0	0	0	0	GGACA
chr7	55249011	1	A	0	1	0	0	0	0	0	0	0	0	0	GACAA
chr7	55249012	1	C	0	1	0	0	0	0	0	0	0	0	0	ACAAC
chr7	55249013	1	A	0	1	0	0	0	0	0	0	0	0	0	CAACC
chr7	55249014	1	A	0	1	0	0	0	0	0	0	0	0	0	AACCC
chr7	55249015	1	C	0	1	0	0	0	0	0	0	0	0	0	ACCCC
chr7	55249016	1	C	0	1	0	0	0	0	0	0	0	0	0	CCCCC
chr7	55249017	1	C	0	1	0	0	0	0	0	0	0	0	0	CCCCA
chr7	55249018	1	C	0	1	0	0	0	0	0	0	0	0	0	CCCAC
chr7	55249019	1	C	0	1	0	0	0	0	0	0	0	0	0	CCACG
chr7	55249020	1	A	0	1	0	0	0	0	0	0	0	0	0	CACGT
chr7	55249021	1	C	0	1	0	0	0	0	0	0	0	0	0	ACGTG
chr7	55249022	1	G	0	1	0	0	0	0	0	0	0	0	0	CGTGT
chr7	55249023	1	T	0	1	0	0	0	0	0	0	0	0	0	GTGTG
chr7	55249024	1	G	0	1	0	0	0	0	0	0	0	0	0	TGTGC
chr7	55249025	1	T	0	1	0	0	0	0	0	0	0	0	0	GTGCC
chr7	55249026	1	G	0	1	0	0	0	0	0	0	0	0	0	TGCCG
chr7	55249027	1	C	0	1	0	0	0	0	0	0	0	0	0	GCCGC
chr7	55249028	1	C	0	1	0	0	0	0	0	0	0	0	0	CCGCC
chr7	55249029	1	G	0	1	0	0	0	0	0	0	0	0	0	CGCCT
chr7	55249030	1	C	0	1	0	0	0	0	0	0	0	0	0	GCCTG
chr7	55249031	1	C	0	1	0	0	0	0	0	0	0	0	0	CCTGC
chr7	55249032	1	T	0	1	0	0	0	0	0	0	0	0	0	CTGCT
chr7	55249033	1	G	0	1	0	0	0	0	0	0	0	0	0	TGCTG
chr7	55249034	1	C	0	1	0	0	0	0	0	0	0	0	0	GCTGG
chr7	55249035	1	T	0	1	0	0	0	0	0	0	0	0	0	CTGGG
chr7	55249036	1	G	0	1	0	0	0	0	0	0	0	0	0	TGGGC
chr7	55249037	1	G	0	1	0	0	0	0	0	0	0	0	0	GGGCA
chr7	55249038	1	G	0	1	0	0	0	0	0	0	0	0	0	GGCAT
chr7	55249039	1	C	0	1	0	0	0	0	0	0	0	0	0	GCATC
chr7	55249040	1	A	0	1	0	0	0	0	0	0	0	0	0	CATCT
chr7	55249041	1	T	0	1	0	0	0	0	0	0	0	0	0	ATCTG
chr7	55249042	1	C	0	1	0	0	0	0	0	0	0	0	0	TCTGC
chr7	55249043	1	T	0	1	0	0	0	0	0	0	0	0	0	CTGCC
chr7	55249044	1	G	0	1	0	0	0	0	0	0	0	0	0	TGCCT
chr7	55249045	1	C	0	1	0	0	0	0	0	0	0	0	0	GCCTC
chr7	55249046	1	C	0	1	0	0	0	0	0	0	0	0	0	CCTCA
chr7	55249047	1	T	0	1	0	0	0	0	0	0	0	0	0	CTCAC
chr7	55249048	1	C	0	1	0	0	0	0	0	0	0	0	0	TCACC
chr7	55249049	1	A	0	1	0	0	0	0	0	0	0	0	0	CACCT
chr7	55249050	1	C	0	1	0	0	0	0	0	0	0	0	0	ACCTC
chr7	55249051	1	C	0	1	0	0	0	0	0	0	0	0	0	CCTCC
chr7	55249052	1	T	0	1	0	0	0	0	0	0	0	0	0	CTCCA
chr7	55249053	1	C	0	1	0	0	0	0	0	0	0	0	0	TCCAC
chr7	55259514	2	C	2	0	0	0	0	0	0	0	0	0	0	GCTGG
chr7	55259515	2	T	2	0	0	0	0	0	0	0	0	0	0	CTGGC
chr7	55259516	2	G	2	0	0	0	0	0	0	0	0	0	0	TGGCC
chr7	55259523	2	C	2	0	0	0	0	0	0	0	0	0	0	ACTGC
chr7	55259524	2	T	2	0	0	0	0	0	0	0	0	0	0	CTGCT
chr7	55259525	2	G	2	0	0	0	0	0	0	0	0	0	0	TGCTG
chr7	140453135	513	C	168	345	0	0	0	0	0	0	0	0	0	TCACT
chr7	140453136	511	A	170	340	0	0	0	0	0	0	0	1	0	CACTG
chr7	140453137	492	C	175	312	0	3	0	0	0	2	0	0	0	ACTGT
chr12	330101	1	A	1	0	0	0	0	0	0	0	0	0	12	CAAGG	nan	nan	nan	nan
chr12	25380274	889	C	577	312	0	0	0	0	0	0	0	0	0	TCTTG
chr12	25380275	884	T	579	305	0	0	0	0	0	0	0	0	0	CTTGA
chr12	25380276	887	T	582	302	0	0	2	0	0	0	1	0	0	TTGAC
chr12	25380277	882	G	582	300	0	0	0	0	0	0	0	0	0	TGACC
chr12	25380278	880	A	579	295	0	0	0	1	0	0	0	5	0	GACCT
chr12	25398283	824	A	288	534	0	0	0	0	1	0	0	1	0	CACCA
chr12	25398284	829	C	287	541	1	0	0	0	0	0	0	0	0	ACCAG
chr12	25398285	827	C	291	536	0	0	0	0	0	0	0	0	0	CCAGC
chr12	25398286	825	A	289	536	0	0	0	0	0	0	0	0	0	CAGCT
