CHR	POS	DEPTH	REF	R+	R-	A+	A-	C+	C-	T+	T-	G+	G-	PAD	MOTIF
chr7	1022849	2	T	2	0	0	0	0	0	0	0	0	0	0	ATGGC
chr7	55241706	37	G	18	19	0	0	0	0	0	0	0	0	0	TGGGC
chr7	55241707	37	G	18	19	0	0	0	0	0	0	0	0	0	GGGCT
chr7	55241708	38	G	18	20	0	0	0	0	0	0	0	0	0	GGCTC
chr7	55241709	38	C	19	19	0	0	0	0	0	0	0	0	0	GCTCC
chr7	55242415	37	G	19	18	0	0	0	0	0	0	0	0	0	GGGAC
chr7	55242416	37	G	19	18	0	0	0	0	0	0	0	0	0	GGACT
chr7	55242417	38	A	19	19	0	0	0	0	0	0	0	0	0	GACTC
chr7	55242418	37	C	18	19	0	0	0	0	0	0	0	0	0	ACTCT
chr7	55242419	37	T	18	19	0	0	0	0	0	0	0	0	0	CTCTG
chr7	55242420	36	C	17	19	0	0	0	0	0	0	0	0	0	TCTGG
chr7	55242421	35	T	16	19	0	0	0	0	0	0	0	0	0	CTGGA
chr7	55242422	38	G	18	20	0	0	0	0	0	0	0	0	0	TGGAT
chr7	55242423	39	G	19	20	0	0	0	0	0	0	0	0	0	GGATC
chr7	55242424	39	A	19	20	0	0	0	0	0	0	0	0	0	GATCC
chr7	55242425	41	T	18	22	0	0	0	0	0	0	1	0	0	ATCCC
chr7	55242426	40	C	18	22	0	0	0	0	0	0	0	0	0	TCCCA
chr7	55242427	40	C	18	22	0	0	0	0	0	0	0	0	0	CCCAG
chr7	55242428	41	C	18	23	0	0	0	0	0	0	0	0	0	CCAGA
chr7	55242429	41	A	18	23	0	0	0	0	0	0	0	0	0	CAGAA
chr7	55242430	41	G	18	23	0	0	0	0	0	0	0	0	0	AGAAG
chr7	55242431	42	A	17	24	0	0	1	0	0	0	0	0	0	GAAGG
chr7	55242432	42	A	17	25	0	0	0	0	0	0	0	0	0	AAGGT
chr7	55242433	41	G	16	25	0	0	0	0	0	0	0	0	0	AGGTG
chr7	55242434	41	G	16	25	0	0	0	0	0	0	0	0	0	GGTGA
chr7	55242435	40	T	16	24	0	0	0	0	0	0	0	0	0	GTGAG
chr7	55242436	41	G	16	25	0	0	0	0	0	0	0	0	0	TGAGA
chr7	55242437	41	A	17	24	0	0	0	0	0	0	0	0	0	GAGAA
chr7	55242438	42	G	17	25	0	0	0	0	0	0	0	0	0	AGAAA
chr7	55242439	43	A	18	25	0	0	0	0	0	0	0	0	0	GAAAG
chr7	55242440	42	A	17	25	0	0	0	0	0	0	0	0	0	AAAGT
chr7	55242441	42	A	17	25	0	0	0	0	0	0	0	0	0	AAGTT
chr7	55242442	43	G	18	25	0	0	0	0	0	0	0	0	0	AGTTA
chr7	55242443	39	T	18	21	0	0	0	0	0	0	0	0	0	GTTAA
chr7	55242444	36	T	18	18	0	0	0	0	0	0	0	0	0	TTAAA
chr7	55242445	36	A	18	18	0	0	0	0	0	0	0	0	0	TAAAA
chr7	55242446	37	A	18	19	0	0	0	0	0	0	0	0	0	AAAAT
chr7	55242447	39	A	20	18	0	0	1	0	0	0	0	0	0	AAATT
chr7	55242448	35	A	19	16	0	0	0	0	0	0	0	0	0	AATTC
chr7	55242449	35	T	19	16	0	0	0	0	0	0	0	0	0	ATTCC
chr7	55242450	34	T	19	15	0	0	0	0	0	0	0	0	0	TTCCC
chr7	55242451	33	C	18	15	0	0	0	0	0	0	0	0	0	TCCCG
chr7	55242452	33	C	17	16	0	0	0	0	0	0	0	0	0	CCCGT
chr7	55242453	30	C	16	14	0	0	0	0	0	0	0	0	0	CCGTC
chr7	55242454	31	G	15	16	0	0	0	0	0	0	0	0	0	CGTCG
chr7	55242455	32	T	16	16	0	0	0	0	0	0	0	0	0	GTCGC
chr7	55242456	32	C	16	16	0	0	0	0	0	0	0	0	0	TCGCT
chr7	55242457	32	G	16	16	0	0	0	0	0	0	0	0	0	CGCTA
chr7	55242458	32	C	16	16	0	0	0	0	0	0	0	0	0	GCTAT
chr7	55242459	31	T	16	15	0	0	0	0	0	0	0	0	0	CTATC
chr7	55242460	32	A	16	16	0	0	0	0	0	0	0	0	0	TATCA
chr7	55242461	30	T	16	14	0	0	0	0	0	0	0	0	0	ATCAA
chr7	55242462	32	C	16	16	0	0	0	0	0	0	0	0	0	TCAAG
chr7	55242463	30	A	15	15	0	0	0	0	0	0	0	0	0	CAAGG
chr7	55242464	30	A	16	14	0	0	0	0	0	0	0	0	0	AAGGA
chr7	55242465	29	G	16	13	0	0	0	0	0	0	0	0	0	AGGAA
chr7	55242466	28	G	16	12	0	0	0	0	0	0	0	0	0	GGAAT
chr7	55242467	28	A	16	12	0	0	0	0	0	0	0	0	0	GAATT
chr7	55242468	31	A	18	13	0	0	0	0	0	0	0	0	0	AATTA
chr7	55242469	21	T	6	3	0	0	0	0	0	0	0	0	0	ATTAA
chr7	55242470	22	T	7	3	0	0	0	0	0	0	0	0	0	TTAAG
chr7	55242471	22	A	7	3	0	0	0	0	0	0	0	0	0	TAAGA
chr7	55242472	22	A	7	3	0	0	0	0	0	0	0	0	0	AAGAG
chr7	55242473	22	G	7	3	0	0	0	0	0	0	0	0	0	AGAGA
chr7	55242474	22	A	7	3	0	0	0	0	0	0	0	0	0	GAGAA
chr7	55242475	22	G	7	3	0	0	0	0	0	0	0	0	0	AGAAG
chr7	55242476	22	A	7	3	0	0	0	0	0	0	0	0	0	GAAGC
chr7	55242477	22	A	7	3	0	0	0	0	0	0	0	0	0	AAGCA
chr7	55242478	22	G	7	3	0	0	0	0	0	0	0	0	0	AGCAA
chr7	55242479	24	C	7	5	0	0	0	0	0	0	0	0	0	GCAAC
chr7	55242480	24	A	7	5	0	0	0	0	0	0	0	0	0	CAACA
chr7	55242481	24	A	7	5	0	0	0	0	0	0	0	0	0	AACAT
chr7	55242482	24	C	7	5	0	0	0	0	0	0	0	0	0	ACATC
chr7	55242483	24	A	7	5	0	0	0	0	0	0	0	0	0	CATCT
chr7	55242484	24	T	7	5	0	0	0	0	0	0	0	0	0	ATCTC
chr7	55242485	24	C	7	5	0	0	0	0	0	0	0	0	0	TCTCC
chr7	55242486	24	T	7	5	0	0	0	0	0	0	0	0	0	CTCCG
chr7	55242487	35	C	17	18	0	0	0	0	0	0	0	0	0	TCCGA
chr7	55242488	35	C	17	18	0	0	0	0	0	0	0	0	0	CCGAA
chr7	55242489	35	G	17	18	0	0	0	0	0	0	0	0	0	CGAAA
chr7	55242490	35	A	17	18	0	0	0	0	0	0	0	0	0	GAAAG
chr7	55242491	35	A	17	18	0	0	0	0	0	0	0	0	0	AAAGC
chr7	55242492	36	A	18	18	0	0	0	0	0	0	0	0	0	AAGCC
chr7	55242493	36	G	18	18	0	0	0	0	0	0	0	0	0	AGCCA
chr7	55242494	36	C	18	18	0	0	0	0	0	0	0	0	0	GCCAA
chr7	55242495	35	C	18	17	0	0	0	0	0	0	0	0	0	CCAAC
chr7	55242496	36	A	18	18	0	0	0	0	0	0	0	0	0	CAACA
chr7	55242497	36	A	18	18	0	0	0	0	0	0	0	0	0	AACAA
chr7	55242498	36	C	18	18	0	0	0	0	0	0	0	0	0	ACAAG
chr7	55242499	36	A	18	18	0	0	0	0	0	0	0	0	0	CAAGG
chr7	55242500	35	A	18	17	0	0	0	0	0	0	0	0	0	AAGGA
chr7	55242501	36	G	18	18	0	0	0	0	0	0	0	0	0	AGGAA
chr7	55242502	36	G	18	18	0	0	0	0	0	0	0	0	0	GGAAA
chr7	55242503	36	A	18	18	0	0	0	0	0	0	0	0	0	GAAAT
chr7	55242504	36	A	18	18	0	0	0	0	0	0	0	0	0	AAATC
chr7	55242505	37	A	18	18	0	0	0	0	1	0	0	0	0	AATCC
chr7	55242506	39	T	21	18	0	0	0	0	0	0	0	0	0	ATCCT
chr7	55242507	39	C	21	18	0	0	0	0	0	0	0	0	0	TCCTC
chr7	55242508	40	C	22	18	0	0	0	0	0	0	0	0	0	CCTCG
chr7	55242509	39	T	22	17	0	0	0	0	0	0	0	0	0	CTCGA
chr7	55242510	37	C	19	17	0	0	0	0	1	0	0	0	0	TCGAT
chr7	55242511	39	G	23	16	0	0	0	0	0	0	0	0	0	CGATG
chr7	55242512	40	A	23	17	0	0	0	0	0	0	0	0	0	GATGT
chr7	55242513	39	T	23	16	0	0	0	0	0	0	0	0	0	ATGTG
chr7	55248986	40	G	24	16	0	0	0	0	0	0	0	0	0	GGAAG
chr7	55248987	40	A	24	16	0	0	0	0	0	0	0	0	0	GAAGC
chr7	55248988	41	A	25	16	0	0	0	0	0	0	0	0	0	AAGCC
chr7	55248989	41	G	26	15	0	0	0	0	0	0	0	0	0	AGCCT
chr7	55248990	43	C	27	16	0	0	0	0	0	0	0	0	0	GCCTA
chr7	55248991	42	C	27	15	0	0	0	0	0	0	0	0	0	CCTAC
chr7	55248992	42	T	27	15	0	0	0	0	0	0	0	0	0	CTACG
chr7	55248993	42	A	27	15	0	0	0	0	0	0	0	0	0	TACGT
chr7	55248994	42	C	26	16	0	0	0	0	0	0	0	0	0	ACGTG
chr7	55248995	43	G	27	16	0	0	0	0	0	0	0	0	0	CGTGA
chr7	55248996	44	T	27	17	0	0	0	0	0	0	0	0	0	GTGAT
chr7	55248997	43	G	26	17	0	0	0	0	0	0	0	0	0	TGATG
chr7	55248998	41	A	25	16	0	0	0	0	0	0	0	0	0	GATGG
chr7	55248999	41	T	25	16	0	0	0	0	0	0	0	0	0	ATGGC
chr7	55249000	41	G	25	16	0	0	0	0	0	0	0	0	0	TGGCC
chr7	55249001	40	G	24	16	0	0	0	0	0	0	0	0	0	GGCCA
chr7	55249002	40	C	24	16	0	0	0	0	0	0	0	0	0	GCCAG
chr7	55249003	40	C	24	16	0	0	0	0	0	0	0	0	0	CCAGC
chr7	55249004	40	A	24	16	0	0	0	0	0	0	0	0	0	CAGCG
chr7	55249005	40	G	24	16	0	0	0	0	0	0	0	0	0	AGCGT
chr7	55249006	40	C	24	16	0	0	0	0	0	0	0	0	0	GCGTG
chr7	55249007	40	G	24	16	0	0	0	0	0	0	0	0	0	CGTGG
chr7	55249008	40	T	24	16	0	0	0	0	0	0	0	0	0	GTGGA
chr7	55249009	37	G	23	14	0	0	0	0	0	0	0	0	0	TGGAC
chr7	55249010	39	G	23	16	0	0	0	0	0	0	0	0	0	GGACA
chr7	55249011	40	A	23	17	0	0	0	0	0	0	0	0	0	GACAA
chr7	55249012	40	C	23	17	0	0	0	0	0	0	0	0	0	ACAAC
chr7	55249013	40	A	23	17	0	0	0	0	0	0	0	0	0	CAACC
chr7	55249014	40	A	23	17	0	0	0	0	0	0	0	0	0	AACCC
chr7	55249015	40	C	23	17	0	0	0	0	0	0	0	0	0	ACCCC
chr7	55249016	40	C	23	17	0	0	0	0	0	0	0	0	0	CCCCC
chr7	55249017	40	C	23	17	0	0	0	0	0	0	0	0	0	CCCCA
chr7	55249018	40	C	23	17	0	0	0	0	0	0	0	0	0	CCCAC
chr7	55249019	38	C	21	17	0	0	0	0	0	0	0	0	0	CCACG
chr7	55249020	38	A	21	17	0	0	0	0	0	0	0	0	0	CACGT
chr7	55249021	37	C	21	16	0	0	0	0	0	0	0	0	0	ACGTG
chr7	55249022	38	G	21	17	0	0	0	0	0	0	0	0	0	CGTGT
chr7	55249023	38	T	21	17	0	0	0	0	0	0	0	0	0	GTGTG
chr7	55249024	39	G	22	17	0	0	0	0	0	0	0	0	0	TGTGC
chr7	55249025	39	T	22	17	0	0	0	0	0	0	0	0	0	GTGCC
chr7	55249026	39	G	22	17	0	0	0	0	0	0	0	0	0	TGCCG
chr7	55249027	39	C	22	17	0	0	0	0	0	0	0	0	0	GCCGC
chr7	55249028	39	C	21	18	0	0	0	0	0	0	0	0	0	CCGCC
chr7	55249029	39	G	21	18	0	0	0	0	0	0	0	0	0	CGCCT
chr7	55249030	39	C	21	18	0	0	0	0	0	0	0	0	0	GCCTG
chr7	55249031	38	C	20	18	0	0	0	0	0	0	0	0	0	CCTGC
chr7	55249032	37	T	20	17	0	0	0	0	0	0	0	0	0	CTGCT
chr7	55249033	38	G	20	18	0	0	0	0	0	0	0	0	0	TGCTG
chr7	55249034	38	C	20	18	0	0	0	0	0	0	0	0	0	GCTGG
chr7	55249035	38	T	20	18	0	0	0	0	0	0	0	0	0	CTGGG
chr7	55249036	34	G	19	15	0	0	0	0	0	0	0	0	0	TGGGC
chr7	55249037	33	G	19	14	0	0	0	0	0	0	0	0	0	GGGCA
chr7	55249038	33	G	20	13	0	0	0	0	0	0	0	0	0	GGCAT
chr7	55249039	34	C	20	14	0	0	0	0	0	0	0	0	0	GCATC
chr7	55249040	34	A	20	14	0	0	0	0	0	0	0	0	0	CATCT
chr7	55249041	34	T	20	14	0	0	0	0	0	0	0	0	0	ATCTG
chr7	55249042	34	C	20	14	0	0	0	0	0	0	0	0	0	TCTGC
chr7	55249043	33	T	19	14	0	0	0	0	0	0	0	0	0	CTGCC
chr7	55249044	34	G	20	14	0	0	0	0	0	0	0	0	0	TGCCT
chr7	55249045	33	C	20	13	0	0	0	0	0	0	0	0	0	GCCTC
chr7	55249046	33	C	19	14	0	0	0	0	0	0	0	0	0	CCTCA
chr7	55249047	30	T	19	11	0	0	0	0	0	0	0	0	0	CTCAC
chr7	55249048	30	C	19	11	0	0	0	0	0	0	0	0	0	TCACC
chr7	55249049	30	A	19	11	0	0	0	0	0	0	0	0	0	CACCT
chr7	55249050	31	C	19	12	0	0	0	0	0	0	0	0	0	ACCTC
chr7	55249051	30	C	19	11	0	0	0	0	0	0	0	0	0	CCTCC
chr7	55249052	28	T	19	9	0	0	0	0	0	0	0	0	0	CTCCA
chr7	55249053	28	C	19	9	0	0	0	0	0	0	0	0	0	TCCAC
chr7	55249054	30	C	20	10	0	0	0	0	0	0	0	0	0	CCACC
chr7	55249055	28	A	19	9	0	0	0	0	0	0	0	0	0	CACCG
chr7	55249056	29	C	20	9	0	0	0	0	0	0	0	0	0	ACCGT
chr7	55249057	29	C	19	10	0	0	0	0	0	0	0	0	0	CCGTG
chr7	55249058	29	G	18	11	0	0	0	0	0	0	0	0	0	CGTGC
chr7	55249059	29	T	19	10	0	0	0	0	0	0	0	0	0	GTGCA
chr7	55249060	28	G	18	10	0	0	0	0	0	0	0	0	0	TGCAG
chr7	55249061	30	C	19	11	0	0	0	0	0	0	0	0	0	GCAGC
chr7	55249062	27	A	16	11	0	0	0	0	0	0	0	0	0	CAGCT
chr7	55249063	27	G	15	12	0	0	0	0	0	0	0	0	0	AGCTC
chr7	55249064	28	C	15	13	0	0	0	0	0	0	0	0	0	GCTCA
chr7	55249065	26	T	14	12	0	0	0	0	0	0	0	0	0	CTCAT
chr7	55249066	25	C	14	11	0	0	0	0	0	0	0	0	0	TCATC
chr7	55249067	25	A	14	11	0	0	0	0	0	0	0	0	0	CATCA
chr7	55249068	26	T	15	11	0	0	0	0	0	0	0	0	0	ATCAC
chr7	55249069	26	C	15	11	0	0	0	0	0	0	0	0	0	TCACG
chr7	55249070	27	A	16	11	0	0	0	0	0	0	0	0	0	CACGC
chr7	55249071	26	C	16	10	0	0	0	0	0	0	0	0	0	ACGCA
chr7	55249072	25	G	16	9	0	0	0	0	0	0	0	0	0	CGCAG
chr7	55249073	24	C	16	8	0	0	0	0	0	0	0	0	0	GCAGC
chr7	55249074	24	A	15	8	0	0	0	0	0	0	1	0	0	CAGCT
chr7	55249075	23	G	15	8	0	0	0	0	0	0	0	0	0	AGCTC
chr7	55249076	23	C	15	8	0	0	0	0	0	0	0	0	0	GCTCA
chr7	55249077	22	T	14	8	0	0	0	0	0	0	0	0	0	CTCAT
chr7	55249078	22	C	14	8	0	0	0	0	0	0	0	0	0	TCATG
chr7	55249079	23	A	15	8	0	0	0	0	0	0	0	0	0	CATGC
chr7	55249080	23	T	15	8	0	0	0	0	0	0	0	0	0	ATGCC
chr7	55249081	23	G	15	8	0	0	0	0	0	0	0	0	0	TGCCC
chr7	55249082	23	C	15	8	0	0	0	0	0	0	0	0	0	GCCCT
chr7	55249083	23	C	15	8	0	0	0	0	0	0	0	0	0	CCCTT
chr7	55249084	23	C	15	8	0	0	0	0	0	0	0	0	0	CCTTC
chr7	55249085	23	T	15	8	0	0	0	0	0	0	0	0	0	CTTCG
chr7	55249086	23	T	15	8	0	0	0	0	0	0	0	0	0	TTCGG
chr7	55249087	23	C	15	8	0	0	0	0	0	0	0	0	0	TCGGC
chr7	55249088	24	G	15	9	0	0	0	0	0	0	0	0	0	CGGCT
chr7	55249089	24	G	15	9	0	0	0	0	0	0	0	0	0	GGCTG
chr7	55249090	24	C	15	9	0	0	0	0	0	0	0	0	0	GCTGC
chr7	55249091	25	T	16	9	0	0	0	0	0	0	0	0	0	CTGCC
chr7	55249092	26	G	16	10	0	0	0	0	0	0	0	0	0	TGCCT
chr7	55249093	26	C	16	10	0	0	0	0	0	0	0	0	0	GCCTC
chr7	55249094	26	C	16	10	0	0	0	0	0	0	0	0	0	CCTCC
chr7	55249095	25	T	15	10	0	0	0	0	0	0	0	0	0	CTCCT
chr7	55249096	25	C	15	10	0	0	0	0	0	0	0	0	0	TCCTG
chr7	55249097	24	C	14	10	0	0	0	0	0	0	0	0	0	CCTGG
chr7	55249098	25	T	15	10	0	0	0	0	0	0	0	0	0	CTGGA
chr7	55249099	25	G	15	10	0	0	0	0	0	0	0	0	0	TGGAC
chr7	55249100	25	G	15	10	0	0	0	0	0	0	0	0	0	GGACT
chr7	55249101	25	A	14	11	0	0	0	0	0	0	0	0	0	GACTA
chr7	55249102	25	C	14	11	0	0	0	0	0	0	0	0	0	ACTAT
chr7	55249103	25	T	13	12	0	0	0	0	0	0	0	0	0	CTATG
chr7	55249104	25	A	13	12	0	0	0	0	0	0	0	0	0	TATGT
chr7	55249105	25	T	13	12	0	0	0	0	0	0	0	0	0	ATGTC
chr7	55249106	25	G	13	12	0	0	0	0	0	0	0	0	0	TGTCC
chr7	55249107	25	T	13	12	0	0	0	0	0	0	0	0	0	GTCCG
chr7	55249108	25	C	12	13	0	0	0	0	0	0	0	0	0	TCCGG
chr7	55249109	25	C	12	13	0	0	0	0	0	0	0	0	0	CCGGG
chr7	55249110	24	G	12	12	0	0	0	0	0	0	0	0	0	CGGGA
chr7	55249111	24	G	12	12	0	0	0	0	0	0	0	0	0	GGGAA
chr7	55249112	24	G	13	11	0	0	0	0	0	0	0	0	0	GGAAC
chr7	55249113	23	A	12	11	0	0	0	0	0	0	0	0	0	GAACA
chr7	55249114	25	A	13	12	0	0	0	0	0	0	0	0	0	AACAC
chr7	55249115	26	C	14	12	0	0	0	0	0	0	0	0	0	ACACA
chr7	55249116	26	A	14	12	0	0	0	0	0	0	0	0	0	CACAA
chr7	55249117	26	C	14	12	0	0	0	0	0	0	0	0	0	ACAAA
chr7	55249118	26	A	14	12	0	0	0	0	0	0	0	0	0	CAAAG
chr7	55249119	26	A	14	12	0	0	0	0	0	0	0	0	0	AAAGA
chr7	55249120	27	A	14	12	0	0	0	0	0	0	0	1	0	AAGAC
chr7	55249121	28	G	14	14	0	0	0	0	0	0	0	0	0	AGACA
chr7	55249122	26	A	12	14	0	0	0	0	0	0	0	0	0	GACAA
chr7	55249123	27	C	13	14	0	0	0	0	0	0	0	0	0	ACAAT
chr7	55249124	26	A	12	14	0	0	0	0	0	0	0	0	0	CAATA
chr7	55249125	26	A	12	14	0	0	0	0	0	0	0	0	0	AATAT
chr7	55249126	26	T	12	14	0	0	0	0	0	0	0	0	0	ATATT
chr7	55249127	26	A	12	14	0	0	0	0	0	0	0	0	0	TATTG
chr7	55249128	24	T	12	12	0	0	0	0	0	0	0	0	0	ATTGG
chr7	55249129	24	T	12	12	0	0	0	0	0	0	0	0	0	TTGGC
chr7	55249130	24	G	12	12	0	0	0	0	0	0	0	0	0	TGGCT
chr7	55249131	24	G	12	12	0	0	0	0	0	0	0	0	0	GGCTC
chr7	55249132	24	C	13	10	0	0	0	0	0	1	0	0	0	GCTCC
chr7	55249133	26	T	15	11	0	0	0	0	0	0	0	0	0	CTCCC
chr7	55249134	27	C	15	11	0	0	0	0	1	0	0	0	0	TCCCA
chr7	55249135	27	C	16	11	0	0	0	0	0	0	0	0	0	CCCAG
chr7	55249136	27	C	16	11	0	0	0	0	0	0	0	0	0	CCAGT
chr7	55249137	26	A	15	9	0	0	1	0	0	0	0	1	0	CAGTA
chr7	55249138	27	G	17	10	0	0	0	0	0	0	0	0	0	AGTAC
chr7	55249139	27	T	16	10	0	0	0	0	0	0	1	0	0	GTACC
chr7	55249140	27	A	17	10	0	0	0	0	0	0	0	0	0	TACCT
chr7	55249141	26	C	16	10	0	0	0	0	0	0	0	0	0	ACCTG
chr7	55249142	26	C	16	10	0	0	0	0	0	0	0	0	0	CCTGC
chr7	55249143	26	T	16	10	0	0	0	0	0	0	0	0	0	CTGCT
chr7	55249144	26	G	16	10	0	0	0	0	0	0	0	0	0	TGCTC
chr7	55249145	26	C	15	11	0	0	0	0	0	0	0	0	0	GCTCA
chr7	55249146	26	T	15	11	0	0	0	0	0	0	0	0	0	CTCAA
chr7	55249147	26	C	16	10	0	0	0	0	0	0	0	0	0	TCAAC
chr7	55249148	27	A	17	10	0	0	0	0	0	0	0	0	0	CAACT
chr7	55249149	27	A	17	10	0	0	0	0	0	0	0	0	0	AACTG
chr7	55249150	27	C	17	10	0	0	0	0	0	0	0	0	0	ACTGG
chr7	55249151	27	T	17	10	0	0	0	0	0	0	0	0	0	CTGGT
chr7	55249152	26	G	16	10	0	0	0	0	0	0	0	0	0	TGGTG
chr7	55249153	26	G	16	10	0	0	0	0	0	0	0	0	0	GGTGT
chr7	55249154	26	T	16	10	0	0	0	0	0	0	0	0	0	GTGTG
chr7	55249155	26	G	16	10	0	0	0	0	0	0	0	0	0	TGTGT
chr7	55249156	26	T	16	10	0	0	0	0	0	0	0	0	0	GTGTG
chr7	55249157	25	G	15	10	0	0	0	0	0	0	0	0	0	TGTGC
chr7	55249158	24	T	15	9	0	0	0	0	0	0	0	0	0	GTGCA
chr7	55249159	25	G	15	10	0	0	0	0	0	0	0	0	0	TGCAG
chr7	55249160	25	C	15	10	0	0	0	0	0	0	0	0	0	GCAGA
chr7	55249161	25	A	15	10	0	0	0	0	0	0	0	0	0	CAGAT
chr7	55249162	25	G	15	10	0	0	0	0	0	0	0	0	0	AGATC
chr7	55249163	25	A	15	10	0	0	0	0	0	0	0	0	0	GATCG
chr7	55249164	25	T	14	11	0	0	0	0	0	0	0	0	0	ATCGC
chr7	55249165	25	C	14	11	0	0	0	0	0	0	0	0	0	TCGCA
chr7	55249166	24	G	13	11	0	0	0	0	0	0	0	0	0	CGCAA
chr7	55249167	25	C	14	11	0	0	0	0	0	0	0	0	0	GCAAA
chr7	55249168	26	A	14	12	0	0	0	0	0	0	0	0	0	CAAAG
chr7	55249169	26	A	14	12	0	0	0	0	0	0	0	0	0	AAAGG
chr7	55249170	27	A	15	12	0	0	0	0	0	0	0	0	0	AAGGT
chr7	55249171	27	G	15	12	0	0	0	0	0	0	0	0	0	AGGTA
chr7	55259514	38	C	17	21	0	0	0	0	0	0	0	0	0	GCTGG
chr7	55259515	39	T	18	21	0	0	0	0	0	0	0	0	0	CTGGC
chr7	55259516	39	G	17	22	0	0	0	0	0	0	0	0	0	TGGCC
chr7	55259523	38	C	17	21	0	0	0	0	0	0	0	0	0	ACTGC
chr7	55259524	37	T	17	20	0	0	0	0	0	0	0	0	0	CTGCT
chr7	55259525	38	G	17	21	0	0	0	0	0	0	0	0	0	TGCTG
chr7	140453135	323	C	121	200	0	0	0	0	1	1	0	0	0	TCACT
chr7	140453136	320	A	122	197	0	0	0	0	0	0	1	0	0	CACTG
chr7	140453137	312	C	118	191	0	0	0	0	0	2	1	0	0	ACTGT
chr12	330145	1	A	0	1	0	0	0	0	0	0	0	0	0	GAGCA
chr12	25380274	333	C	194	139	0	0	0	0	0	0	0	0	0	TCTTG
chr12	25380275	336	T	197	139	0	0	0	0	0	0	0	0	0	CTTGA
chr12	25380276	338	T	200	137	0	0	0	0	0	0	1	0	0	TTGAC
chr12	25380277	340	G	203	137	0	0	0	0	0	0	0	0	0	TGACC
chr12	25380278	340	A	202	137	0	0	0	0	0	0	1	0	0	GACCT
chr12	25398283	435	A	194	241	0	0	0	0	0	0	0	0	0	CACCA
chr12	25398284	439	C	194	245	0	0	0	0	0	0	0	0	0	ACCAG
chr12	25398285	440	C	193	247	0	0	0	0	0	0	0	0	0	CCAGC
chr12	25398286	440	A	192	248	0	0	0	0	0	0	0	0	0	CAGCT
