CHR	POS	DEPTH	REF	R+	R-	A+	A-	C+	C-	T+	T-	G+	G-	PAD	MOTIF
chr7	1579575	2	A	1	1	0	0	0	0	0	0	0	0	1	CAGGT	nan	nan	nan	nan
chr7	140453135	246	C	90	155	0	0	0	0	0	1	0	0	0	TCACT
chr7	140453136	244	A	89	155	0	0	0	0	0	0	0	0	0	CACTG
chr7	140453137	250	C	96	152	0	1	0	0	0	1	0	0	0	ACTGT
chr12	368593	2	G	2	0	0	0	0	0	0	0	0	0	331	AGCAG	nan	nan	nan	nan
chr12	25380274	426	C	295	131	0	0	0	0	0	0	0	0	0	TCTTG
chr12	25380275	428	T	298	130	0	0	0	0	0	0	0	0	0	CTTGA
chr12	25380276	431	T	303	128	0	0	0	0	0	0	0	0	0	TTGAC
chr12	25380277	431	G	300	131	0	0	0	0	0	0	0	0	0	TGACC
chr12	25380278	429	A	298	130	0	0	0	1	0	0	0	0	0	GACCT
chr12	25398283	427	A	131	296	0	0	0	0	0	0	0	0	0	CACCA
chr12	25398284	427	C	128	299	0	0	0	0	0	0	0	0	0	ACCAG
chr12	25398285	428	C	129	299	0	0	0	0	0	0	0	0	0	CCAGC
chr12	25398286	433	A	130	303	0	0	0	0	0	0	0	0	0	CAGCT
