CHR	POS	DEPTH	REF	R+	R-	A+	A-	C+	C-	T+	T-	G+	G-	PAD	MOTIF
chr7	1024035	1	C	1	0	0	0	0	0	0	0	0	0	12	GCCAT	nan	nan	nan	nan
chr7	55241706	3	G	2	1	0	0	0	0	0	0	0	0	0	TGGGC
chr7	55241707	3	G	2	1	0	0	0	0	0	0	0	0	0	GGGCT
chr7	55241708	3	G	2	1	0	0	0	0	0	0	0	0	0	GGCTC
chr7	55241709	3	C	2	1	0	0	0	0	0	0	0	0	0	GCTCC
chr7	55242415	4	G	3	1	0	0	0	0	0	0	0	0	0	GGGAC
chr7	55242416	4	G	3	1	0	0	0	0	0	0	0	0	0	GGACT
chr7	55242417	4	A	3	1	0	0	0	0	0	0	0	0	0	GACTC
chr7	55242418	5	C	4	1	0	0	0	0	0	0	0	0	0	ACTCT
chr7	55242419	5	T	4	1	0	0	0	0	0	0	0	0	0	CTCTG
chr7	55242420	5	C	4	1	0	0	0	0	0	0	0	0	0	TCTGG
chr7	55242421	5	T	4	1	0	0	0	0	0	0	0	0	0	CTGGA
chr7	55242422	5	G	4	1	0	0	0	0	0	0	0	0	0	TGGAT
chr7	55242423	5	G	4	1	0	0	0	0	0	0	0	0	0	GGATC
chr7	55242424	5	A	4	1	0	0	0	0	0	0	0	0	0	GATCC
chr7	55242425	5	T	4	1	0	0	0	0	0	0	0	0	0	ATCCC
chr7	55242426	5	C	4	1	0	0	0	0	0	0	0	0	0	TCCCA
chr7	55242427	5	C	4	1	0	0	0	0	0	0	0	0	0	CCCAG
chr7	55242428	5	C	4	1	0	0	0	0	0	0	0	0	0	CCAGA
chr7	55242429	5	A	4	1	0	0	0	0	0	0	0	0	0	CAGAA
chr7	55242430	5	G	4	1	0	0	0	0	0	0	0	0	0	AGAAG
chr7	55242431	5	A	4	1	0	0	0	0	0	0	0	0	0	GAAGG
chr7	55242432	5	A	4	1	0	0	0	0	0	0	0	0	0	AAGGT
chr7	55242433	5	G	4	1	0	0	0	0	0	0	0	0	0	AGGTG
chr7	55242434	5	G	4	1	0	0	0	0	0	0	0	0	0	GGTGA
chr7	55242435	6	T	4	2	0	0	0	0	0	0	0	0	0	GTGAG
chr7	55242436	5	G	3	2	0	0	0	0	0	0	0	0	0	TGAGA
chr7	55242437	5	A	3	2	0	0	0	0	0	0	0	0	0	GAGAA
chr7	55242438	5	G	3	2	0	0	0	0	0	0	0	0	0	AGAAA
chr7	55242439	5	A	3	2	0	0	0	0	0	0	0	0	0	GAAAG
chr7	55242440	5	A	3	2	0	0	0	0	0	0	0	0	0	AAAGT
chr7	55242441	5	A	3	2	0	0	0	0	0	0	0	0	0	AAGTT
chr7	55242442	5	G	3	2	0	0	0	0	0	0	0	0	0	AGTTA
chr7	55242443	5	T	3	2	0	0	0	0	0	0	0	0	0	GTTAA
chr7	55242444	5	T	3	2	0	0	0	0	0	0	0	0	0	TTAAA
chr7	55242445	5	A	3	2	0	0	0	0	0	0	0	0	0	TAAAA
chr7	55242446	5	A	3	2	0	0	0	0	0	0	0	0	0	AAAAT
chr7	55242447	5	A	3	2	0	0	0	0	0	0	0	0	0	AAATT
chr7	55242448	6	A	4	2	0	0	0	0	0	0	0	0	0	AATTC
chr7	55242449	6	T	4	2	0	0	0	0	0	0	0	0	0	ATTCC
chr7	55242450	7	T	5	2	0	0	0	0	0	0	0	0	0	TTCCC
chr7	55242451	7	C	5	2	0	0	0	0	0	0	0	0	0	TCCCG
chr7	55242452	7	C	5	2	0	0	0	0	0	0	0	0	0	CCCGT
chr7	55242453	7	C	5	2	0	0	0	0	0	0	0	0	0	CCGTC
chr7	55242454	7	G	5	2	0	0	0	0	0	0	0	0	0	CGTCG
chr7	55242455	8	T	5	3	0	0	0	0	0	0	0	0	0	GTCGC
chr7	55242456	7	C	5	2	0	0	0	0	0	0	0	0	0	TCGCT
chr7	55242457	7	G	5	2	0	0	0	0	0	0	0	0	0	CGCTA
chr7	55242458	7	C	5	2	0	0	0	0	0	0	0	0	0	GCTAT
chr7	55242459	7	T	5	2	0	0	0	0	0	0	0	0	0	CTATC
chr7	55242460	7	A	5	2	0	0	0	0	0	0	0	0	0	TATCA
chr7	55242461	7	T	5	2	0	0	0	0	0	0	0	0	0	ATCAA
chr7	55242462	7	C	5	2	0	0	0	0	0	0	0	0	0	TCAAG
chr7	55242463	7	A	5	2	0	0	0	0	0	0	0	0	0	CAAGG
chr7	55242464	7	A	5	2	0	0	0	0	0	0	0	0	0	AAGGA
chr7	55242465	7	G	5	2	0	0	0	0	0	0	0	0	0	AGGAA
chr7	55242466	6	G	4	2	0	0	0	0	0	0	0	0	0	GGAAT
chr7	55242467	6	A	4	2	0	0	0	0	0	0	0	0	0	GAATT
chr7	55242468	6	A	4	2	0	0	0	0	0	0	0	0	0	AATTA
chr7	55242469	6	T	4	2	0	0	0	0	0	0	0	0	0	ATTAA
chr7	55242470	6	T	4	2	0	0	0	0	0	0	0	0	0	TTAAG
chr7	55242471	6	A	4	2	0	0	0	0	0	0	0	0	0	TAAGA
chr7	55242472	6	A	4	2	0	0	0	0	0	0	0	0	0	AAGAG
chr7	55242473	6	G	4	2	0	0	0	0	0	0	0	0	0	AGAGA
chr7	55242474	6	A	4	2	0	0	0	0	0	0	0	0	0	GAGAA
chr7	55242475	7	G	5	2	0	0	0	0	0	0	0	0	0	AGAAG
chr7	55242476	8	A	6	2	0	0	0	0	0	0	0	0	0	GAAGC
chr7	55242477	9	A	7	2	0	0	0	0	0	0	0	0	0	AAGCA
chr7	55242478	9	G	7	2	0	0	0	0	0	0	0	0	0	AGCAA
chr7	55242479	9	C	7	2	0	0	0	0	0	0	0	0	0	GCAAC
chr7	55242480	9	A	7	2	0	0	0	0	0	0	0	0	0	CAACA
chr7	55242481	9	A	7	2	0	0	0	0	0	0	0	0	0	AACAT
chr7	55242482	10	C	7	3	0	0	0	0	0	0	0	0	0	ACATC
chr7	55242483	10	A	7	3	0	0	0	0	0	0	0	0	0	CATCT
chr7	55242484	9	T	7	2	0	0	0	0	0	0	0	0	0	ATCTC
chr7	55242485	9	C	7	2	0	0	0	0	0	0	0	0	0	TCTCC
chr7	55242486	9	T	7	2	0	0	0	0	0	0	0	0	0	CTCCG
chr7	55242487	9	C	7	2	0	0	0	0	0	0	0	0	0	TCCGA
chr7	55242488	9	C	7	2	0	0	0	0	0	0	0	0	0	CCGAA
chr7	55242489	9	G	7	2	0	0	0	0	0	0	0	0	0	CGAAA
chr7	55242490	9	A	7	2	0	0	0	0	0	0	0	0	0	GAAAG
chr7	55242491	9	A	7	2	0	0	0	0	0	0	0	0	0	AAAGC
chr7	55242492	9	A	7	2	0	0	0	0	0	0	0	0	0	AAGCC
chr7	55242493	9	G	7	2	0	0	0	0	0	0	0	0	0	AGCCA
chr7	55242494	9	C	7	2	0	0	0	0	0	0	0	0	0	GCCAA
chr7	55242495	8	C	7	1	0	0	0	0	0	0	0	0	0	CCAAC
chr7	55242496	8	A	7	1	0	0	0	0	0	0	0	0	0	CAACA
chr7	55242497	9	A	7	2	0	0	0	0	0	0	0	0	0	AACAA
chr7	55242498	9	C	7	2	0	0	0	0	0	0	0	0	0	ACAAG
chr7	55242499	9	A	7	2	0	0	0	0	0	0	0	0	0	CAAGG
chr7	55242500	9	A	7	2	0	0	0	0	0	0	0	0	0	AAGGA
chr7	55242501	9	G	7	2	0	0	0	0	0	0	0	0	0	AGGAA
chr7	55242502	9	G	7	2	0	0	0	0	0	0	0	0	0	GGAAA
chr7	55242503	9	A	7	2	0	0	0	0	0	0	0	0	0	GAAAT
chr7	55242504	9	A	7	2	0	0	0	0	0	0	0	0	0	AAATC
chr7	55242505	9	A	7	2	0	0	0	0	0	0	0	0	0	AATCC
chr7	55242506	9	T	7	2	0	0	0	0	0	0	0	0	0	ATCCT
chr7	55242507	9	C	7	2	0	0	0	0	0	0	0	0	0	TCCTC
chr7	55242508	9	C	7	2	0	0	0	0	0	0	0	0	0	CCTCG
chr7	55242509	9	T	7	2	0	0	0	0	0	0	0	0	0	CTCGA
chr7	55242510	9	C	7	2	0	0	0	0	0	0	0	0	0	TCGAT
chr7	55242511	9	G	7	2	0	0	0	0	0	0	0	0	0	CGATG
chr7	55242512	9	A	7	2	0	0	0	0	0	0	0	0	0	GATGT
chr7	55242513	9	T	7	2	0	0	0	0	0	0	0	0	0	ATGTG
chr7	55248986	7	G	6	1	0	0	0	0	0	0	0	0	0	GGAAG
chr7	55248987	7	A	6	1	0	0	0	0	0	0	0	0	0	GAAGC
chr7	55248988	7	A	6	1	0	0	0	0	0	0	0	0	0	AAGCC
chr7	55248989	7	G	6	1	0	0	0	0	0	0	0	0	0	AGCCT
chr7	55248990	7	C	6	1	0	0	0	0	0	0	0	0	0	GCCTA
chr7	55248991	7	C	6	1	0	0	0	0	0	0	0	0	0	CCTAC
chr7	55248992	7	T	6	1	0	0	0	0	0	0	0	0	0	CTACG
chr7	55248993	7	A	6	1	0	0	0	0	0	0	0	0	0	TACGT
chr7	55248994	7	C	6	1	0	0	0	0	0	0	0	0	0	ACGTG
chr7	55248995	7	G	6	1	0	0	0	0	0	0	0	0	0	CGTGA
chr7	55248996	7	T	6	1	0	0	0	0	0	0	0	0	0	GTGAT
chr7	55248997	7	G	6	1	0	0	0	0	0	0	0	0	0	TGATG
chr7	55248998	7	A	6	1	0	0	0	0	0	0	0	0	0	GATGG
chr7	55248999	7	T	6	1	0	0	0	0	0	0	0	0	0	ATGGC
chr7	55249000	7	G	6	1	0	0	0	0	0	0	0	0	0	TGGCC
chr7	55249001	7	G	6	1	0	0	0	0	0	0	0	0	0	GGCCA
chr7	55249002	7	C	6	1	0	0	0	0	0	0	0	0	0	GCCAG
chr7	55249003	7	C	6	1	0	0	0	0	0	0	0	0	0	CCAGC
chr7	55249004	7	A	6	1	0	0	0	0	0	0	0	0	0	CAGCG
chr7	55249005	7	G	6	1	0	0	0	0	0	0	0	0	0	AGCGT
chr7	55249006	7	C	6	1	0	0	0	0	0	0	0	0	0	GCGTG
chr7	55249007	7	G	6	1	0	0	0	0	0	0	0	0	0	CGTGG
chr7	55249008	7	T	6	1	0	0	0	0	0	0	0	0	0	GTGGA
chr7	55249009	8	G	6	2	0	0	0	0	0	0	0	0	0	TGGAC
chr7	55249010	7	G	5	2	0	0	0	0	0	0	0	0	0	GGACA
chr7	55249011	7	A	5	2	0	0	0	0	0	0	0	0	0	GACAA
chr7	55249012	8	C	5	3	0	0	0	0	0	0	0	0	0	ACAAC
chr7	55249013	8	A	5	3	0	0	0	0	0	0	0	0	0	CAACC
chr7	55249014	8	A	5	3	0	0	0	0	0	0	0	0	0	AACCC
chr7	55249015	8	C	5	3	0	0	0	0	0	0	0	0	0	ACCCC
chr7	55249016	8	C	5	3	0	0	0	0	0	0	0	0	0	CCCCC
chr7	55249017	8	C	5	3	0	0	0	0	0	0	0	0	0	CCCCA
chr7	55249018	8	C	5	3	0	0	0	0	0	0	0	0	0	CCCAC
chr7	55249019	8	C	5	3	0	0	0	0	0	0	0	0	0	CCACG
chr7	55249020	8	A	5	3	0	0	0	0	0	0	0	0	0	CACGT
chr7	55249021	8	C	5	3	0	0	0	0	0	0	0	0	0	ACGTG
chr7	55249022	8	G	5	3	0	0	0	0	0	0	0	0	0	CGTGT
chr7	55249023	8	T	5	3	0	0	0	0	0	0	0	0	0	GTGTG
chr7	55249024	8	G	5	3	0	0	0	0	0	0	0	0	0	TGTGC
chr7	55249025	8	T	5	3	0	0	0	0	0	0	0	0	0	GTGCC
chr7	55249026	8	G	5	3	0	0	0	0	0	0	0	0	0	TGCCG
chr7	55249027	8	C	5	3	0	0	0	0	0	0	0	0	0	GCCGC
chr7	55249028	8	C	5	3	0	0	0	0	0	0	0	0	0	CCGCC
chr7	55249029	8	G	5	3	0	0	0	0	0	0	0	0	0	CGCCT
chr7	55249030	8	C	5	3	0	0	0	0	0	0	0	0	0	GCCTG
chr7	55249031	8	C	5	3	0	0	0	0	0	0	0	0	0	CCTGC
chr7	55249032	8	T	5	3	0	0	0	0	0	0	0	0	0	CTGCT
chr7	55249033	8	G	5	3	0	0	0	0	0	0	0	0	0	TGCTG
chr7	55249034	8	C	5	3	0	0	0	0	0	0	0	0	0	GCTGG
chr7	55249035	8	T	5	3	0	0	0	0	0	0	0	0	0	CTGGG
chr7	55249036	9	G	6	3	0	0	0	0	0	0	0	0	0	TGGGC
chr7	55249037	9	G	6	3	0	0	0	0	0	0	0	0	0	GGGCA
chr7	55249038	9	G	6	3	0	0	0	0	0	0	0	0	0	GGCAT
chr7	55249039	8	C	5	3	0	0	0	0	0	0	0	0	0	GCATC
chr7	55249040	8	A	5	3	0	0	0	0	0	0	0	0	0	CATCT
chr7	55249041	8	T	5	3	0	0	0	0	0	0	0	0	0	ATCTG
chr7	55249042	8	C	5	3	0	0	0	0	0	0	0	0	0	TCTGC
chr7	55249043	8	T	5	3	0	0	0	0	0	0	0	0	0	CTGCC
chr7	55249044	8	G	5	3	0	0	0	0	0	0	0	0	0	TGCCT
chr7	55249045	8	C	5	3	0	0	0	0	0	0	0	0	0	GCCTC
chr7	55249046	7	C	5	2	0	0	0	0	0	0	0	0	0	CCTCA
chr7	55249047	7	T	5	2	0	0	0	0	0	0	0	0	0	CTCAC
chr7	55249048	7	C	5	2	0	0	0	0	0	0	0	0	0	TCACC
chr7	55249049	7	A	5	2	0	0	0	0	0	0	0	0	0	CACCT
chr7	55249050	7	C	5	2	0	0	0	0	0	0	0	0	0	ACCTC
chr7	55249051	7	C	5	2	0	0	0	0	0	0	0	0	0	CCTCC
chr7	55249052	7	T	5	2	0	0	0	0	0	0	0	0	0	CTCCA
chr7	55249053	7	C	5	2	0	0	0	0	0	0	0	0	0	TCCAC
chr7	55249054	7	C	5	2	0	0	0	0	0	0	0	0	0	CCACC
chr7	55249055	7	A	5	2	0	0	0	0	0	0	0	0	0	CACCG
chr7	55249056	7	C	5	2	0	0	0	0	0	0	0	0	0	ACCGT
chr7	55249057	7	C	5	2	0	0	0	0	0	0	0	0	0	CCGTG
chr7	55249058	7	G	5	2	0	0	0	0	0	0	0	0	0	CGTGC
chr7	55249059	7	T	5	2	0	0	0	0	0	0	0	0	0	GTGCA
chr7	55249060	7	G	5	2	0	0	0	0	0	0	0	0	0	TGCAG
chr7	55249061	7	C	5	2	0	0	0	0	0	0	0	0	0	GCAGC
chr7	55249062	7	A	5	2	0	0	0	0	0	0	0	0	0	CAGCT
chr7	55249063	7	G	2	2	3	0	0	0	0	0	0	0	0	AGCTC
chr7	55249064	7	C	5	2	0	0	0	0	0	0	0	0	0	GCTCA
chr7	55249065	7	T	5	2	0	0	0	0	0	0	0	0	0	CTCAT
chr7	55249066	6	C	4	2	0	0	0	0	0	0	0	0	0	TCATC
chr7	55249067	5	A	3	2	0	0	0	0	0	0	0	0	0	CATCA
chr7	55249068	4	T	2	2	0	0	0	0	0	0	0	0	0	ATCAC
chr7	55249069	4	C	2	2	0	0	0	0	0	0	0	0	0	TCACG
chr7	55249070	4	A	2	2	0	0	0	0	0	0	0	0	0	CACGC
chr7	55249071	4	C	2	2	0	0	0	0	0	0	0	0	0	ACGCA
chr7	55249072	4	G	2	2	0	0	0	0	0	0	0	0	0	CGCAG
chr7	55249073	3	C	2	1	0	0	0	0	0	0	0	0	0	GCAGC
chr7	55249074	3	A	2	1	0	0	0	0	0	0	0	0	0	CAGCT
chr7	55249075	3	G	2	1	0	0	0	0	0	0	0	0	0	AGCTC
chr7	55249076	3	C	2	1	0	0	0	0	0	0	0	0	0	GCTCA
chr7	55249077	3	T	2	1	0	0	0	0	0	0	0	0	0	CTCAT
chr7	55249078	3	C	2	1	0	0	0	0	0	0	0	0	0	TCATG
chr7	55249079	3	A	2	1	0	0	0	0	0	0	0	0	0	CATGC
chr7	55249080	3	T	2	1	0	0	0	0	0	0	0	0	0	ATGCC
chr7	55249081	3	G	2	1	0	0	0	0	0	0	0	0	0	TGCCC
chr7	55249082	3	C	2	1	0	0	0	0	0	0	0	0	0	GCCCT
chr7	55249083	3	C	2	1	0	0	0	0	0	0	0	0	0	CCCTT
chr7	55249084	3	C	2	1	0	0	0	0	0	0	0	0	0	CCTTC
chr7	55249085	3	T	2	1	0	0	0	0	0	0	0	0	0	CTTCG
chr7	55249086	3	T	2	1	0	0	0	0	0	0	0	0	0	TTCGG
chr7	55249087	3	C	2	1	0	0	0	0	0	0	0	0	0	TCGGC
chr7	55249088	3	G	2	1	0	0	0	0	0	0	0	0	0	CGGCT
chr7	55249089	2	G	1	1	0	0	0	0	0	0	0	0	0	GGCTG
chr7	55249090	2	C	1	1	0	0	0	0	0	0	0	0	0	GCTGC
chr7	55249091	3	T	1	2	0	0	0	0	0	0	0	0	0	CTGCC
chr7	55249092	3	G	1	2	0	0	0	0	0	0	0	0	0	TGCCT
chr7	55249093	3	C	1	2	0	0	0	0	0	0	0	0	0	GCCTC
chr7	55249094	3	C	1	2	0	0	0	0	0	0	0	0	0	CCTCC
chr7	55249095	3	T	1	2	0	0	0	0	0	0	0	0	0	CTCCT
chr7	55249096	3	C	1	2	0	0	0	0	0	0	0	0	0	TCCTG
chr7	55249097	3	C	1	2	0	0	0	0	0	0	0	0	0	CCTGG
chr7	55249098	3	T	1	2	0	0	0	0	0	0	0	0	0	CTGGA
chr7	55249099	3	G	1	2	0	0	0	0	0	0	0	0	0	TGGAC
chr7	55249100	3	G	1	2	0	0	0	0	0	0	0	0	0	GGACT
chr7	55249101	3	A	1	2	0	0	0	0	0	0	0	0	0	GACTA
chr7	55249102	3	C	1	2	0	0	0	0	0	0	0	0	0	ACTAT
chr7	55249103	3	T	1	2	0	0	0	0	0	0	0	0	0	CTATG
chr7	55249104	3	A	1	2	0	0	0	0	0	0	0	0	0	TATGT
chr7	55249105	3	T	1	2	0	0	0	0	0	0	0	0	0	ATGTC
chr7	55249106	3	G	1	2	0	0	0	0	0	0	0	0	0	TGTCC
chr7	55249107	3	T	1	2	0	0	0	0	0	0	0	0	0	GTCCG
chr7	55249108	3	C	1	2	0	0	0	0	0	0	0	0	0	TCCGG
chr7	55249109	3	C	1	2	0	0	0	0	0	0	0	0	0	CCGGG
chr7	55249110	3	G	1	2	0	0	0	0	0	0	0	0	0	CGGGA
chr7	55249111	3	G	1	2	0	0	0	0	0	0	0	0	0	GGGAA
chr7	55249112	3	G	1	2	0	0	0	0	0	0	0	0	0	GGAAC
chr7	55249113	3	A	1	2	0	0	0	0	0	0	0	0	0	GAACA
chr7	55249114	3	A	1	2	0	0	0	0	0	0	0	0	0	AACAC
chr7	55249115	3	C	1	2	0	0	0	0	0	0	0	0	0	ACACA
chr7	55249116	3	A	1	2	0	0	0	0	0	0	0	0	0	CACAA
chr7	55249117	3	C	1	2	0	0	0	0	0	0	0	0	0	ACAAA
chr7	55249118	3	A	1	2	0	0	0	0	0	0	0	0	0	CAAAG
chr7	55249119	3	A	1	2	0	0	0	0	0	0	0	0	0	AAAGA
chr7	55249120	3	A	1	2	0	0	0	0	0	0	0	0	0	AAGAC
chr7	55249121	3	G	1	2	0	0	0	0	0	0	0	0	0	AGACA
chr7	55249122	3	A	1	2	0	0	0	0	0	0	0	0	0	GACAA
chr7	55249123	3	C	1	2	0	0	0	0	0	0	0	0	0	ACAAT
chr7	55249124	3	A	1	2	0	0	0	0	0	0	0	0	0	CAATA
chr7	55249125	3	A	2	1	0	0	0	0	0	0	0	0	0	AATAT
chr7	55249126	3	T	2	1	0	0	0	0	0	0	0	0	0	ATATT
chr7	55249127	3	A	2	1	0	0	0	0	0	0	0	0	0	TATTG
chr7	55249128	3	T	2	1	0	0	0	0	0	0	0	0	0	ATTGG
chr7	55249129	3	T	2	1	0	0	0	0	0	0	0	0	0	TTGGC
chr7	55249130	3	G	2	1	0	0	0	0	0	0	0	0	0	TGGCT
chr7	55249131	3	G	2	1	0	0	0	0	0	0	0	0	0	GGCTC
chr7	55249132	2	C	1	1	0	0	0	0	0	0	0	0	0	GCTCC
chr7	55249133	2	T	1	1	0	0	0	0	0	0	0	0	0	CTCCC
chr7	55249134	2	C	1	1	0	0	0	0	0	0	0	0	0	TCCCA
chr7	55249135	2	C	1	1	0	0	0	0	0	0	0	0	0	CCCAG
chr7	55249136	2	C	1	1	0	0	0	0	0	0	0	0	0	CCAGT
chr7	55249137	2	A	1	1	0	0	0	0	0	0	0	0	0	CAGTA
chr7	55249138	2	G	1	1	0	0	0	0	0	0	0	0	0	AGTAC
chr7	55249139	2	T	1	1	0	0	0	0	0	0	0	0	0	GTACC
chr7	55249140	2	A	1	1	0	0	0	0	0	0	0	0	0	TACCT
chr7	55249141	2	C	1	1	0	0	0	0	0	0	0	0	0	ACCTG
chr7	55249142	2	C	1	1	0	0	0	0	0	0	0	0	0	CCTGC
chr7	55249143	3	T	1	2	0	0	0	0	0	0	0	0	0	CTGCT
chr7	55249144	3	G	1	2	0	0	0	0	0	0	0	0	0	TGCTC
chr7	55249145	3	C	1	2	0	0	0	0	0	0	0	0	0	GCTCA
chr7	55249146	3	T	1	2	0	0	0	0	0	0	0	0	0	CTCAA
chr7	55249147	3	C	1	2	0	0	0	0	0	0	0	0	0	TCAAC
chr7	55249148	3	A	1	2	0	0	0	0	0	0	0	0	0	CAACT
chr7	55249149	3	A	1	2	0	0	0	0	0	0	0	0	0	AACTG
chr7	55249150	3	C	1	2	0	0	0	0	0	0	0	0	0	ACTGG
chr7	55249151	3	T	1	2	0	0	0	0	0	0	0	0	0	CTGGT
chr7	55249152	3	G	1	2	0	0	0	0	0	0	0	0	0	TGGTG
chr7	55249153	3	G	1	2	0	0	0	0	0	0	0	0	0	GGTGT
chr7	55249154	3	T	1	2	0	0	0	0	0	0	0	0	0	GTGTG
chr7	55249155	3	G	0	3	0	0	0	0	0	0	0	0	0	TGTGT
chr7	55249156	3	T	0	3	0	0	0	0	0	0	0	0	0	GTGTG
chr7	55249157	3	G	0	3	0	0	0	0	0	0	0	0	0	TGTGC
chr7	55249158	3	T	0	3	0	0	0	0	0	0	0	0	0	GTGCA
chr7	55249159	3	G	0	3	0	0	0	0	0	0	0	0	0	TGCAG
chr7	55249160	3	C	0	3	0	0	0	0	0	0	0	0	0	GCAGA
chr7	55249161	3	A	0	3	0	0	0	0	0	0	0	0	0	CAGAT
chr7	55249162	3	G	0	3	0	0	0	0	0	0	0	0	0	AGATC
chr7	55249163	3	A	0	3	0	0	0	0	0	0	0	0	0	GATCG
chr7	55249164	3	T	0	3	0	0	0	0	0	0	0	0	0	ATCGC
chr7	55249165	3	C	0	3	0	0	0	0	0	0	0	0	0	TCGCA
chr7	55249166	3	G	0	3	0	0	0	0	0	0	0	0	0	CGCAA
chr7	55249167	3	C	0	3	0	0	0	0	0	0	0	0	0	GCAAA
chr7	55249168	3	A	0	3	0	0	0	0	0	0	0	0	0	CAAAG
chr7	55249169	3	A	0	3	0	0	0	0	0	0	0	0	0	AAAGG
chr7	55249170	3	A	0	3	0	0	0	0	0	0	0	0	0	AAGGT
chr7	55249171	3	G	0	3	0	0	0	0	0	0	0	0	0	AGGTA
chr7	55259514	4	C	1	3	0	0	0	0	0	0	0	0	0	GCTGG
chr7	55259515	4	T	1	3	0	0	0	0	0	0	0	0	0	CTGGC
chr7	55259516	4	G	1	3	0	0	0	0	0	0	0	0	0	TGGCC
chr7	55259523	4	C	1	3	0	0	0	0	0	0	0	0	0	ACTGC
chr7	55259524	3	T	0	3	0	0	0	0	0	0	0	0	0	CTGCT
chr7	55259525	3	G	0	3	0	0	0	0	0	0	0	0	0	TGCTG
chr7	140453135	1025	C	408	616	0	0	0	0	0	1	0	0	0	TCACT
chr7	140453136	1025	A	406	618	0	0	1	0	0	0	0	0	0	CACTG
chr7	140453137	1022	C	416	602	0	0	0	0	0	4	0	0	0	ACTGT
chr12	330102	1	A	0	1	0	0	0	0	0	0	0	0	11	AAGGG	nan	nan	nan	nan
chr12	25380274	1146	C	670	475	0	0	0	0	0	0	0	1	0	TCTTG
chr12	25380275	1149	T	670	478	0	1	0	0	0	0	0	0	0	CTTGA
chr12	25380276	1158	T	673	480	0	1	4	0	0	0	0	0	0	TTGAC
chr12	25380277	1155	G	686	468	1	0	0	0	0	0	0	0	0	TGACC
chr12	25380278	1158	A	688	460	0	0	1	0	0	0	0	9	0	GACCT
chr12	25398283	956	A	329	626	0	0	0	1	0	0	0	0	0	CACCA
chr12	25398284	967	C	326	639	2	0	0	0	0	0	0	0	0	ACCAG
chr12	25398285	970	C	327	643	0	0	0	0	0	0	0	0	0	CCAGC
chr12	25398286	973	A	326	647	0	0	0	0	0	0	0	0	0	CAGCT
