CHR	POS	DEPTH	REF	R+	R-	A+	A-	C+	C-	T+	T-	G+	G-	PAD	MOTIF
chr7	1028300	1	G	0	1	0	0	0	0	0	0	0	0	0	GGCCA
chr7	55241706	3	G	1	2	0	0	0	0	0	0	0	0	0	TGGGC
chr7	55241707	2	G	1	1	0	0	0	0	0	0	0	0	0	GGGCT
chr7	55241708	2	G	1	1	0	0	0	0	0	0	0	0	0	GGCTC
chr7	55241709	2	C	1	1	0	0	0	0	0	0	0	0	0	GCTCC
chr7	55242422	1	G	0	1	0	0	0	0	0	0	0	0	0	TGGAT
chr7	55242423	1	G	0	1	0	0	0	0	0	0	0	0	0	GGATC
chr7	55242424	1	A	0	1	0	0	0	0	0	0	0	0	0	GATCC
chr7	55242425	1	T	0	1	0	0	0	0	0	0	0	0	0	ATCCC
chr7	55242426	1	C	0	1	0	0	0	0	0	0	0	0	0	TCCCA
chr7	55242427	1	C	0	1	0	0	0	0	0	0	0	0	0	CCCAG
chr7	55242428	1	C	0	1	0	0	0	0	0	0	0	0	0	CCAGA
chr7	55242429	1	A	0	1	0	0	0	0	0	0	0	0	0	CAGAA
chr7	55242430	1	G	0	1	0	0	0	0	0	0	0	0	0	AGAAG
chr7	55242431	1	A	0	1	0	0	0	0	0	0	0	0	0	GAAGG
chr7	55242432	1	A	0	1	0	0	0	0	0	0	0	0	0	AAGGT
chr7	55242433	1	G	0	1	0	0	0	0	0	0	0	0	0	AGGTG
chr7	55242434	1	G	0	1	0	0	0	0	0	0	0	0	0	GGTGA
chr7	55242435	1	T	0	1	0	0	0	0	0	0	0	0	0	GTGAG
chr7	55242436	1	G	0	1	0	0	0	0	0	0	0	0	0	TGAGA
chr7	55242437	1	A	0	1	0	0	0	0	0	0	0	0	0	GAGAA
chr7	55242438	1	G	0	1	0	0	0	0	0	0	0	0	0	AGAAA
chr7	55259514	1	C	1	0	0	0	0	0	0	0	0	0	0	GCTGG
chr7	55259515	1	T	1	0	0	0	0	0	0	0	0	0	0	CTGGC
chr7	55259516	1	G	1	0	0	0	0	0	0	0	0	0	0	TGGCC
chr7	55259523	1	C	1	0	0	0	0	0	0	0	0	0	0	ACTGC
chr7	55259524	1	T	1	0	0	0	0	0	0	0	0	0	0	CTGCT
chr7	55259525	1	G	1	0	0	0	0	0	0	0	0	0	0	TGCTG
chr7	140453135	194	C	69	125	0	0	0	0	0	0	0	0	0	TCACT
chr7	140453136	193	A	68	125	0	0	0	0	0	0	0	0	0	CACTG
chr7	140453137	185	C	68	116	0	0	0	0	0	1	0	0	0	ACTGT
chr12	330038	1	G	1	0	0	0	0	0	0	0	0	0	76	TGGGG
chr12	25380274	908	C	523	383	0	0	0	0	0	2	0	0	0	TCTTG
chr12	25380275	906	T	524	382	0	0	0	0	0	0	0	0	0	CTTGA
chr12	25380276	921	T	530	383	0	0	8	0	0	0	0	0	0	TTGAC
chr12	25380277	921	G	534	387	0	0	0	0	0	0	0	0	0	TGACC
chr12	25380278	914	A	533	378	0	0	0	0	0	0	0	3	0	GACCT
chr12	25398283	553	A	151	401	0	0	0	0	0	0	0	1	0	CACCA
chr12	25398284	555	C	148	407	0	0	0	0	0	0	0	0	0	ACCAG
chr12	25398285	556	C	148	408	0	0	0	0	0	0	0	0	0	CCAGC
chr12	25398286	555	A	147	408	0	0	0	0	0	0	0	0	0	CAGCT
