CHR	POS	DEPTH	REF	R+	R-	A+	A-	C+	C-	T+	T-	G+	G-	PAD	MOTIF
chr7	1276519	1	G	0	1	0	0	0	0	0	0	0	0	0	AGCCC	nan	nan	nan	nan
chr7	55249026	1	G	1	0	0	0	0	0	0	0	0	0	0	TGCCG
chr7	55249027	1	C	1	0	0	0	0	0	0	0	0	0	0	GCCGC
chr7	55249028	1	C	1	0	0	0	0	0	0	0	0	0	0	CCGCC
chr7	55249029	1	G	1	0	0	0	0	0	0	0	0	0	0	CGCCT
chr7	55249030	1	C	1	0	0	0	0	0	0	0	0	0	0	GCCTG
chr7	55249031	1	C	1	0	0	0	0	0	0	0	0	0	0	CCTGC
chr7	55249032	1	T	1	0	0	0	0	0	0	0	0	0	0	CTGCT
chr7	55249033	1	G	1	0	0	0	0	0	0	0	0	0	0	TGCTG
chr7	55249034	1	C	1	0	0	0	0	0	0	0	0	0	0	GCTGG
chr7	55249035	1	T	1	0	0	0	0	0	0	0	0	0	0	CTGGG
chr7	55249036	1	G	1	0	0	0	0	0	0	0	0	0	0	TGGGC
chr7	55249037	1	G	1	0	0	0	0	0	0	0	0	0	0	GGGCA
chr7	55249038	1	G	1	0	0	0	0	0	0	0	0	0	0	GGCAT
chr7	55249039	1	C	1	0	0	0	0	0	0	0	0	0	0	GCATC
chr7	55249040	1	A	1	0	0	0	0	0	0	0	0	0	0	CATCT
chr7	55249041	1	T	1	0	0	0	0	0	0	0	0	0	0	ATCTG
chr7	55249042	1	C	1	0	0	0	0	0	0	0	0	0	0	TCTGC
chr7	55249043	1	T	1	0	0	0	0	0	0	0	0	0	0	CTGCC
chr7	55249044	1	G	1	0	0	0	0	0	0	0	0	0	0	TGCCT
chr7	55249045	1	C	1	0	0	0	0	0	0	0	0	0	0	GCCTC
chr7	55249046	1	C	1	0	0	0	0	0	0	0	0	0	0	CCTCA
chr7	55249047	1	T	1	0	0	0	0	0	0	0	0	0	0	CTCAC
chr7	55249048	1	C	1	0	0	0	0	0	0	0	0	0	0	TCACC
chr7	55249049	1	A	1	0	0	0	0	0	0	0	0	0	0	CACCT
chr7	55249050	1	C	1	0	0	0	0	0	0	0	0	0	0	ACCTC
chr7	55249051	1	C	1	0	0	0	0	0	0	0	0	0	0	CCTCC
chr7	55249052	1	T	1	0	0	0	0	0	0	0	0	0	0	CTCCA
chr7	55249053	1	C	1	0	0	0	0	0	0	0	0	0	0	TCCAC
chr7	55249054	1	C	1	0	0	0	0	0	0	0	0	0	0	CCACC
chr7	55249055	1	A	1	0	0	0	0	0	0	0	0	0	0	CACCG
chr7	55249056	1	C	1	0	0	0	0	0	0	0	0	0	0	ACCGT
chr7	55249057	1	C	1	0	0	0	0	0	0	0	0	0	0	CCGTG
chr7	55249058	1	G	1	0	0	0	0	0	0	0	0	0	0	CGTGC
chr7	55249059	1	T	1	0	0	0	0	0	0	0	0	0	0	GTGCA
chr7	55249060	1	G	1	0	0	0	0	0	0	0	0	0	0	TGCAG
chr7	55249061	1	C	1	0	0	0	0	0	0	0	0	0	0	GCAGC
chr7	55249062	1	A	1	0	0	0	0	0	0	0	0	0	0	CAGCT
chr7	55249063	1	G	0	0	1	0	0	0	0	0	0	0	0	AGCTC
chr7	55249064	1	C	1	0	0	0	0	0	0	0	0	0	0	GCTCA
chr7	55249065	1	T	1	0	0	0	0	0	0	0	0	0	0	CTCAT
chr7	55249066	1	C	1	0	0	0	0	0	0	0	0	0	0	TCATC
chr7	55249067	1	A	1	0	0	0	0	0	0	0	0	0	0	CATCA
chr7	55249068	1	T	1	0	0	0	0	0	0	0	0	0	0	ATCAC
chr7	55249069	1	C	1	0	0	0	0	0	0	0	0	0	0	TCACG
chr7	55249070	1	A	1	0	0	0	0	0	0	0	0	0	0	CACGC
chr7	55249071	1	C	0	0	0	0	0	0	1	0	0	0	0	ACGCA
chr7	55249072	2	G	1	1	0	0	0	0	0	0	0	0	0	CGCAG
chr7	55249073	2	C	1	1	0	0	0	0	0	0	0	0	0	GCAGC
chr7	55249074	2	A	1	1	0	0	0	0	0	0	0	0	0	CAGCT
chr7	55249075	2	G	1	1	0	0	0	0	0	0	0	0	0	AGCTC
chr7	55249076	2	C	1	1	0	0	0	0	0	0	0	0	0	GCTCA
chr7	55249077	2	T	1	1	0	0	0	0	0	0	0	0	0	CTCAT
chr7	55249078	2	C	1	1	0	0	0	0	0	0	0	0	0	TCATG
chr7	55249079	2	A	1	1	0	0	0	0	0	0	0	0	0	CATGC
chr7	55249080	2	T	1	1	0	0	0	0	0	0	0	0	0	ATGCC
chr7	55249081	2	G	1	1	0	0	0	0	0	0	0	0	0	TGCCC
chr7	55249082	2	C	1	1	0	0	0	0	0	0	0	0	0	GCCCT
chr7	55249083	2	C	1	1	0	0	0	0	0	0	0	0	0	CCCTT
chr7	55249084	2	C	1	1	0	0	0	0	0	0	0	0	0	CCTTC
chr7	55249085	2	T	1	1	0	0	0	0	0	0	0	0	0	CTTCG
chr7	55249086	2	T	1	1	0	0	0	0	0	0	0	0	0	TTCGG
chr7	55249087	2	C	1	1	0	0	0	0	0	0	0	0	0	TCGGC
chr7	55249088	2	G	1	1	0	0	0	0	0	0	0	0	0	CGGCT
chr7	55249089	2	G	1	1	0	0	0	0	0	0	0	0	0	GGCTG
chr7	55249090	2	C	1	1	0	0	0	0	0	0	0	0	0	GCTGC
chr7	55249091	2	T	1	1	0	0	0	0	0	0	0	0	0	CTGCC
chr7	55249092	2	G	1	1	0	0	0	0	0	0	0	0	0	TGCCT
chr7	55249093	2	C	1	1	0	0	0	0	0	0	0	0	0	GCCTC
chr7	55249094	2	C	1	1	0	0	0	0	0	0	0	0	0	CCTCC
chr7	55249095	2	T	1	1	0	0	0	0	0	0	0	0	0	CTCCT
chr7	55249096	3	C	1	1	1	0	0	0	0	0	0	0	0	TCCTG
chr7	55249097	3	C	2	1	0	0	0	0	0	0	0	0	0	CCTGG
chr7	55249098	3	T	2	1	0	0	0	0	0	0	0	0	0	CTGGA
chr7	55249099	3	G	2	1	0	0	0	0	0	0	0	0	0	TGGAC
chr7	55249100	3	G	2	1	0	0	0	0	0	0	0	0	0	GGACT
chr7	55249101	3	A	2	1	0	0	0	0	0	0	0	0	0	GACTA
chr7	55249102	3	C	2	1	0	0	0	0	0	0	0	0	0	ACTAT
chr7	55249103	3	T	2	1	0	0	0	0	0	0	0	0	0	CTATG
chr7	55249104	3	A	2	1	0	0	0	0	0	0	0	0	0	TATGT
chr7	55249105	3	T	2	1	0	0	0	0	0	0	0	0	0	ATGTC
chr7	55249106	3	G	2	1	0	0	0	0	0	0	0	0	0	TGTCC
chr7	55249107	3	T	2	1	0	0	0	0	0	0	0	0	0	GTCCG
chr7	55249108	3	C	2	1	0	0	0	0	0	0	0	0	0	TCCGG
chr7	55249109	3	C	2	1	0	0	0	0	0	0	0	0	0	CCGGG
chr7	55249110	3	G	2	1	0	0	0	0	0	0	0	0	0	CGGGA
chr7	55249111	3	G	2	1	0	0	0	0	0	0	0	0	0	GGGAA
chr7	55249112	3	G	2	1	0	0	0	0	0	0	0	0	0	GGAAC
chr7	55249113	3	A	2	1	0	0	0	0	0	0	0	0	0	GAACA
chr7	55249114	3	A	2	1	0	0	0	0	0	0	0	0	0	AACAC
chr7	55249115	3	C	2	1	0	0	0	0	0	0	0	0	0	ACACA
chr7	55249116	3	A	2	1	0	0	0	0	0	0	0	0	0	CACAA
chr7	55249117	3	C	2	1	0	0	0	0	0	0	0	0	0	ACAAA
chr7	55249118	3	A	2	1	0	0	0	0	0	0	0	0	0	CAAAG
chr7	55249119	3	A	2	1	0	0	0	0	0	0	0	0	0	AAAGA
chr7	55249120	3	A	2	1	0	0	0	0	0	0	0	0	0	AAGAC
chr7	55249121	3	G	2	1	0	0	0	0	0	0	0	0	0	AGACA
chr7	55249122	3	A	2	1	0	0	0	0	0	0	0	0	0	GACAA
chr7	55249123	3	C	2	1	0	0	0	0	0	0	0	0	0	ACAAT
chr7	55249124	3	A	2	1	0	0	0	0	0	0	0	0	0	CAATA
chr7	55249125	3	A	2	1	0	0	0	0	0	0	0	0	0	AATAT
chr7	55249126	3	T	2	1	0	0	0	0	0	0	0	0	0	ATATT
chr7	55249127	3	A	2	1	0	0	0	0	0	0	0	0	0	TATTG
chr7	55249128	3	T	2	1	0	0	0	0	0	0	0	0	0	ATTGG
chr7	55249129	3	T	2	1	0	0	0	0	0	0	0	0	0	TTGGC
chr7	55249130	3	G	2	1	0	0	0	0	0	0	0	0	0	TGGCT
chr7	55249131	3	G	2	1	0	0	0	0	0	0	0	0	0	GGCTC
chr7	55249132	3	C	2	1	0	0	0	0	0	0	0	0	0	GCTCC
chr7	55249133	3	T	2	1	0	0	0	0	0	0	0	0	0	CTCCC
chr7	55249134	3	C	2	1	0	0	0	0	0	0	0	0	0	TCCCA
chr7	55249135	3	C	2	1	0	0	0	0	0	0	0	0	0	CCCAG
chr7	55249136	3	C	2	1	0	0	0	0	0	0	0	0	0	CCAGT
chr7	55249137	3	A	2	1	0	0	0	0	0	0	0	0	0	CAGTA
chr7	55249138	3	G	2	1	0	0	0	0	0	0	0	0	0	AGTAC
chr7	55249139	3	T	2	1	0	0	0	0	0	0	0	0	0	GTACC
chr7	55249140	3	A	2	1	0	0	0	0	0	0	0	0	0	TACCT
chr7	55249141	3	C	2	1	0	0	0	0	0	0	0	0	0	ACCTG
chr7	55249142	3	C	2	1	0	0	0	0	0	0	0	0	0	CCTGC
chr7	55249143	3	T	2	1	0	0	0	0	0	0	0	0	0	CTGCT
chr7	55249144	3	G	2	1	0	0	0	0	0	0	0	0	0	TGCTC
chr7	55249145	3	C	2	1	0	0	0	0	0	0	0	0	0	GCTCA
chr7	55249146	3	T	2	1	0	0	0	0	0	0	0	0	0	CTCAA
chr7	55249147	2	C	1	1	0	0	0	0	0	0	0	0	0	TCAAC
chr7	55249148	2	A	1	1	0	0	0	0	0	0	0	0	0	CAACT
chr7	55249149	2	A	1	1	0	0	0	0	0	0	0	0	0	AACTG
chr7	55249150	2	C	1	1	0	0	0	0	0	0	0	0	0	ACTGG
chr7	55249151	2	T	1	1	0	0	0	0	0	0	0	0	0	CTGGT
chr7	55249152	2	G	1	1	0	0	0	0	0	0	0	0	0	TGGTG
chr7	55249153	2	G	1	1	0	0	0	0	0	0	0	0	0	GGTGT
chr7	55249154	2	T	1	1	0	0	0	0	0	0	0	0	0	GTGTG
chr7	55249155	2	G	1	1	0	0	0	0	0	0	0	0	0	TGTGT
chr7	55249156	2	T	1	1	0	0	0	0	0	0	0	0	0	GTGTG
chr7	55249157	2	G	1	1	0	0	0	0	0	0	0	0	0	TGTGC
chr7	55249158	2	T	1	1	0	0	0	0	0	0	0	0	0	GTGCA
chr7	55249159	2	G	1	1	0	0	0	0	0	0	0	0	0	TGCAG
chr7	55249160	2	C	1	1	0	0	0	0	0	0	0	0	0	GCAGA
chr7	55249161	2	A	1	1	0	0	0	0	0	0	0	0	0	CAGAT
chr7	55249162	2	G	1	1	0	0	0	0	0	0	0	0	0	AGATC
chr7	55249163	2	A	1	1	0	0	0	0	0	0	0	0	0	GATCG
chr7	55249164	2	T	1	1	0	0	0	0	0	0	0	0	0	ATCGC
chr7	55249165	2	C	1	1	0	0	0	0	0	0	0	0	0	TCGCA
chr7	55249166	2	G	1	1	0	0	0	0	0	0	0	0	0	CGCAA
chr7	55249167	2	C	1	1	0	0	0	0	0	0	0	0	0	GCAAA
chr7	55249168	2	A	1	1	0	0	0	0	0	0	0	0	0	CAAAG
chr7	55249169	2	A	1	1	0	0	0	0	0	0	0	0	0	AAAGG
chr7	55249170	2	A	1	1	0	0	0	0	0	0	0	0	0	AAGGT
chr7	55249171	2	G	1	1	0	0	0	0	0	0	0	0	0	AGGTA
chr7	55259514	2	C	1	1	0	0	0	0	0	0	0	0	0	GCTGG
chr7	55259515	2	T	1	1	0	0	0	0	0	0	0	0	0	CTGGC
chr7	55259516	2	G	1	1	0	0	0	0	0	0	0	0	0	TGGCC
chr7	55259523	2	C	1	1	0	0	0	0	0	0	0	0	0	ACTGC
chr7	55259524	2	T	1	1	0	0	0	0	0	0	0	0	0	CTGCT
chr7	55259525	2	G	1	1	0	0	0	0	0	0	0	0	0	TGCTG
chr7	140453135	458	C	205	252	0	0	0	0	1	0	0	0	0	TCACT
chr7	140453136	459	A	206	253	0	0	0	0	0	0	0	0	0	CACTG
chr7	140453137	447	C	206	234	0	0	0	0	1	6	0	0	0	ACTGT
chr12	344275	1	G	0	1	0	0	0	0	0	0	0	0	0	CGTGA	nan	nan	nan	nan
chr12	25380274	1098	C	671	427	0	0	0	0	0	0	0	0	0	TCTTG
chr12	25380275	1101	T	677	424	0	0	0	0	0	0	0	0	0	CTTGA
chr12	25380276	1107	T	671	426	0	0	10	0	0	0	0	0	0	TTGAC
chr12	25380277	1094	G	668	426	0	0	0	0	0	0	0	0	0	TGACC
chr12	25380278	1101	A	678	418	0	0	1	0	1	0	1	2	0	GACCT
chr12	25398283	663	A	205	457	0	0	0	0	0	0	0	1	0	CACCA
chr12	25398284	668	C	205	463	0	0	0	0	0	0	0	0	0	ACCAG
chr12	25398285	661	C	204	457	0	0	0	0	0	0	0	0	0	CCAGC
chr12	25398286	671	A	206	463	0	0	0	0	0	2	0	0	0	CAGCT
