CHR	POS	DEPTH	REF	R+	R-	A+	A-	C+	C-	T+	T-	G+	G-	PAD	MOTIF
chr7	1024455	1	G	1	0	0	0	0	0	0	0	0	0	130	CGGGA
chr7	140453135	285	C	98	185	0	0	0	0	0	0	0	0	0	TCACT
chr7	140453136	284	A	99	185	0	0	0	0	0	0	0	0	0	CACTG
chr7	140453137	272	C	97	173	0	0	0	0	0	2	0	0	0	ACTGT
chr12	330200	1	G	0	1	0	0	0	0	0	0	0	0	0	GGCAG
chr12	25380274	466	C	269	197	0	0	0	0	0	0	0	0	0	TCTTG
chr12	25380275	463	T	268	195	0	0	0	0	0	0	0	0	0	CTTGA
chr12	25380276	464	T	268	193	0	0	3	0	0	0	0	0	0	TTGAC
chr12	25380277	470	G	277	192	0	1	0	0	0	0	0	0	0	TGACC
chr12	25380278	469	A	277	191	0	0	0	0	0	0	0	1	0	GACCT
chr12	25398283	395	A	167	226	0	0	0	0	1	0	1	0	0	CACCA
chr12	25398284	401	C	168	232	1	0	0	0	0	0	0	0	0	ACCAG
chr12	25398285	403	C	168	235	0	0	0	0	0	0	0	0	0	CCAGC
chr12	25398286	403	A	168	235	0	0	0	0	0	0	0	0	0	CAGCT
