CHR	POS	DEPTH	REF	R+	R-	A+	A-	C+	C-	T+	T-	G+	G-	PAD	MOTIF
chr7	1026234	1	C	1	0	0	0	0	0	0	0	0	0	25	TCTCC	nan	nan	nan	nan
chr7	140453135	456	C	175	281	0	0	0	0	0	0	0	0	0	TCACT
chr7	140453136	455	A	175	280	0	0	0	0	0	0	0	0	0	CACTG
chr7	140453137	445	C	178	261	0	2	0	0	0	4	0	0	0	ACTGT
chr12	330574	1	T	0	1	0	0	0	0	0	0	0	0	0	CTGTA	nan	nan	nan	nan
chr12	25380274	450	C	264	186	0	0	0	0	0	0	0	0	0	TCTTG
chr12	25380275	451	T	265	186	0	0	0	0	0	0	0	0	0	CTTGA
chr12	25380276	448	T	262	184	0	0	1	1	0	0	0	0	0	TTGAC
chr12	25380277	451	G	268	182	1	0	0	0	0	0	0	0	0	TGACC
chr12	25380278	451	A	271	177	0	0	0	0	0	0	0	3	0	GACCT
chr12	25398283	438	A	198	240	0	0	0	0	0	0	0	0	0	CACCA
chr12	25398284	443	C	198	245	0	0	0	0	0	0	0	0	0	ACCAG
chr12	25398285	439	C	195	243	0	0	0	0	0	0	1	0	0	CCAGC
chr12	25398286	441	A	195	243	0	0	1	1	0	0	0	0	0	CAGCT
