CHR	POS	DEPTH	REF	R+	R-	A+	A-	C+	C-	T+	T-	G+	G-	PAD	MOTIF
chr7	1022866	1	C	0	1	0	0	0	0	0	0	0	0	0	GCTGT	nan	nan	nan	nan
chr7	55249035	1	T	0	1	0	0	0	0	0	0	0	0	0	CTGGG
chr7	55249036	1	G	0	1	0	0	0	0	0	0	0	0	0	TGGGC
chr7	55249037	1	G	0	1	0	0	0	0	0	0	0	0	0	GGGCA
chr7	55249038	1	G	0	1	0	0	0	0	0	0	0	0	0	GGCAT
chr7	55249039	1	C	0	1	0	0	0	0	0	0	0	0	0	GCATC
chr7	55249040	1	A	0	1	0	0	0	0	0	0	0	0	0	CATCT
chr7	55249041	1	T	0	1	0	0	0	0	0	0	0	0	0	ATCTG
chr7	55249042	1	C	0	1	0	0	0	0	0	0	0	0	0	TCTGC
chr7	55249043	1	T	0	1	0	0	0	0	0	0	0	0	0	CTGCC
chr7	55249044	1	G	0	1	0	0	0	0	0	0	0	0	0	TGCCT
chr7	55249045	1	C	0	1	0	0	0	0	0	0	0	0	0	GCCTC
chr7	55249046	1	C	0	1	0	0	0	0	0	0	0	0	0	CCTCA
chr7	55249047	1	T	0	1	0	0	0	0	0	0	0	0	0	CTCAC
chr7	55249048	1	C	0	1	0	0	0	0	0	0	0	0	0	TCACC
chr7	55249049	1	A	0	1	0	0	0	0	0	0	0	0	0	CACCT
chr7	55249050	1	C	0	1	0	0	0	0	0	0	0	0	0	ACCTC
chr7	55249051	1	C	0	1	0	0	0	0	0	0	0	0	0	CCTCC
chr7	55249052	1	T	0	1	0	0	0	0	0	0	0	0	0	CTCCA
chr7	55249053	1	C	0	1	0	0	0	0	0	0	0	0	0	TCCAC
chr7	55249054	1	C	0	1	0	0	0	0	0	0	0	0	0	CCACC
chr7	55249055	1	A	0	1	0	0	0	0	0	0	0	0	0	CACCG
chr7	55249056	1	C	0	1	0	0	0	0	0	0	0	0	0	ACCGT
chr7	55249057	1	C	0	1	0	0	0	0	0	0	0	0	0	CCGTG
chr7	55249058	1	G	0	1	0	0	0	0	0	0	0	0	0	CGTGC
chr7	55249059	1	T	0	1	0	0	0	0	0	0	0	0	0	GTGCA
chr7	55249060	1	G	0	1	0	0	0	0	0	0	0	0	0	TGCAG
chr7	55249061	1	C	0	1	0	0	0	0	0	0	0	0	0	GCAGC
chr7	55249062	1	A	0	1	0	0	0	0	0	0	0	0	0	CAGCT
chr7	55249063	1	G	0	1	0	0	0	0	0	0	0	0	0	AGCTC
chr7	55249064	1	C	0	1	0	0	0	0	0	0	0	0	0	GCTCA
chr7	55249065	1	T	0	1	0	0	0	0	0	0	0	0	0	CTCAT
chr7	55249066	1	C	0	1	0	0	0	0	0	0	0	0	0	TCATC
chr7	55249067	1	A	0	1	0	0	0	0	0	0	0	0	0	CATCA
chr7	55249068	1	T	0	1	0	0	0	0	0	0	0	0	0	ATCAC
chr7	55249069	1	C	0	0	0	0	0	0	0	0	0	0	0	TCACG
chr7	55249070	1	A	0	1	0	0	0	0	0	0	0	0	0	CACGC
chr7	55249071	1	C	0	1	0	0	0	0	0	0	0	0	0	ACGCA
chr7	55249072	1	G	0	1	0	0	0	0	0	0	0	0	0	CGCAG
chr7	55249073	1	C	0	1	0	0	0	0	0	0	0	0	0	GCAGC
chr7	55249074	1	A	0	1	0	0	0	0	0	0	0	0	0	CAGCT
chr7	55249075	1	G	0	1	0	0	0	0	0	0	0	0	0	AGCTC
chr7	55249077	1	T	0	1	0	0	0	0	0	0	0	0	0	CTCAT
chr7	55249078	1	C	0	1	0	0	0	0	0	0	0	0	0	TCATG
chr7	55249079	1	A	0	1	0	0	0	0	0	0	0	0	0	CATGC
chr7	55249080	1	T	0	1	0	0	0	0	0	0	0	0	0	ATGCC
chr7	55249081	1	G	0	1	0	0	0	0	0	0	0	0	0	TGCCC
chr7	55249082	1	C	0	1	0	0	0	0	0	0	0	0	0	GCCCT
chr7	55249083	1	C	0	1	0	0	0	0	0	0	0	0	0	CCCTT
chr7	55249084	1	C	0	1	0	0	0	0	0	0	0	0	0	CCTTC
chr7	55249085	1	T	0	1	0	0	0	0	0	0	0	0	0	CTTCG
chr7	55249086	1	T	0	1	0	0	0	0	0	0	0	0	0	TTCGG
chr7	55249087	1	C	0	1	0	0	0	0	0	0	0	0	0	TCGGC
chr7	55249088	1	G	0	1	0	0	0	0	0	0	0	0	0	CGGCT
chr7	55249089	1	G	0	1	0	0	0	0	0	0	0	0	0	GGCTG
chr7	55249090	1	C	0	1	0	0	0	0	0	0	0	0	0	GCTGC
chr7	55249091	1	T	0	1	0	0	0	0	0	0	0	0	0	CTGCC
chr7	55249092	1	G	0	1	0	0	0	0	0	0	0	0	0	TGCCT
chr7	55249093	1	C	0	1	0	0	0	0	0	0	0	0	0	GCCTC
chr7	55249094	1	C	0	1	0	0	0	0	0	0	0	0	0	CCTCC
chr7	55249095	1	T	0	1	0	0	0	0	0	0	0	0	0	CTCCT
chr7	55249096	1	C	0	1	0	0	0	0	0	0	0	0	0	TCCTG
chr7	55249097	1	C	0	1	0	0	0	0	0	0	0	0	0	CCTGG
chr7	55249098	1	T	0	1	0	0	0	0	0	0	0	0	0	CTGGA
chr7	55249099	1	G	0	1	0	0	0	0	0	0	0	0	0	TGGAC
chr7	55249100	1	G	0	1	0	0	0	0	0	0	0	0	0	GGACT
chr7	55249101	1	A	0	1	0	0	0	0	0	0	0	0	0	GACTA
chr7	55249102	1	C	0	1	0	0	0	0	0	0	0	0	0	ACTAT
chr7	55249103	1	T	0	1	0	0	0	0	0	0	0	0	0	CTATG
chr7	55249104	1	A	0	1	0	0	0	0	0	0	0	0	0	TATGT
chr7	55249105	1	T	0	1	0	0	0	0	0	0	0	0	0	ATGTC
chr7	55249106	1	G	0	1	0	0	0	0	0	0	0	0	0	TGTCC
chr7	55249107	1	T	0	1	0	0	0	0	0	0	0	0	0	GTCCG
chr7	55249108	1	C	0	1	0	0	0	0	0	0	0	0	0	TCCGG
chr7	55249109	1	C	0	1	0	0	0	0	0	0	0	0	0	CCGGG
chr7	55249110	1	G	0	1	0	0	0	0	0	0	0	0	0	CGGGA
chr7	55249111	1	G	0	1	0	0	0	0	0	0	0	0	0	GGGAA
chr7	55249112	1	G	0	1	0	0	0	0	0	0	0	0	0	GGAAC
chr7	55249113	1	A	0	1	0	0	0	0	0	0	0	0	0	GAACA
chr7	55249114	1	A	0	1	0	0	0	0	0	0	0	0	0	AACAC
chr7	55249115	1	C	0	1	0	0	0	0	0	0	0	0	0	ACACA
chr7	55249116	1	A	0	1	0	0	0	0	0	0	0	0	0	CACAA
chr7	55249117	1	C	0	1	0	0	0	0	0	0	0	0	0	ACAAA
chr7	55249118	1	A	0	1	0	0	0	0	0	0	0	0	0	CAAAG
chr7	55249119	1	A	0	1	0	0	0	0	0	0	0	0	0	AAAGA
chr7	55249120	1	A	0	1	0	0	0	0	0	0	0	0	0	AAGAC
chr7	55249121	1	G	0	1	0	0	0	0	0	0	0	0	0	AGACA
chr7	55249122	1	A	0	1	0	0	0	0	0	0	0	0	0	GACAA
chr7	55249123	1	C	0	1	0	0	0	0	0	0	0	0	0	ACAAT
chr7	55249124	1	A	0	1	0	0	0	0	0	0	0	0	0	CAATA
chr7	55249125	1	A	0	1	0	0	0	0	0	0	0	0	0	AATAT
chr7	55249126	1	T	0	1	0	0	0	0	0	0	0	0	0	ATATT
chr7	55249127	1	A	0	1	0	0	0	0	0	0	0	0	0	TATTG
chr7	55249128	1	T	0	1	0	0	0	0	0	0	0	0	0	ATTGG
chr7	55249129	1	T	0	1	0	0	0	0	0	0	0	0	0	TTGGC
chr7	55249130	1	G	0	1	0	0	0	0	0	0	0	0	0	TGGCT
chr7	55249131	1	G	0	1	0	0	0	0	0	0	0	0	0	GGCTC
chr7	55249132	1	C	0	1	0	0	0	0	0	0	0	0	0	GCTCC
chr7	55249133	2	T	1	1	0	0	0	0	0	0	0	0	0	CTCCC
chr7	55249134	1	C	1	0	0	0	0	0	0	0	0	0	0	TCCCA
chr7	55249135	1	C	1	0	0	0	0	0	0	0	0	0	0	CCCAG
chr7	55249136	1	C	1	0	0	0	0	0	0	0	0	0	0	CCAGT
chr7	55249137	1	A	1	0	0	0	0	0	0	0	0	0	0	CAGTA
chr7	55249138	1	G	1	0	0	0	0	0	0	0	0	0	0	AGTAC
chr7	55249139	1	T	1	0	0	0	0	0	0	0	0	0	0	GTACC
chr7	55249140	1	A	1	0	0	0	0	0	0	0	0	0	0	TACCT
chr7	55249141	1	C	1	0	0	0	0	0	0	0	0	0	0	ACCTG
chr7	55249142	1	C	1	0	0	0	0	0	0	0	0	0	0	CCTGC
chr7	55249143	1	T	1	0	0	0	0	0	0	0	0	0	0	CTGCT
chr7	55249165	1	C	1	0	0	0	0	0	0	0	0	0	0	TCGCA
chr7	55249166	1	G	1	0	0	0	0	0	0	0	0	0	0	CGCAA
chr7	55249167	1	C	1	0	0	0	0	0	0	0	0	0	0	GCAAA
chr7	55249168	1	A	1	0	0	0	0	0	0	0	0	0	0	CAAAG
chr7	55249169	1	A	1	0	0	0	0	0	0	0	0	0	0	AAAGG
chr7	55249170	1	A	1	0	0	0	0	0	0	0	0	0	0	AAGGT
chr7	55249171	1	G	1	0	0	0	0	0	0	0	0	0	0	AGGTA
chr7	55259514	1	C	0	1	0	0	0	0	0	0	0	0	0	GCTGG
chr7	55259515	1	T	0	1	0	0	0	0	0	0	0	0	0	CTGGC
chr7	55259516	1	G	0	1	0	0	0	0	0	0	0	0	0	TGGCC
chr7	55259523	1	C	0	1	0	0	0	0	0	0	0	0	0	ACTGC
chr7	55259524	1	T	0	1	0	0	0	0	0	0	0	0	0	CTGCT
chr7	55259525	1	G	0	1	0	0	0	0	0	0	0	0	0	TGCTG
chr7	140453135	458	C	188	270	0	0	0	0	0	0	0	0	0	TCACT
chr7	140453136	462	A	194	267	0	0	0	0	0	0	0	1	0	CACTG
chr7	140453137	457	C	200	250	0	1	0	0	0	6	0	0	0	ACTGT
chr12	335624	1	G	0	1	0	0	0	0	0	0	0	0	0	GGCAA	nan	nan	nan	nan
chr12	25380274	1504	C	877	624	0	0	0	0	3	0	0	0	0	TCTTG
chr12	25380275	1506	T	880	626	0	0	0	0	0	0	0	0	0	CTTGA
chr12	25380276	1510	T	874	622	0	1	11	1	0	0	1	0	0	TTGAC
chr12	25380277	1503	G	880	620	3	0	0	0	0	0	0	0	0	TGACC
chr12	25380278	1495	A	877	612	0	0	1	0	0	0	0	5	0	GACCT
chr12	25398283	1316	A	512	803	0	0	0	0	1	0	0	0	0	CACCA
chr12	25398284	1329	C	509	818	1	0	0	0	0	0	1	0	0	ACCAG
chr12	25398285	1329	C	512	814	0	1	0	0	0	2	0	0	0	CCAGC
chr12	25398286	1332	A	510	821	0	0	0	0	0	0	0	1	0	CAGCT
