CHR	POS	DEPTH	REF	R+	R-	A+	A-	C+	C-	T+	T-	G+	G-	PAD	MOTIF
chr7	1028889	1	C	1	0	0	0	0	0	0	0	0	0	0	ACTCC
chr7	55241706	2	G	1	1	0	0	0	0	0	0	0	0	0	TGGGC
chr7	55241707	2	G	1	1	0	0	0	0	0	0	0	0	0	GGGCT
chr7	55241708	2	G	1	1	0	0	0	0	0	0	0	0	0	GGCTC
chr7	55241709	2	C	1	1	0	0	0	0	0	0	0	0	0	GCTCC
chr7	55242415	2	G	1	1	0	0	0	0	0	0	0	0	0	GGGAC
chr7	55242416	2	G	1	1	0	0	0	0	0	0	0	0	0	GGACT
chr7	55242417	2	A	1	1	0	0	0	0	0	0	0	0	0	GACTC
chr7	55242418	2	C	1	1	0	0	0	0	0	0	0	0	0	ACTCT
chr7	55242419	2	T	1	1	0	0	0	0	0	0	0	0	0	CTCTG
chr7	55242420	2	C	1	1	0	0	0	0	0	0	0	0	0	TCTGG
chr7	55242421	2	T	1	1	0	0	0	0	0	0	0	0	0	CTGGA
chr7	55242422	2	G	1	1	0	0	0	0	0	0	0	0	0	TGGAT
chr7	55242423	2	G	1	1	0	0	0	0	0	0	0	0	0	GGATC
chr7	55242424	2	A	1	1	0	0	0	0	0	0	0	0	0	GATCC
chr7	55242425	2	T	1	1	0	0	0	0	0	0	0	0	0	ATCCC
chr7	55242426	2	C	1	1	0	0	0	0	0	0	0	0	0	TCCCA
chr7	55242427	2	C	1	1	0	0	0	0	0	0	0	0	0	CCCAG
chr7	55242428	2	C	1	1	0	0	0	0	0	0	0	0	0	CCAGA
chr7	55242429	2	A	1	1	0	0	0	0	0	0	0	0	0	CAGAA
chr7	55242430	2	G	1	1	0	0	0	0	0	0	0	0	0	AGAAG
chr7	55242431	2	A	1	1	0	0	0	0	0	0	0	0	0	GAAGG
chr7	55242432	2	A	1	1	0	0	0	0	0	0	0	0	0	AAGGT
chr7	55242433	2	G	1	1	0	0	0	0	0	0	0	0	0	AGGTG
chr7	55242434	2	G	1	1	0	0	0	0	0	0	0	0	0	GGTGA
chr7	55242435	2	T	1	1	0	0	0	0	0	0	0	0	0	GTGAG
chr7	55242436	2	G	1	1	0	0	0	0	0	0	0	0	0	TGAGA
chr7	55242437	2	A	1	1	0	0	0	0	0	0	0	0	0	GAGAA
chr7	55242438	2	G	1	1	0	0	0	0	0	0	0	0	0	AGAAA
chr7	55242439	2	A	1	1	0	0	0	0	0	0	0	0	0	GAAAG
chr7	55242440	2	A	1	1	0	0	0	0	0	0	0	0	0	AAAGT
chr7	55242441	2	A	1	1	0	0	0	0	0	0	0	0	0	AAGTT
chr7	55242442	3	G	2	1	0	0	0	0	0	0	0	0	0	AGTTA
chr7	55242443	2	T	2	0	0	0	0	0	0	0	0	0	0	GTTAA
chr7	55242444	2	T	2	0	0	0	0	0	0	0	0	0	0	TTAAA
chr7	55242445	2	A	2	0	0	0	0	0	0	0	0	0	0	TAAAA
chr7	55242446	2	A	2	0	0	0	0	0	0	0	0	0	0	AAAAT
chr7	55242447	2	A	2	0	0	0	0	0	0	0	0	0	0	AAATT
chr7	55242448	2	A	2	0	0	0	0	0	0	0	0	0	0	AATTC
chr7	55242449	2	T	2	0	0	0	0	0	0	0	0	0	0	ATTCC
chr7	55242450	2	T	2	0	0	0	0	0	0	0	0	0	0	TTCCC
chr7	55242451	2	C	2	0	0	0	0	0	0	0	0	0	0	TCCCG
chr7	55242452	2	C	2	0	0	0	0	0	0	0	0	0	0	CCCGT
chr7	55242453	1	C	1	0	0	0	0	0	0	0	0	0	0	CCGTC
chr7	55242454	1	G	1	0	0	0	0	0	0	0	0	0	0	CGTCG
chr7	55242455	1	T	1	0	0	0	0	0	0	0	0	0	0	GTCGC
chr7	55242456	1	C	1	0	0	0	0	0	0	0	0	0	0	TCGCT
chr7	55242457	1	G	1	0	0	0	0	0	0	0	0	0	0	CGCTA
chr7	55242458	1	C	1	0	0	0	0	0	0	0	0	0	0	GCTAT
chr7	55242459	1	T	1	0	0	0	0	0	0	0	0	0	0	CTATC
chr7	55242460	1	A	1	0	0	0	0	0	0	0	0	0	0	TATCA
chr7	55242461	1	T	1	0	0	0	0	0	0	0	0	0	0	ATCAA
chr7	55242462	1	C	1	0	0	0	0	0	0	0	0	0	0	TCAAG
chr7	55242463	1	A	1	0	0	0	0	0	0	0	0	0	0	CAAGG
chr7	55242464	1	A	1	0	0	0	0	0	0	0	0	0	0	AAGGA
chr7	55242465	1	G	1	0	0	0	0	0	0	0	0	0	0	AGGAA
chr7	55242466	1	G	1	0	0	0	0	0	0	0	0	0	0	GGAAT
chr7	55242467	1	A	1	0	0	0	0	0	0	0	0	0	0	GAATT
chr7	55242468	1	A	1	0	0	0	0	0	0	0	0	0	0	AATTA
chr7	55242469	1	T	1	0	0	0	0	0	0	0	0	0	0	ATTAA
chr7	55242470	1	T	1	0	0	0	0	0	0	0	0	0	0	TTAAG
chr7	55242471	1	A	1	0	0	0	0	0	0	0	0	0	0	TAAGA
chr7	55242472	1	A	1	0	0	0	0	0	0	0	0	0	0	AAGAG
chr7	55242473	1	G	1	0	0	0	0	0	0	0	0	0	0	AGAGA
chr7	55242474	1	A	1	0	0	0	0	0	0	0	0	0	0	GAGAA
chr7	55242475	1	G	1	0	0	0	0	0	0	0	0	0	0	AGAAG
chr7	55242476	1	A	1	0	0	0	0	0	0	0	0	0	0	GAAGC
chr7	55242477	1	A	1	0	0	0	0	0	0	0	0	0	0	AAGCA
chr7	55242478	1	G	1	0	0	0	0	0	0	0	0	0	0	AGCAA
chr7	55242479	1	C	1	0	0	0	0	0	0	0	0	0	0	GCAAC
chr7	55242480	1	A	0	1	0	0	0	0	0	0	0	0	0	CAACA
chr7	55242481	1	A	0	1	0	0	0	0	0	0	0	0	0	AACAT
chr7	55242482	1	C	0	1	0	0	0	0	0	0	0	0	0	ACATC
chr7	55242483	1	A	0	1	0	0	0	0	0	0	0	0	0	CATCT
chr7	55242484	1	T	0	1	0	0	0	0	0	0	0	0	0	ATCTC
chr7	55242485	1	C	0	1	0	0	0	0	0	0	0	0	0	TCTCC
chr7	55242486	1	T	0	1	0	0	0	0	0	0	0	0	0	CTCCG
chr7	55242487	1	C	0	1	0	0	0	0	0	0	0	0	0	TCCGA
chr7	55242488	1	C	0	1	0	0	0	0	0	0	0	0	0	CCGAA
chr7	55242489	1	G	0	1	0	0	0	0	0	0	0	0	0	CGAAA
chr7	55242490	1	A	0	1	0	0	0	0	0	0	0	0	0	GAAAG
chr7	55242491	1	A	0	1	0	0	0	0	0	0	0	0	0	AAAGC
chr7	55242492	1	A	0	1	0	0	0	0	0	0	0	0	0	AAGCC
chr7	55242493	1	G	0	1	0	0	0	0	0	0	0	0	0	AGCCA
chr7	55242494	1	C	0	1	0	0	0	0	0	0	0	0	0	GCCAA
chr7	55242495	1	C	0	1	0	0	0	0	0	0	0	0	0	CCAAC
chr7	55242496	1	A	0	1	0	0	0	0	0	0	0	0	0	CAACA
chr7	55242497	1	A	0	1	0	0	0	0	0	0	0	0	0	AACAA
chr7	55242498	1	C	0	1	0	0	0	0	0	0	0	0	0	ACAAG
chr7	55249020	1	A	1	0	0	0	0	0	0	0	0	0	0	CACGT
chr7	55249021	1	C	1	0	0	0	0	0	0	0	0	0	0	ACGTG
chr7	55249022	1	G	1	0	0	0	0	0	0	0	0	0	0	CGTGT
chr7	55249023	1	T	1	0	0	0	0	0	0	0	0	0	0	GTGTG
chr7	55249024	1	G	1	0	0	0	0	0	0	0	0	0	0	TGTGC
chr7	55249025	1	T	1	0	0	0	0	0	0	0	0	0	0	GTGCC
chr7	55249026	1	G	1	0	0	0	0	0	0	0	0	0	0	TGCCG
chr7	55249027	1	C	1	0	0	0	0	0	0	0	0	0	0	GCCGC
chr7	55249028	1	C	1	0	0	0	0	0	0	0	0	0	0	CCGCC
chr7	55249029	1	G	1	0	0	0	0	0	0	0	0	0	0	CGCCT
chr7	55249030	1	C	1	0	0	0	0	0	0	0	0	0	0	GCCTG
chr7	55249031	1	C	1	0	0	0	0	0	0	0	0	0	0	CCTGC
chr7	55249032	1	T	1	0	0	0	0	0	0	0	0	0	0	CTGCT
chr7	55249033	2	G	2	0	0	0	0	0	0	0	0	0	0	TGCTG
chr7	55249034	2	C	2	0	0	0	0	0	0	0	0	0	0	GCTGG
chr7	55249035	2	T	2	0	0	0	0	0	0	0	0	0	0	CTGGG
chr7	55249036	2	G	2	0	0	0	0	0	0	0	0	0	0	TGGGC
chr7	55249037	2	G	2	0	0	0	0	0	0	0	0	0	0	GGGCA
chr7	55249038	2	G	2	0	0	0	0	0	0	0	0	0	0	GGCAT
chr7	55249039	2	C	2	0	0	0	0	0	0	0	0	0	0	GCATC
chr7	55249040	2	A	2	0	0	0	0	0	0	0	0	0	0	CATCT
chr7	55249041	2	T	2	0	0	0	0	0	0	0	0	0	0	ATCTG
chr7	55249042	2	C	2	0	0	0	0	0	0	0	0	0	0	TCTGC
chr7	55249043	2	T	2	0	0	0	0	0	0	0	0	0	0	CTGCC
chr7	55249044	2	G	2	0	0	0	0	0	0	0	0	0	0	TGCCT
chr7	55249045	2	C	2	0	0	0	0	0	0	0	0	0	0	GCCTC
chr7	55249046	2	C	2	0	0	0	0	0	0	0	0	0	0	CCTCA
chr7	55249047	2	T	2	0	0	0	0	0	0	0	0	0	0	CTCAC
chr7	55249048	2	C	2	0	0	0	0	0	0	0	0	0	0	TCACC
chr7	55249049	2	A	2	0	0	0	0	0	0	0	0	0	0	CACCT
chr7	55249050	2	C	2	0	0	0	0	0	0	0	0	0	0	ACCTC
chr7	55249051	2	C	2	0	0	0	0	0	0	0	0	0	0	CCTCC
chr7	55249052	2	T	2	0	0	0	0	0	0	0	0	0	0	CTCCA
chr7	55249053	2	C	2	0	0	0	0	0	0	0	0	0	0	TCCAC
chr7	55249054	2	C	2	0	0	0	0	0	0	0	0	0	0	CCACC
chr7	55249055	2	A	2	0	0	0	0	0	0	0	0	0	0	CACCG
chr7	55249056	2	C	2	0	0	0	0	0	0	0	0	0	0	ACCGT
chr7	55249057	2	C	2	0	0	0	0	0	0	0	0	0	0	CCGTG
chr7	55249058	2	G	2	0	0	0	0	0	0	0	0	0	0	CGTGC
chr7	55249059	2	T	2	0	0	0	0	0	0	0	0	0	0	GTGCA
chr7	55249060	2	G	2	0	0	0	0	0	0	0	0	0	0	TGCAG
chr7	55249061	2	C	2	0	0	0	0	0	0	0	0	0	0	GCAGC
chr7	55249062	2	A	2	0	0	0	0	0	0	0	0	0	0	CAGCT
chr7	55249063	2	G	1	0	1	0	0	0	0	0	0	0	0	AGCTC
chr7	55249064	2	C	2	0	0	0	0	0	0	0	0	0	0	GCTCA
chr7	55249065	2	T	2	0	0	0	0	0	0	0	0	0	0	CTCAT
chr7	55249066	2	C	2	0	0	0	0	0	0	0	0	0	0	TCATC
chr7	55249067	2	A	2	0	0	0	0	0	0	0	0	0	0	CATCA
chr7	55249068	2	T	2	0	0	0	0	0	0	0	0	0	0	ATCAC
chr7	55249069	2	C	2	0	0	0	0	0	0	0	0	0	0	TCACG
chr7	55249070	2	A	2	0	0	0	0	0	0	0	0	0	0	CACGC
chr7	55249071	2	C	2	0	0	0	0	0	0	0	0	0	0	ACGCA
chr7	55249072	2	G	2	0	0	0	0	0	0	0	0	0	0	CGCAG
chr7	55249073	2	C	2	0	0	0	0	0	0	0	0	0	0	GCAGC
chr7	55249074	2	A	2	0	0	0	0	0	0	0	0	0	0	CAGCT
chr7	55249075	2	G	2	0	0	0	0	0	0	0	0	0	0	AGCTC
chr7	55249076	2	C	2	0	0	0	0	0	0	0	0	0	0	GCTCA
chr7	55249077	2	T	2	0	0	0	0	0	0	0	0	0	0	CTCAT
chr7	55249078	2	C	2	0	0	0	0	0	0	0	0	0	0	TCATG
chr7	55249079	2	A	2	0	0	0	0	0	0	0	0	0	0	CATGC
chr7	55249080	2	T	2	0	0	0	0	0	0	0	0	0	0	ATGCC
chr7	55249081	2	G	2	0	0	0	0	0	0	0	0	0	0	TGCCC
chr7	55249082	2	C	2	0	0	0	0	0	0	0	0	0	0	GCCCT
chr7	55249083	2	C	2	0	0	0	0	0	0	0	0	0	0	CCCTT
chr7	55249084	2	C	2	0	0	0	0	0	0	0	0	0	0	CCTTC
chr7	55249085	2	T	2	0	0	0	0	0	0	0	0	0	0	CTTCG
chr7	55249086	2	T	2	0	0	0	0	0	0	0	0	0	0	TTCGG
chr7	55249087	2	C	2	0	0	0	0	0	0	0	0	0	0	TCGGC
chr7	55249088	2	G	2	0	0	0	0	0	0	0	0	0	0	CGGCT
chr7	55249089	2	G	2	0	0	0	0	0	0	0	0	0	0	GGCTG
chr7	55249090	2	C	2	0	0	0	0	0	0	0	0	0	0	GCTGC
chr7	55249091	2	T	2	0	0	0	0	0	0	0	0	0	0	CTGCC
chr7	55249092	2	G	2	0	0	0	0	0	0	0	0	0	0	TGCCT
chr7	55249093	2	C	2	0	0	0	0	0	0	0	0	0	0	GCCTC
chr7	55249094	2	C	2	0	0	0	0	0	0	0	0	0	0	CCTCC
chr7	55249095	2	T	2	0	0	0	0	0	0	0	0	0	0	CTCCT
chr7	55249096	2	C	2	0	0	0	0	0	0	0	0	0	0	TCCTG
chr7	55249097	2	C	2	0	0	0	0	0	0	0	0	0	0	CCTGG
chr7	55249098	2	T	2	0	0	0	0	0	0	0	0	0	0	CTGGA
chr7	55249099	2	G	2	0	0	0	0	0	0	0	0	0	0	TGGAC
chr7	55249100	2	G	2	0	0	0	0	0	0	0	0	0	0	GGACT
chr7	55249101	2	A	2	0	0	0	0	0	0	0	0	0	0	GACTA
chr7	55249102	2	C	2	0	0	0	0	0	0	0	0	0	0	ACTAT
chr7	55249103	2	T	2	0	0	0	0	0	0	0	0	0	0	CTATG
chr7	55249104	2	A	2	0	0	0	0	0	0	0	0	0	0	TATGT
chr7	55249105	2	T	2	0	0	0	0	0	0	0	0	0	0	ATGTC
chr7	55249106	2	G	2	0	0	0	0	0	0	0	0	0	0	TGTCC
chr7	55249107	2	T	2	0	0	0	0	0	0	0	0	0	0	GTCCG
chr7	55249108	2	C	2	0	0	0	0	0	0	0	0	0	0	TCCGG
chr7	55249109	2	C	2	0	0	0	0	0	0	0	0	0	0	CCGGG
chr7	55249110	2	G	2	0	0	0	0	0	0	0	0	0	0	CGGGA
chr7	55249111	2	G	2	0	0	0	0	0	0	0	0	0	0	GGGAA
chr7	55249112	2	G	2	0	0	0	0	0	0	0	0	0	0	GGAAC
chr7	55249113	2	A	2	0	0	0	0	0	0	0	0	0	0	GAACA
chr7	55249114	2	A	2	0	0	0	0	0	0	0	0	0	0	AACAC
chr7	55249115	2	C	2	0	0	0	0	0	0	0	0	0	0	ACACA
chr7	55249116	2	A	2	0	0	0	0	0	0	0	0	0	0	CACAA
chr7	55249117	2	C	2	0	0	0	0	0	0	0	0	0	0	ACAAA
chr7	55249118	2	A	2	0	0	0	0	0	0	0	0	0	0	CAAAG
chr7	55249119	2	A	2	0	0	0	0	0	0	0	0	0	0	AAAGA
chr7	55249120	2	A	2	0	0	0	0	0	0	0	0	0	0	AAGAC
chr7	55249121	2	G	2	0	0	0	0	0	0	0	0	0	0	AGACA
chr7	55249122	2	A	2	0	0	0	0	0	0	0	0	0	0	GACAA
chr7	55249123	2	C	2	0	0	0	0	0	0	0	0	0	0	ACAAT
chr7	55249124	2	A	2	0	0	0	0	0	0	0	0	0	0	CAATA
chr7	55249125	2	A	2	0	0	0	0	0	0	0	0	0	0	AATAT
chr7	55249126	2	T	2	0	0	0	0	0	0	0	0	0	0	ATATT
chr7	55249127	2	A	2	0	0	0	0	0	0	0	0	0	0	TATTG
chr7	55249128	2	T	2	0	0	0	0	0	0	0	0	0	0	ATTGG
chr7	55249129	2	T	2	0	0	0	0	0	0	0	0	0	0	TTGGC
chr7	55249130	2	G	2	0	0	0	0	0	0	0	0	0	0	TGGCT
chr7	55249131	2	G	2	0	0	0	0	0	0	0	0	0	0	GGCTC
chr7	55249132	2	C	2	0	0	0	0	0	0	0	0	0	0	GCTCC
chr7	55249133	2	T	2	0	0	0	0	0	0	0	0	0	0	CTCCC
chr7	55249134	2	C	2	0	0	0	0	0	0	0	0	0	0	TCCCA
chr7	55249135	2	C	2	0	0	0	0	0	0	0	0	0	0	CCCAG
chr7	55249136	2	C	1	1	0	0	0	0	0	0	0	0	0	CCAGT
chr7	55249137	2	A	1	1	0	0	0	0	0	0	0	0	0	CAGTA
chr7	55249138	2	G	1	1	0	0	0	0	0	0	0	0	0	AGTAC
chr7	55249139	2	T	1	1	0	0	0	0	0	0	0	0	0	GTACC
chr7	55249140	2	A	1	1	0	0	0	0	0	0	0	0	0	TACCT
chr7	55249141	2	C	1	1	0	0	0	0	0	0	0	0	0	ACCTG
chr7	55249142	2	C	1	1	0	0	0	0	0	0	0	0	0	CCTGC
chr7	55249143	2	T	1	1	0	0	0	0	0	0	0	0	0	CTGCT
chr7	55249144	2	G	1	1	0	0	0	0	0	0	0	0	0	TGCTC
chr7	55249145	2	C	1	1	0	0	0	0	0	0	0	0	0	GCTCA
chr7	55249146	2	T	1	1	0	0	0	0	0	0	0	0	0	CTCAA
chr7	55249147	2	C	1	1	0	0	0	0	0	0	0	0	0	TCAAC
chr7	55249148	2	A	1	1	0	0	0	0	0	0	0	0	0	CAACT
chr7	55249149	2	A	1	1	0	0	0	0	0	0	0	0	0	AACTG
chr7	55249150	2	C	1	1	0	0	0	0	0	0	0	0	0	ACTGG
chr7	55249151	2	T	1	1	0	0	0	0	0	0	0	0	0	CTGGT
chr7	55249152	2	G	0	2	0	0	0	0	0	0	0	0	0	TGGTG
chr7	55249153	2	G	0	2	0	0	0	0	0	0	0	0	0	GGTGT
chr7	55249154	2	T	0	2	0	0	0	0	0	0	0	0	0	GTGTG
chr7	55249155	2	G	0	2	0	0	0	0	0	0	0	0	0	TGTGT
chr7	55249156	2	T	0	2	0	0	0	0	0	0	0	0	0	GTGTG
chr7	55249157	2	G	0	2	0	0	0	0	0	0	0	0	0	TGTGC
chr7	55249158	2	T	0	2	0	0	0	0	0	0	0	0	0	GTGCA
chr7	55249159	2	G	0	2	0	0	0	0	0	0	0	0	0	TGCAG
chr7	55249160	2	C	0	2	0	0	0	0	0	0	0	0	0	GCAGA
chr7	55249161	2	A	0	2	0	0	0	0	0	0	0	0	0	CAGAT
chr7	55249162	1	G	0	1	0	0	0	0	0	0	0	0	0	AGATC
chr7	55249163	1	A	0	1	0	0	0	0	0	0	0	0	0	GATCG
chr7	55249164	1	T	0	1	0	0	0	0	0	0	0	0	0	ATCGC
chr7	55249165	1	C	0	1	0	0	0	0	0	0	0	0	0	TCGCA
chr7	55249166	1	G	0	1	0	0	0	0	0	0	0	0	0	CGCAA
chr7	55249167	1	C	0	1	0	0	0	0	0	0	0	0	0	GCAAA
chr7	55249168	1	A	0	1	0	0	0	0	0	0	0	0	0	CAAAG
chr7	55249169	1	A	0	1	0	0	0	0	0	0	0	0	0	AAAGG
chr7	55249170	1	A	0	1	0	0	0	0	0	0	0	0	0	AAGGT
chr7	55249171	1	G	0	1	0	0	0	0	0	0	0	0	0	AGGTA
chr7	140453135	377	C	147	229	0	0	0	0	1	0	0	0	0	TCACT
chr7	140453136	374	A	147	226	0	0	0	0	0	0	0	1	0	CACTG
chr7	140453137	360	C	148	211	0	0	0	0	0	1	0	0	0	ACTGT
chr12	330619	1	G	0	1	0	0	0	0	0	0	0	0	0	AGGAG
chr12	25380274	1604	C	860	742	1	0	0	0	1	0	0	0	0	TCTTG
chr12	25380275	1603	T	863	740	0	0	0	0	0	0	0	0	0	CTTGA
chr12	25380276	1619	T	867	745	0	0	7	0	0	0	0	0	0	TTGAC
chr12	25380277	1615	G	870	744	0	0	0	0	0	1	0	0	0	TGACC
chr12	25380278	1615	A	863	751	0	0	0	0	0	0	0	1	0	GACCT
chr12	25398283	941	A	344	595	0	0	0	0	1	0	0	1	0	CACCA
chr12	25398284	948	C	349	599	0	0	0	0	0	0	0	0	0	ACCAG
chr12	25398285	943	C	346	595	0	1	0	0	1	0	0	0	0	CCAGC
chr12	25398286	950	A	346	603	0	0	0	0	0	0	1	0	0	CAGCT
