CHR	POS	DEPTH	REF	R+	R-	A+	A-	C+	C-	T+	T-	G+	G-	PAD	MOTIF
chr7	1022760	1	G	1	0	0	0	0	0	0	0	0	0	87	GGTGC
chr7	55248986	1	G	1	0	0	0	0	0	0	0	0	0	0	GGAAG
chr7	55248987	1	A	1	0	0	0	0	0	0	0	0	0	0	GAAGC
chr7	55248988	1	A	1	0	0	0	0	0	0	0	0	0	0	AAGCC
chr7	55248989	1	G	1	0	0	0	0	0	0	0	0	0	0	AGCCT
chr7	55248990	1	C	1	0	0	0	0	0	0	0	0	0	0	GCCTA
chr7	55248991	1	C	1	0	0	0	0	0	0	0	0	0	0	CCTAC
chr7	55248992	1	T	1	0	0	0	0	0	0	0	0	0	0	CTACG
chr7	55248993	1	A	1	0	0	0	0	0	0	0	0	0	0	TACGT
chr7	55248994	1	C	1	0	0	0	0	0	0	0	0	0	0	ACGTG
chr7	55248995	1	G	1	0	0	0	0	0	0	0	0	0	0	CGTGA
chr7	55248996	1	T	1	0	0	0	0	0	0	0	0	0	0	GTGAT
chr7	55248997	1	G	1	0	0	0	0	0	0	0	0	0	0	TGATG
chr7	55248998	1	A	1	0	0	0	0	0	0	0	0	0	0	GATGG
chr7	55248999	1	T	1	0	0	0	0	0	0	0	0	0	0	ATGGC
chr7	55249000	1	G	1	0	0	0	0	0	0	0	0	0	0	TGGCC
chr7	55249001	1	G	1	0	0	0	0	0	0	0	0	0	0	GGCCA
chr7	55249002	1	C	1	0	0	0	0	0	0	0	0	0	0	GCCAG
chr7	55249003	1	C	1	0	0	0	0	0	0	0	0	0	0	CCAGC
chr7	55249004	1	A	1	0	0	0	0	0	0	0	0	0	0	CAGCG
chr7	55249005	1	G	1	0	0	0	0	0	0	0	0	0	0	AGCGT
chr7	55249006	2	C	1	1	0	0	0	0	0	0	0	0	0	GCGTG
chr7	55249007	2	G	1	1	0	0	0	0	0	0	0	0	0	CGTGG
chr7	55249008	2	T	1	1	0	0	0	0	0	0	0	0	0	GTGGA
chr7	55249009	2	G	1	1	0	0	0	0	0	0	0	0	0	TGGAC
chr7	55249010	3	G	2	1	0	0	0	0	0	0	0	0	0	GGACA
chr7	55249011	3	A	2	1	0	0	0	0	0	0	0	0	0	GACAA
chr7	55249012	3	C	2	1	0	0	0	0	0	0	0	0	0	ACAAC
chr7	55249013	3	A	2	1	0	0	0	0	0	0	0	0	0	CAACC
chr7	55249014	3	A	2	1	0	0	0	0	0	0	0	0	0	AACCC
chr7	55249015	3	C	2	1	0	0	0	0	0	0	0	0	0	ACCCC
chr7	55249016	3	C	2	1	0	0	0	0	0	0	0	0	0	CCCCC
chr7	55249017	3	C	2	1	0	0	0	0	0	0	0	0	0	CCCCA
chr7	55249018	3	C	2	1	0	0	0	0	0	0	0	0	0	CCCAC
chr7	55249019	3	C	2	1	0	0	0	0	0	0	0	0	0	CCACG
chr7	55249020	3	A	2	1	0	0	0	0	0	0	0	0	0	CACGT
chr7	55249021	4	C	2	2	0	0	0	0	0	0	0	0	0	ACGTG
chr7	55249022	4	G	2	2	0	0	0	0	0	0	0	0	0	CGTGT
chr7	55249023	4	T	2	2	0	0	0	0	0	0	0	0	0	GTGTG
chr7	55249024	4	G	2	2	0	0	0	0	0	0	0	0	0	TGTGC
chr7	55249025	4	T	2	2	0	0	0	0	0	0	0	0	0	GTGCC
chr7	55249026	4	G	2	2	0	0	0	0	0	0	0	0	0	TGCCG
chr7	55249027	4	C	2	2	0	0	0	0	0	0	0	0	0	GCCGC
chr7	55249028	4	C	2	2	0	0	0	0	0	0	0	0	0	CCGCC
chr7	55249029	4	G	2	2	0	0	0	0	0	0	0	0	0	CGCCT
chr7	55249030	4	C	2	2	0	0	0	0	0	0	0	0	0	GCCTG
chr7	55249031	4	C	2	2	0	0	0	0	0	0	0	0	0	CCTGC
chr7	55249032	4	T	2	2	0	0	0	0	0	0	0	0	0	CTGCT
chr7	55249033	4	G	2	2	0	0	0	0	0	0	0	0	0	TGCTG
chr7	55249034	4	C	2	2	0	0	0	0	0	0	0	0	0	GCTGG
chr7	55249035	4	T	2	2	0	0	0	0	0	0	0	0	0	CTGGG
chr7	55249036	4	G	2	2	0	0	0	0	0	0	0	0	0	TGGGC
chr7	55249037	4	G	2	2	0	0	0	0	0	0	0	0	0	GGGCA
chr7	55249038	4	G	2	2	0	0	0	0	0	0	0	0	0	GGCAT
chr7	55249039	4	C	2	2	0	0	0	0	0	0	0	0	0	GCATC
chr7	55249040	4	A	2	2	0	0	0	0	0	0	0	0	0	CATCT
chr7	55249041	4	T	2	2	0	0	0	0	0	0	0	0	0	ATCTG
chr7	55249042	4	C	2	2	0	0	0	0	0	0	0	0	0	TCTGC
chr7	55249043	4	T	2	2	0	0	0	0	0	0	0	0	0	CTGCC
chr7	55249044	4	G	2	2	0	0	0	0	0	0	0	0	0	TGCCT
chr7	55249045	4	C	2	2	0	0	0	0	0	0	0	0	0	GCCTC
chr7	55249046	4	C	2	2	0	0	0	0	0	0	0	0	0	CCTCA
chr7	55249047	4	T	2	2	0	0	0	0	0	0	0	0	0	CTCAC
chr7	55249048	4	C	2	2	0	0	0	0	0	0	0	0	0	TCACC
chr7	55249049	4	A	2	2	0	0	0	0	0	0	0	0	0	CACCT
chr7	55249050	4	C	1	3	0	0	0	0	0	0	0	0	0	ACCTC
chr7	55249051	4	C	1	3	0	0	0	0	0	0	0	0	0	CCTCC
chr7	55249052	4	T	1	3	0	0	0	0	0	0	0	0	0	CTCCA
chr7	55249053	4	C	1	3	0	0	0	0	0	0	0	0	0	TCCAC
chr7	55249054	4	C	1	3	0	0	0	0	0	0	0	0	0	CCACC
chr7	55249055	4	A	1	3	0	0	0	0	0	0	0	0	0	CACCG
chr7	55249056	4	C	1	3	0	0	0	0	0	0	0	0	0	ACCGT
chr7	55249057	4	C	1	3	0	0	0	0	0	0	0	0	0	CCGTG
chr7	55249058	4	G	1	3	0	0	0	0	0	0	0	0	0	CGTGC
chr7	55249059	4	T	1	3	0	0	0	0	0	0	0	0	0	GTGCA
chr7	55249060	3	G	1	2	0	0	0	0	0	0	0	0	0	TGCAG
chr7	55249061	3	C	1	2	0	0	0	0	0	0	0	0	0	GCAGC
chr7	55249062	3	A	1	2	0	0	0	0	0	0	0	0	0	CAGCT
chr7	55249063	3	G	0	1	1	1	0	0	0	0	0	0	0	AGCTC
chr7	55249064	3	C	1	2	0	0	0	0	0	0	0	0	0	GCTCA
chr7	55249065	3	T	1	2	0	0	0	0	0	0	0	0	0	CTCAT
chr7	55249066	3	C	1	2	0	0	0	0	0	0	0	0	0	TCATC
chr7	55249067	3	A	1	2	0	0	0	0	0	0	0	0	0	CATCA
chr7	55249068	3	T	1	2	0	0	0	0	0	0	0	0	0	ATCAC
chr7	55249069	3	C	1	2	0	0	0	0	0	0	0	0	0	TCACG
chr7	55249070	3	A	1	2	0	0	0	0	0	0	0	0	0	CACGC
chr7	55249071	3	C	1	2	0	0	0	0	0	0	0	0	0	ACGCA
chr7	55249072	3	G	1	2	0	0	0	0	0	0	0	0	0	CGCAG
chr7	55249073	3	C	1	2	0	0	0	0	0	0	0	0	0	GCAGC
chr7	55249074	3	A	1	2	0	0	0	0	0	0	0	0	0	CAGCT
chr7	55249075	3	G	1	2	0	0	0	0	0	0	0	0	0	AGCTC
chr7	55249076	3	C	1	2	0	0	0	0	0	0	0	0	0	GCTCA
chr7	55249077	3	T	1	2	0	0	0	0	0	0	0	0	0	CTCAT
chr7	55249078	3	C	1	2	0	0	0	0	0	0	0	0	0	TCATG
chr7	55249079	3	A	1	2	0	0	0	0	0	0	0	0	0	CATGC
chr7	55249080	3	T	1	2	0	0	0	0	0	0	0	0	0	ATGCC
chr7	55249081	3	G	1	2	0	0	0	0	0	0	0	0	0	TGCCC
chr7	55249082	3	C	1	2	0	0	0	0	0	0	0	0	0	GCCCT
chr7	55249083	3	C	1	2	0	0	0	0	0	0	0	0	0	CCCTT
chr7	55249084	3	C	1	2	0	0	0	0	0	0	0	0	0	CCTTC
chr7	55249085	3	T	1	2	0	0	0	0	0	0	0	0	0	CTTCG
chr7	55249086	3	T	1	2	0	0	0	0	0	0	0	0	0	TTCGG
chr7	55249087	3	C	1	2	0	0	0	0	0	0	0	0	0	TCGGC
chr7	55249088	3	G	1	2	0	0	0	0	0	0	0	0	0	CGGCT
chr7	55249089	3	G	1	2	0	0	0	0	0	0	0	0	0	GGCTG
chr7	55249090	3	C	1	2	0	0	0	0	0	0	0	0	0	GCTGC
chr7	55249091	3	T	1	2	0	0	0	0	0	0	0	0	0	CTGCC
chr7	55249092	3	G	1	2	0	0	0	0	0	0	0	0	0	TGCCT
chr7	55249093	3	C	1	2	0	0	0	0	0	0	0	0	0	GCCTC
chr7	55249094	3	C	1	2	0	0	0	0	0	0	0	0	0	CCTCC
chr7	55249095	3	T	1	2	0	0	0	0	0	0	0	0	0	CTCCT
chr7	55249096	3	C	1	2	0	0	0	0	0	0	0	0	0	TCCTG
chr7	55249097	3	C	1	2	0	0	0	0	0	0	0	0	0	CCTGG
chr7	55249098	3	T	1	2	0	0	0	0	0	0	0	0	0	CTGGA
chr7	55249099	3	G	1	2	0	0	0	0	0	0	0	0	0	TGGAC
chr7	55249100	3	G	1	2	0	0	0	0	0	0	0	0	0	GGACT
chr7	55249101	3	A	1	2	0	0	0	0	0	0	0	0	0	GACTA
chr7	55249102	3	C	1	2	0	0	0	0	0	0	0	0	0	ACTAT
chr7	55249103	3	T	1	2	0	0	0	0	0	0	0	0	0	CTATG
chr7	55249104	3	A	1	2	0	0	0	0	0	0	0	0	0	TATGT
chr7	55249105	3	T	1	2	0	0	0	0	0	0	0	0	0	ATGTC
chr7	55249106	3	G	1	2	0	0	0	0	0	0	0	0	0	TGTCC
chr7	55249107	3	T	1	2	0	0	0	0	0	0	0	0	0	GTCCG
chr7	55249108	3	C	1	2	0	0	0	0	0	0	0	0	0	TCCGG
chr7	55249109	3	C	1	2	0	0	0	0	0	0	0	0	0	CCGGG
chr7	55249110	3	G	1	2	0	0	0	0	0	0	0	0	0	CGGGA
chr7	55249111	3	G	1	2	0	0	0	0	0	0	0	0	0	GGGAA
chr7	55249112	3	G	1	2	0	0	0	0	0	0	0	0	0	GGAAC
chr7	55249113	3	A	1	2	0	0	0	0	0	0	0	0	0	GAACA
chr7	55249114	3	A	1	2	0	0	0	0	0	0	0	0	0	AACAC
chr7	55249115	3	C	1	2	0	0	0	0	0	0	0	0	0	ACACA
chr7	55249116	3	A	1	2	0	0	0	0	0	0	0	0	0	CACAA
chr7	55249117	3	C	1	2	0	0	0	0	0	0	0	0	0	ACAAA
chr7	55249118	3	A	1	2	0	0	0	0	0	0	0	0	0	CAAAG
chr7	55249119	3	A	1	2	0	0	0	0	0	0	0	0	0	AAAGA
chr7	55249120	3	A	1	2	0	0	0	0	0	0	0	0	0	AAGAC
chr7	55249121	3	G	1	2	0	0	0	0	0	0	0	0	0	AGACA
chr7	55249122	3	A	1	2	0	0	0	0	0	0	0	0	0	GACAA
chr7	55249123	3	C	1	2	0	0	0	0	0	0	0	0	0	ACAAT
chr7	55249124	2	A	1	1	0	0	0	0	0	0	0	0	0	CAATA
chr7	55249125	2	A	1	1	0	0	0	0	0	0	0	0	0	AATAT
chr7	55249126	2	T	1	1	0	0	0	0	0	0	0	0	0	ATATT
chr7	55249127	2	A	1	1	0	0	0	0	0	0	0	0	0	TATTG
chr7	55249128	2	T	0	2	0	0	0	0	0	0	0	0	0	ATTGG
chr7	55249129	2	T	0	2	0	0	0	0	0	0	0	0	0	TTGGC
chr7	55249130	2	G	0	2	0	0	0	0	0	0	0	0	0	TGGCT
chr7	55249131	2	G	0	2	0	0	0	0	0	0	0	0	0	GGCTC
chr7	55249132	2	C	0	2	0	0	0	0	0	0	0	0	0	GCTCC
chr7	55249133	2	T	0	2	0	0	0	0	0	0	0	0	0	CTCCC
chr7	55249134	2	C	0	2	0	0	0	0	0	0	0	0	0	TCCCA
chr7	55249135	2	C	0	2	0	0	0	0	0	0	0	0	0	CCCAG
chr7	55249136	2	C	0	2	0	0	0	0	0	0	0	0	0	CCAGT
chr7	55249137	2	A	1	1	0	0	0	0	0	0	0	0	0	CAGTA
chr7	55249138	2	G	1	1	0	0	0	0	0	0	0	0	0	AGTAC
chr7	55249139	2	T	1	1	0	0	0	0	0	0	0	0	0	GTACC
chr7	55249140	2	A	1	1	0	0	0	0	0	0	0	0	0	TACCT
chr7	55249141	2	C	1	1	0	0	0	0	0	0	0	0	0	ACCTG
chr7	55249142	2	C	1	1	0	0	0	0	0	0	0	0	0	CCTGC
chr7	55249143	1	T	0	1	0	0	0	0	0	0	0	0	0	CTGCT
chr7	55249144	1	G	0	1	0	0	0	0	0	0	0	0	0	TGCTC
chr7	55249145	1	C	0	1	0	0	0	0	0	0	0	0	0	GCTCA
chr7	55249146	1	T	0	1	0	0	0	0	0	0	0	0	0	CTCAA
chr7	55249147	1	C	0	1	0	0	0	0	0	0	0	0	0	TCAAC
chr7	55249148	1	A	0	1	0	0	0	0	0	0	0	0	0	CAACT
chr7	55249149	1	A	0	1	0	0	0	0	0	0	0	0	0	AACTG
chr7	55249150	1	C	0	1	0	0	0	0	0	0	0	0	0	ACTGG
chr7	55249151	1	T	0	1	0	0	0	0	0	0	0	0	0	CTGGT
chr7	55249152	1	G	0	1	0	0	0	0	0	0	0	0	0	TGGTG
chr7	55249153	1	G	0	1	0	0	0	0	0	0	0	0	0	GGTGT
chr7	55249154	1	T	0	1	0	0	0	0	0	0	0	0	0	GTGTG
chr7	55249155	1	G	0	1	0	0	0	0	0	0	0	0	0	TGTGT
chr7	55249156	1	T	0	1	0	0	0	0	0	0	0	0	0	GTGTG
chr7	55249157	1	G	0	1	0	0	0	0	0	0	0	0	0	TGTGC
chr7	55249158	1	T	0	1	0	0	0	0	0	0	0	0	0	GTGCA
chr7	55249159	1	G	0	1	0	0	0	0	0	0	0	0	0	TGCAG
chr7	55249160	1	C	0	1	0	0	0	0	0	0	0	0	0	GCAGA
chr7	55249161	1	A	0	1	0	0	0	0	0	0	0	0	0	CAGAT
chr7	55249162	1	G	0	1	0	0	0	0	0	0	0	0	0	AGATC
chr7	55249163	1	A	0	1	0	0	0	0	0	0	0	0	0	GATCG
chr7	55249164	1	T	0	1	0	0	0	0	0	0	0	0	0	ATCGC
chr7	55249165	1	C	0	1	0	0	0	0	0	0	0	0	0	TCGCA
chr7	55249166	1	G	0	1	0	0	0	0	0	0	0	0	0	CGCAA
chr7	55249167	1	C	0	1	0	0	0	0	0	0	0	0	0	GCAAA
chr7	55249168	1	A	0	1	0	0	0	0	0	0	0	0	0	CAAAG
chr7	55249169	1	A	0	1	0	0	0	0	0	0	0	0	0	AAAGG
chr7	55249170	1	A	0	1	0	0	0	0	0	0	0	0	0	AAGGT
chr7	55249171	1	G	0	1	0	0	0	0	0	0	0	0	0	AGGTA
chr7	140453135	743	C	274	467	0	0	0	0	0	1	1	0	0	TCACT
chr7	140453136	740	A	276	464	0	0	0	0	0	0	0	0	0	CACTG
chr7	140453137	725	C	286	434	0	1	0	0	1	3	0	0	0	ACTGT
chr12	344207	1	C	0	1	0	0	0	0	0	0	0	0	48	GCTCA
chr12	25380274	1150	C	682	467	0	0	0	0	1	0	0	0	0	TCTTG
chr12	25380275	1146	T	682	463	0	1	0	0	0	0	0	0	0	CTTGA
chr12	25380276	1156	T	680	469	0	0	7	0	0	0	0	0	0	TTGAC
chr12	25380277	1160	G	684	476	0	0	0	0	0	0	0	0	0	TGACC
chr12	25380278	1164	A	679	481	0	0	0	1	1	0	1	1	0	GACCT
chr12	25398283	957	A	352	605	0	0	0	0	0	0	0	0	0	CACCA
chr12	25398284	963	C	353	610	0	0	0	0	0	0	0	0	0	ACCAG
chr12	25398285	961	C	352	607	0	1	0	0	1	0	0	0	0	CCAGC
chr12	25398286	965	A	350	612	0	0	0	1	1	0	0	1	0	CAGCT
