CHR	POS	DEPTH	REF	R+	R-	A+	A-	C+	C-	T+	T-	G+	G-	PAD	MOTIF
chr7	1579575	4	A	2	2	0	0	0	0	0	0	0	0	1	CAGGT	nan	nan	nan	nan
chr7	55241706	1	G	0	1	0	0	0	0	0	0	0	0	0	TGGGC
chr7	55241707	1	G	0	1	0	0	0	0	0	0	0	0	0	GGGCT
chr7	55241708	1	G	0	1	0	0	0	0	0	0	0	0	0	GGCTC
chr7	55241709	1	C	0	1	0	0	0	0	0	0	0	0	0	GCTCC
chr7	55242415	3	G	0	3	0	0	0	0	0	0	0	0	0	GGGAC
chr7	55242416	3	G	0	3	0	0	0	0	0	0	0	0	0	GGACT
chr7	55242417	3	A	0	3	0	0	0	0	0	0	0	0	0	GACTC
chr7	55242418	3	C	0	3	0	0	0	0	0	0	0	0	0	ACTCT
chr7	55242419	3	T	0	3	0	0	0	0	0	0	0	0	0	CTCTG
chr7	55242420	3	C	0	3	0	0	0	0	0	0	0	0	0	TCTGG
chr7	55242421	3	T	0	3	0	0	0	0	0	0	0	0	0	CTGGA
chr7	55242422	3	G	0	3	0	0	0	0	0	0	0	0	0	TGGAT
chr7	55242423	3	G	0	3	0	0	0	0	0	0	0	0	0	GGATC
chr7	55242424	3	A	0	3	0	0	0	0	0	0	0	0	0	GATCC
chr7	55242425	2	T	0	2	0	0	0	0	0	0	0	0	0	ATCCC
chr7	55242426	3	C	0	3	0	0	0	0	0	0	0	0	0	TCCCA
chr7	55242427	3	C	0	3	0	0	0	0	0	0	0	0	0	CCCAG
chr7	55242428	3	C	0	3	0	0	0	0	0	0	0	0	0	CCAGA
chr7	55242429	3	A	0	3	0	0	0	0	0	0	0	0	0	CAGAA
chr7	55242430	3	G	0	3	0	0	0	0	0	0	0	0	0	AGAAG
chr7	55242431	3	A	0	3	0	0	0	0	0	0	0	0	0	GAAGG
chr7	55242432	3	A	0	3	0	0	0	0	0	0	0	0	0	AAGGT
chr7	55242433	3	G	0	3	0	0	0	0	0	0	0	0	0	AGGTG
chr7	55242434	3	G	0	3	0	0	0	0	0	0	0	0	0	GGTGA
chr7	55242435	3	T	0	3	0	0	0	0	0	0	0	0	0	GTGAG
chr7	55242436	3	G	0	3	0	0	0	0	0	0	0	0	0	TGAGA
chr7	55242437	3	A	0	3	0	0	0	0	0	0	0	0	0	GAGAA
chr7	55242438	3	G	0	3	0	0	0	0	0	0	0	0	0	AGAAA
chr7	55242439	3	A	0	3	0	0	0	0	0	0	0	0	0	GAAAG
chr7	55242440	3	A	0	3	0	0	0	0	0	0	0	0	0	AAAGT
chr7	55242441	3	A	0	3	0	0	0	0	0	0	0	0	0	AAGTT
chr7	55242442	3	G	0	3	0	0	0	0	0	0	0	0	0	AGTTA
chr7	55242443	3	T	0	3	0	0	0	0	0	0	0	0	0	GTTAA
chr7	55242444	3	T	0	3	0	0	0	0	0	0	0	0	0	TTAAA
chr7	55242445	3	A	0	3	0	0	0	0	0	0	0	0	0	TAAAA
chr7	55242446	3	A	0	3	0	0	0	0	0	0	0	0	0	AAAAT
chr7	55242447	3	A	0	3	0	0	0	0	0	0	0	0	0	AAATT
chr7	55242448	3	A	0	3	0	0	0	0	0	0	0	0	0	AATTC
chr7	55242449	3	T	0	3	0	0	0	0	0	0	0	0	0	ATTCC
chr7	55242450	3	T	0	3	0	0	0	0	0	0	0	0	0	TTCCC
chr7	55242451	4	C	0	4	0	0	0	0	0	0	0	0	0	TCCCG
chr7	55242452	4	C	0	4	0	0	0	0	0	0	0	0	0	CCCGT
chr7	55242453	4	C	0	4	0	0	0	0	0	0	0	0	0	CCGTC
chr7	55242454	4	G	0	4	0	0	0	0	0	0	0	0	0	CGTCG
chr7	55242455	4	T	0	4	0	0	0	0	0	0	0	0	0	GTCGC
chr7	55242456	4	C	0	4	0	0	0	0	0	0	0	0	0	TCGCT
chr7	55242457	4	G	0	4	0	0	0	0	0	0	0	0	0	CGCTA
chr7	55242458	4	C	0	4	0	0	0	0	0	0	0	0	0	GCTAT
chr7	55242459	4	T	0	4	0	0	0	0	0	0	0	0	0	CTATC
chr7	55242460	4	A	0	4	0	0	0	0	0	0	0	0	0	TATCA
chr7	55242461	4	T	0	4	0	0	0	0	0	0	0	0	0	ATCAA
chr7	55242462	4	C	0	4	0	0	0	0	0	0	0	0	0	TCAAG
chr7	55242463	4	A	0	4	0	0	0	0	0	0	0	0	0	CAAGG
chr7	55242464	4	A	0	4	0	0	0	0	0	0	0	0	0	AAGGA
chr7	55242465	4	G	1	3	0	0	0	0	0	0	0	0	0	AGGAA
chr7	55242466	4	G	1	3	0	0	0	0	0	0	0	0	0	GGAAT
chr7	55242467	4	A	1	3	0	0	0	0	0	0	0	0	0	GAATT
chr7	55242468	4	A	1	3	0	0	0	0	0	0	0	0	0	AATTA
chr7	55242469	4	T	1	3	0	0	0	0	0	0	0	0	0	ATTAA
chr7	55242470	3	T	1	2	0	0	0	0	0	0	0	0	0	TTAAG
chr7	55242471	3	A	1	2	0	0	0	0	0	0	0	0	0	TAAGA
chr7	55242472	3	A	1	2	0	0	0	0	0	0	0	0	0	AAGAG
chr7	55242473	3	G	1	2	0	0	0	0	0	0	0	0	0	AGAGA
chr7	55242474	3	A	1	2	0	0	0	0	0	0	0	0	0	GAGAA
chr7	55242475	2	G	0	2	0	0	0	0	0	0	0	0	0	AGAAG
chr7	55242476	2	A	0	2	0	0	0	0	0	0	0	0	0	GAAGC
chr7	55242477	2	A	0	2	0	0	0	0	0	0	0	0	0	AAGCA
chr7	55242478	2	G	0	2	0	0	0	0	0	0	0	0	0	AGCAA
chr7	55242479	2	C	0	2	0	0	0	0	0	0	0	0	0	GCAAC
chr7	55242480	2	A	0	2	0	0	0	0	0	0	0	0	0	CAACA
chr7	55242481	2	A	0	2	0	0	0	0	0	0	0	0	0	AACAT
chr7	55242482	2	C	0	2	0	0	0	0	0	0	0	0	0	ACATC
chr7	55242483	2	A	0	2	0	0	0	0	0	0	0	0	0	CATCT
chr7	55242484	2	T	0	2	0	0	0	0	0	0	0	0	0	ATCTC
chr7	55242485	2	C	0	2	0	0	0	0	0	0	0	0	0	TCTCC
chr7	55242486	2	T	0	2	0	0	0	0	0	0	0	0	0	CTCCG
chr7	55242487	2	C	0	2	0	0	0	0	0	0	0	0	0	TCCGA
chr7	55242488	2	C	0	2	0	0	0	0	0	0	0	0	0	CCGAA
chr7	55242489	2	G	0	2	0	0	0	0	0	0	0	0	0	CGAAA
chr7	55242490	2	A	0	2	0	0	0	0	0	0	0	0	0	GAAAG
chr7	55242491	2	A	0	2	0	0	0	0	0	0	0	0	0	AAAGC
chr7	55242492	2	A	0	2	0	0	0	0	0	0	0	0	0	AAGCC
chr7	55242493	2	G	0	2	0	0	0	0	0	0	0	0	0	AGCCA
chr7	55242494	2	C	0	2	0	0	0	0	0	0	0	0	0	GCCAA
chr7	55242495	2	C	0	2	0	0	0	0	0	0	0	0	0	CCAAC
chr7	55242496	2	A	0	2	0	0	0	0	0	0	0	0	0	CAACA
chr7	55242497	2	A	0	2	0	0	0	0	0	0	0	0	0	AACAA
chr7	55242498	2	C	0	2	0	0	0	0	0	0	0	0	0	ACAAG
chr7	55242499	2	A	0	2	0	0	0	0	0	0	0	0	0	CAAGG
chr7	55242500	2	A	0	2	0	0	0	0	0	0	0	0	0	AAGGA
chr7	55242501	2	G	0	2	0	0	0	0	0	0	0	0	0	AGGAA
chr7	55242502	2	G	0	2	0	0	0	0	0	0	0	0	0	GGAAA
chr7	55242503	2	A	0	2	0	0	0	0	0	0	0	0	0	GAAAT
chr7	55242504	2	A	0	2	0	0	0	0	0	0	0	0	0	AAATC
chr7	55242505	2	A	0	2	0	0	0	0	0	0	0	0	0	AATCC
chr7	55242506	2	T	0	2	0	0	0	0	0	0	0	0	0	ATCCT
chr7	55242507	2	C	0	2	0	0	0	0	0	0	0	0	0	TCCTC
chr7	55242508	2	C	0	2	0	0	0	0	0	0	0	0	0	CCTCG
chr7	55242509	2	T	0	2	0	0	0	0	0	0	0	0	0	CTCGA
chr7	55242510	2	C	0	2	0	0	0	0	0	0	0	0	0	TCGAT
chr7	55242511	2	G	0	2	0	0	0	0	0	0	0	0	0	CGATG
chr7	55242512	2	A	0	2	0	0	0	0	0	0	0	0	0	GATGT
chr7	55242513	2	T	0	2	0	0	0	0	0	0	0	0	0	ATGTG
chr7	55248986	1	G	0	1	0	0	0	0	0	0	0	0	0	GGAAG
chr7	55248987	1	A	0	1	0	0	0	0	0	0	0	0	0	GAAGC
chr7	55248988	1	A	0	1	0	0	0	0	0	0	0	0	0	AAGCC
chr7	55248989	1	G	0	1	0	0	0	0	0	0	0	0	0	AGCCT
chr7	55248990	1	C	0	1	0	0	0	0	0	0	0	0	0	GCCTA
chr7	55248991	1	C	0	1	0	0	0	0	0	0	0	0	0	CCTAC
chr7	55248992	1	T	0	1	0	0	0	0	0	0	0	0	0	CTACG
chr7	55248993	1	A	0	1	0	0	0	0	0	0	0	0	0	TACGT
chr7	55248994	1	C	0	1	0	0	0	0	0	0	0	0	0	ACGTG
chr7	55248995	1	G	0	1	0	0	0	0	0	0	0	0	0	CGTGA
chr7	55259523	1	C	0	1	0	0	0	0	0	0	0	0	0	ACTGC
chr7	55259524	1	T	0	1	0	0	0	0	0	0	0	0	0	CTGCT
chr7	55259525	1	G	0	1	0	0	0	0	0	0	0	0	0	TGCTG
chr7	140453135	687	C	262	425	0	0	0	0	0	0	0	0	0	TCACT
chr7	140453136	681	A	261	418	0	0	0	0	0	2	0	0	0	CACTG
chr7	140453137	671	C	267	400	0	0	0	0	0	4	0	0	0	ACTGT
chr12	329996	1	C	1	0	0	0	0	0	0	0	0	0	117	CCTCT	nan	nan	nan	nan
chr12	25380274	844	C	519	325	0	0	0	0	0	0	0	0	0	TCTTG
chr12	25380275	843	T	519	324	0	0	0	0	0	0	0	0	0	CTTGA
chr12	25380276	854	T	521	324	0	0	8	0	0	0	1	0	0	TTGAC
chr12	25380277	852	G	530	321	1	0	0	0	0	0	0	0	0	TGACC
chr12	25380278	851	A	531	315	0	0	0	0	0	0	0	5	0	GACCT
chr12	25398283	789	A	297	490	0	0	0	0	1	0	1	0	0	CACCA
chr12	25398284	791	C	300	490	1	0	0	0	0	0	0	0	0	ACCAG
chr12	25398285	798	C	302	496	0	0	0	0	0	0	0	0	0	CCAGC
chr12	25398286	798	A	301	497	0	0	0	0	0	0	0	0	0	CAGCT
