CHR	POS	DEPTH	REF	R+	R-	A+	A-	C+	C-	T+	T-	G+	G-	PAD	MOTIF
chr7	1026145	1	C	1	0	0	0	0	0	0	0	0	0	114	GCACA
chr7	55242452	1	C	1	0	0	0	0	0	0	0	0	0	0	CCCGT
chr7	55242453	1	C	1	0	0	0	0	0	0	0	0	0	0	CCGTC
chr7	55242454	1	G	1	0	0	0	0	0	0	0	0	0	0	CGTCG
chr7	55242455	1	T	1	0	0	0	0	0	0	0	0	0	0	GTCGC
chr7	55242456	1	C	1	0	0	0	0	0	0	0	0	0	0	TCGCT
chr7	55242457	1	G	1	0	0	0	0	0	0	0	0	0	0	CGCTA
chr7	55242458	1	C	1	0	0	0	0	0	0	0	0	0	0	GCTAT
chr7	55242459	1	T	1	0	0	0	0	0	0	0	0	0	0	CTATC
chr7	55242460	1	A	1	0	0	0	0	0	0	0	0	0	0	TATCA
chr7	55242461	2	T	2	0	0	0	0	0	0	0	0	0	0	ATCAA
chr7	55242462	2	C	2	0	0	0	0	0	0	0	0	0	0	TCAAG
chr7	55242463	3	A	3	0	0	0	0	0	0	0	0	0	0	CAAGG
chr7	55242464	2	A	2	0	0	0	0	0	0	0	0	0	0	AAGGA
chr7	55242465	4	G	4	0	0	0	0	0	0	0	0	0	0	AGGAA
chr7	55242466	3	G	3	0	0	0	0	0	0	0	0	0	0	GGAAT
chr7	55242467	4	A	4	0	0	0	0	0	0	0	0	0	0	GAATT
chr7	55242468	3	A	3	0	0	0	0	0	0	0	0	0	0	AATTA
chr7	55242469	3	T	3	0	0	0	0	0	0	0	0	0	0	ATTAA
chr7	55242470	3	T	3	0	0	0	0	0	0	0	0	0	0	TTAAG
chr7	55242471	4	A	4	0	0	0	0	0	0	0	0	0	0	TAAGA
chr7	55242472	3	A	3	0	0	0	0	0	0	0	0	0	0	AAGAG
chr7	55242473	3	G	3	0	0	0	0	0	0	0	0	0	0	AGAGA
chr7	55242474	4	A	4	0	0	0	0	0	0	0	0	0	0	GAGAA
chr7	55242475	4	G	4	0	0	0	0	0	0	0	0	0	0	AGAAG
chr7	55242476	3	A	3	0	0	0	0	0	0	0	0	0	0	GAAGC
chr7	55242477	4	A	4	0	0	0	0	0	0	0	0	0	0	AAGCA
chr7	55242478	3	G	3	0	0	0	0	0	0	0	0	0	0	AGCAA
chr7	55242479	4	C	4	0	0	0	0	0	0	0	0	0	0	GCAAC
chr7	55242480	4	A	4	0	0	0	0	0	0	0	0	0	0	CAACA
chr7	55242481	4	A	4	0	0	0	0	0	0	0	0	0	0	AACAT
chr7	55242482	4	C	4	0	0	0	0	0	0	0	0	0	0	ACATC
chr7	55242483	4	A	4	0	0	0	0	0	0	0	0	0	0	CATCT
chr7	55242484	4	T	4	0	0	0	0	0	0	0	0	0	0	ATCTC
chr7	55242485	4	C	4	0	0	0	0	0	0	0	0	0	0	TCTCC
chr7	55242486	4	T	4	0	0	0	0	0	0	0	0	0	0	CTCCG
chr7	55242487	4	C	4	0	0	0	0	0	0	0	0	0	0	TCCGA
chr7	55242488	3	C	3	0	0	0	0	0	0	0	0	0	0	CCGAA
chr7	55242489	4	G	4	0	0	0	0	0	0	0	0	0	0	CGAAA
chr7	55242490	4	A	4	0	0	0	0	0	0	0	0	0	0	GAAAG
chr7	55242491	4	A	4	0	0	0	0	0	0	0	0	0	0	AAAGC
chr7	55242492	3	A	3	0	0	0	0	0	0	0	0	0	0	AAGCC
chr7	55242493	4	G	4	0	0	0	0	0	0	0	0	0	0	AGCCA
chr7	55242494	4	C	4	0	0	0	0	0	0	0	0	0	0	GCCAA
chr7	55242495	4	C	4	0	0	0	0	0	0	0	0	0	0	CCAAC
chr7	55242496	4	A	4	0	0	0	0	0	0	0	0	0	0	CAACA
chr7	55242497	4	A	4	0	0	0	0	0	0	0	0	0	0	AACAA
chr7	55242498	4	C	4	0	0	0	0	0	0	0	0	0	0	ACAAG
chr7	55242499	4	A	4	0	0	0	0	0	0	0	0	0	0	CAAGG
chr7	55242500	4	A	4	0	0	0	0	0	0	0	0	0	0	AAGGA
chr7	55242501	4	G	4	0	0	0	0	0	0	0	0	0	0	AGGAA
chr7	55242502	3	G	3	0	0	0	0	0	0	0	0	0	0	GGAAA
chr7	55242503	4	A	4	0	0	0	0	0	0	0	0	0	0	GAAAT
chr7	55242504	4	A	4	0	0	0	0	0	0	0	0	0	0	AAATC
chr7	55242505	4	A	4	0	0	0	0	0	0	0	0	0	0	AATCC
chr7	55242506	4	T	4	0	0	0	0	0	0	0	0	0	0	ATCCT
chr7	55242507	4	C	4	0	0	0	0	0	0	0	0	0	0	TCCTC
chr7	55242508	4	C	4	0	0	0	0	0	0	0	0	0	0	CCTCG
chr7	55242509	4	T	4	0	0	0	0	0	0	0	0	0	0	CTCGA
chr7	55242510	4	C	4	0	0	0	0	0	0	0	0	0	0	TCGAT
chr7	55242511	4	G	4	0	0	0	0	0	0	0	0	0	0	CGATG
chr7	55242512	4	A	4	0	0	0	0	0	0	0	0	0	0	GATGT
chr7	55242513	4	T	4	0	0	0	0	0	0	0	0	0	0	ATGTG
chr7	55248986	4	G	4	0	0	0	0	0	0	0	0	0	0	GGAAG
chr7	55248987	4	A	4	0	0	0	0	0	0	0	0	0	0	GAAGC
chr7	55248988	4	A	4	0	0	0	0	0	0	0	0	0	0	AAGCC
chr7	55248989	4	G	4	0	0	0	0	0	0	0	0	0	0	AGCCT
chr7	55248990	4	C	4	0	0	0	0	0	0	0	0	0	0	GCCTA
chr7	55248991	4	C	4	0	0	0	0	0	0	0	0	0	0	CCTAC
chr7	55248992	4	T	4	0	0	0	0	0	0	0	0	0	0	CTACG
chr7	55248993	3	A	3	0	0	0	0	0	0	0	0	0	0	TACGT
chr7	55248994	4	C	4	0	0	0	0	0	0	0	0	0	0	ACGTG
chr7	55248995	4	G	4	0	0	0	0	0	0	0	0	0	0	CGTGA
chr7	55248996	4	T	4	0	0	0	0	0	0	0	0	0	0	GTGAT
chr7	55248997	4	G	4	0	0	0	0	0	0	0	0	0	0	TGATG
chr7	55248998	4	A	4	0	0	0	0	0	0	0	0	0	0	GATGG
chr7	55248999	4	T	4	0	0	0	0	0	0	0	0	0	0	ATGGC
chr7	55249000	4	G	4	0	0	0	0	0	0	0	0	0	0	TGGCC
chr7	55249001	4	G	4	0	0	0	0	0	0	0	0	0	0	GGCCA
chr7	55249002	4	C	4	0	0	0	0	0	0	0	0	0	0	GCCAG
chr7	55249003	3	C	3	0	0	0	0	0	0	0	0	0	0	CCAGC
chr7	55249004	4	A	4	0	0	0	0	0	0	0	0	0	0	CAGCG
chr7	55249005	4	G	4	0	0	0	0	0	0	0	0	0	0	AGCGT
chr7	55249006	4	C	4	0	0	0	0	0	0	0	0	0	0	GCGTG
chr7	55249007	4	G	4	0	0	0	0	0	0	0	0	0	0	CGTGG
chr7	55249008	4	T	4	0	0	0	0	0	0	0	0	0	0	GTGGA
chr7	55249009	4	G	4	0	0	0	0	0	0	0	0	0	0	TGGAC
chr7	55249010	4	G	4	0	0	0	0	0	0	0	0	0	0	GGACA
chr7	55249011	4	A	4	0	0	0	0	0	0	0	0	0	0	GACAA
chr7	55249012	4	C	4	0	0	0	0	0	0	0	0	0	0	ACAAC
chr7	55249013	4	A	4	0	0	0	0	0	0	0	0	0	0	CAACC
chr7	55249014	4	A	4	0	0	0	0	0	0	0	0	0	0	AACCC
chr7	55249015	4	C	4	0	0	0	0	0	0	0	0	0	0	ACCCC
chr7	55249016	4	C	4	0	0	0	0	0	0	0	0	0	0	CCCCC
chr7	55249017	4	C	4	0	0	0	0	0	0	0	0	0	0	CCCCA
chr7	55249018	4	C	4	0	0	0	0	0	0	0	0	0	0	CCCAC
chr7	55249019	4	C	4	0	0	0	0	0	0	0	0	0	0	CCACG
chr7	55249020	4	A	4	0	0	0	0	0	0	0	0	0	0	CACGT
chr7	55249021	4	C	4	0	0	0	0	0	0	0	0	0	0	ACGTG
chr7	55249022	4	G	4	0	0	0	0	0	0	0	0	0	0	CGTGT
chr7	55249023	3	T	3	0	0	0	0	0	0	0	0	0	0	GTGTG
chr7	55249024	3	G	3	0	0	0	0	0	0	0	0	0	0	TGTGC
chr7	55249025	4	T	4	0	0	0	0	0	0	0	0	0	0	GTGCC
chr7	55249026	4	G	4	0	0	0	0	0	0	0	0	0	0	TGCCG
chr7	55249027	4	C	4	0	0	0	0	0	0	0	0	0	0	GCCGC
chr7	55249028	4	C	4	0	0	0	0	0	0	0	0	0	0	CCGCC
chr7	55249029	4	G	4	0	0	0	0	0	0	0	0	0	0	CGCCT
chr7	55249030	4	C	4	0	0	0	0	0	0	0	0	0	0	GCCTG
chr7	55249031	3	C	3	0	0	0	0	0	0	0	0	0	0	CCTGC
chr7	55249032	3	T	3	0	0	0	0	0	0	0	0	0	0	CTGCT
chr7	55249033	4	G	4	0	0	0	0	0	0	0	0	0	0	TGCTG
chr7	55249034	4	C	4	0	0	0	0	0	0	0	0	0	0	GCTGG
chr7	55249035	4	T	4	0	0	0	0	0	0	0	0	0	0	CTGGG
chr7	55249036	4	G	4	0	0	0	0	0	0	0	0	0	0	TGGGC
chr7	55249037	4	G	4	0	0	0	0	0	0	0	0	0	0	GGGCA
chr7	55249038	4	G	4	0	0	0	0	0	0	0	0	0	0	GGCAT
chr7	55249039	4	C	4	0	0	0	0	0	0	0	0	0	0	GCATC
chr7	55249040	4	A	4	0	0	0	0	0	0	0	0	0	0	CATCT
chr7	55249041	4	T	4	0	0	0	0	0	0	0	0	0	0	ATCTG
chr7	55249042	3	C	3	0	0	0	0	0	0	0	0	0	0	TCTGC
chr7	55249043	3	T	3	0	0	0	0	0	0	0	0	0	0	CTGCC
chr7	55249044	3	G	3	0	0	0	0	0	0	0	0	0	0	TGCCT
chr7	55249045	3	C	3	0	0	0	0	0	0	0	0	0	0	GCCTC
chr7	55249046	3	C	3	0	0	0	0	0	0	0	0	0	0	CCTCA
chr7	55249047	3	T	3	0	0	0	0	0	0	0	0	0	0	CTCAC
chr7	55249048	3	C	3	0	0	0	0	0	0	0	0	0	0	TCACC
chr7	55249049	2	A	2	0	0	0	0	0	0	0	0	0	0	CACCT
chr7	55249050	2	C	2	0	0	0	0	0	0	0	0	0	0	ACCTC
chr7	55249063	3	G	0	3	0	0	0	0	0	0	0	0	0	AGCTC
chr7	55249064	3	C	0	3	0	0	0	0	0	0	0	0	0	GCTCA
chr7	55249065	3	T	0	3	0	0	0	0	0	0	0	0	0	CTCAT
chr7	55249066	3	C	0	3	0	0	0	0	0	0	0	0	0	TCATC
chr7	55249067	3	A	0	3	0	0	0	0	0	0	0	0	0	CATCA
chr7	55249068	3	T	0	3	0	0	0	0	0	0	0	0	0	ATCAC
chr7	55249069	3	C	0	3	0	0	0	0	0	0	0	0	0	TCACG
chr7	55249070	3	A	0	3	0	0	0	0	0	0	0	0	0	CACGC
chr7	55249071	3	C	0	3	0	0	0	0	0	0	0	0	0	ACGCA
chr7	55249072	3	G	0	3	0	0	0	0	0	0	0	0	0	CGCAG
chr7	55249073	3	C	0	3	0	0	0	0	0	0	0	0	0	GCAGC
chr7	55249074	3	A	0	3	0	0	0	0	0	0	0	0	0	CAGCT
chr7	55249075	3	G	0	3	0	0	0	0	0	0	0	0	0	AGCTC
chr7	55249076	3	C	0	3	0	0	0	0	0	0	0	0	0	GCTCA
chr7	55249077	3	T	0	3	0	0	0	0	0	0	0	0	0	CTCAT
chr7	55249078	3	C	0	3	0	0	0	0	0	0	0	0	0	TCATG
chr7	55249079	3	A	0	3	0	0	0	0	0	0	0	0	0	CATGC
chr7	55249080	3	T	0	3	0	0	0	0	0	0	0	0	0	ATGCC
chr7	55249081	3	G	0	3	0	0	0	0	0	0	0	0	0	TGCCC
chr7	55249082	3	C	0	3	0	0	0	0	0	0	0	0	0	GCCCT
chr7	55249083	3	C	0	3	0	0	0	0	0	0	0	0	0	CCCTT
chr7	55249084	3	C	0	3	0	0	0	0	0	0	0	0	0	CCTTC
chr7	55249085	3	T	0	3	0	0	0	0	0	0	0	0	0	CTTCG
chr7	55249086	3	T	0	3	0	0	0	0	0	0	0	0	0	TTCGG
chr7	55249087	3	C	0	3	0	0	0	0	0	0	0	0	0	TCGGC
chr7	55249088	3	G	0	3	0	0	0	0	0	0	0	0	0	CGGCT
chr7	55249089	3	G	0	3	0	0	0	0	0	0	0	0	0	GGCTG
chr7	55249090	3	C	0	3	0	0	0	0	0	0	0	0	0	GCTGC
chr7	55249091	3	T	0	3	0	0	0	0	0	0	0	0	0	CTGCC
chr7	55249092	3	G	0	3	0	0	0	0	0	0	0	0	0	TGCCT
chr7	55249093	3	C	0	3	0	0	0	0	0	0	0	0	0	GCCTC
chr7	55249094	3	C	0	3	0	0	0	0	0	0	0	0	0	CCTCC
chr7	55249095	3	T	0	3	0	0	0	0	0	0	0	0	0	CTCCT
chr7	55249096	3	C	0	3	0	0	0	0	0	0	0	0	0	TCCTG
chr7	55249097	3	C	0	3	0	0	0	0	0	0	0	0	0	CCTGG
chr7	55249098	3	T	0	3	0	0	0	0	0	0	0	0	0	CTGGA
chr7	55249099	3	G	0	3	0	0	0	0	0	0	0	0	0	TGGAC
chr7	55249100	3	G	0	3	0	0	0	0	0	0	0	0	0	GGACT
chr7	55249101	3	A	0	3	0	0	0	0	0	0	0	0	0	GACTA
chr7	55249102	3	C	0	3	0	0	0	0	0	0	0	0	0	ACTAT
chr7	55249103	3	T	0	3	0	0	0	0	0	0	0	0	0	CTATG
chr7	55249104	3	A	0	3	0	0	0	0	0	0	0	0	0	TATGT
chr7	55249105	3	T	0	3	0	0	0	0	0	0	0	0	0	ATGTC
chr7	55249106	3	G	0	3	0	0	0	0	0	0	0	0	0	TGTCC
chr7	55249107	3	T	0	3	0	0	0	0	0	0	0	0	0	GTCCG
chr7	55249108	3	C	0	3	0	0	0	0	0	0	0	0	0	TCCGG
chr7	55249109	3	C	0	3	0	0	0	0	0	0	0	0	0	CCGGG
chr7	55249110	3	G	0	3	0	0	0	0	0	0	0	0	0	CGGGA
chr7	55249111	3	G	0	3	0	0	0	0	0	0	0	0	0	GGGAA
chr7	55249112	3	G	0	3	0	0	0	0	0	0	0	0	0	GGAAC
chr7	55249113	3	A	0	3	0	0	0	0	0	0	0	0	0	GAACA
chr7	55249114	3	A	0	3	0	0	0	0	0	0	0	0	0	AACAC
chr7	55249115	3	C	0	3	0	0	0	0	0	0	0	0	0	ACACA
chr7	55249116	3	A	0	3	0	0	0	0	0	0	0	0	0	CACAA
chr7	55249117	3	C	0	3	0	0	0	0	0	0	0	0	0	ACAAA
chr7	55249118	3	A	0	3	0	0	0	0	0	0	0	0	0	CAAAG
chr7	55249119	3	A	0	3	0	0	0	0	0	0	0	0	0	AAAGA
chr7	55249120	3	A	0	3	0	0	0	0	0	0	0	0	0	AAGAC
chr7	55249121	3	G	0	3	0	0	0	0	0	0	0	0	0	AGACA
chr7	55249122	3	A	0	3	0	0	0	0	0	0	0	0	0	GACAA
chr7	55249123	3	C	0	3	0	0	0	0	0	0	0	0	0	ACAAT
chr7	55249124	3	A	0	3	0	0	0	0	0	0	0	0	0	CAATA
chr7	55249125	3	A	0	3	0	0	0	0	0	0	0	0	0	AATAT
chr7	55249126	3	T	0	3	0	0	0	0	0	0	0	0	0	ATATT
chr7	55249127	3	A	0	3	0	0	0	0	0	0	0	0	0	TATTG
chr7	55249128	3	T	0	3	0	0	0	0	0	0	0	0	0	ATTGG
chr7	55249129	3	T	0	3	0	0	0	0	0	0	0	0	0	TTGGC
chr7	55249130	3	G	0	3	0	0	0	0	0	0	0	0	0	TGGCT
chr7	55249131	3	G	0	3	0	0	0	0	0	0	0	0	0	GGCTC
chr7	55249132	3	C	0	3	0	0	0	0	0	0	0	0	0	GCTCC
chr7	55249133	3	T	0	3	0	0	0	0	0	0	0	0	0	CTCCC
chr7	55249134	3	C	0	3	0	0	0	0	0	0	0	0	0	TCCCA
chr7	55249135	3	C	0	3	0	0	0	0	0	0	0	0	0	CCCAG
chr7	55249136	3	C	0	3	0	0	0	0	0	0	0	0	0	CCAGT
chr7	55249137	3	A	0	3	0	0	0	0	0	0	0	0	0	CAGTA
chr7	55249138	3	G	0	3	0	0	0	0	0	0	0	0	0	AGTAC
chr7	55249139	3	T	0	3	0	0	0	0	0	0	0	0	0	GTACC
chr7	55249140	3	A	0	3	0	0	0	0	0	0	0	0	0	TACCT
chr7	55249141	3	C	0	3	0	0	0	0	0	0	0	0	0	ACCTG
chr7	55249142	3	C	0	3	0	0	0	0	0	0	0	0	0	CCTGC
chr7	55249143	3	T	0	3	0	0	0	0	0	0	0	0	0	CTGCT
chr7	55249144	3	G	0	3	0	0	0	0	0	0	0	0	0	TGCTC
chr7	55249145	3	C	0	3	0	0	0	0	0	0	0	0	0	GCTCA
chr7	55249146	3	T	0	3	0	0	0	0	0	0	0	0	0	CTCAA
chr7	55249147	3	C	0	3	0	0	0	0	0	0	0	0	0	TCAAC
chr7	55249148	3	A	0	3	0	0	0	0	0	0	0	0	0	CAACT
chr7	55249149	3	A	0	3	0	0	0	0	0	0	0	0	0	AACTG
chr7	55249150	3	C	0	3	0	0	0	0	0	0	0	0	0	ACTGG
chr7	55249151	3	T	0	3	0	0	0	0	0	0	0	0	0	CTGGT
chr7	55249152	3	G	0	3	0	0	0	0	0	0	0	0	0	TGGTG
chr7	55249153	3	G	0	3	0	0	0	0	0	0	0	0	0	GGTGT
chr7	55249154	3	T	0	3	0	0	0	0	0	0	0	0	0	GTGTG
chr7	55249155	3	G	0	3	0	0	0	0	0	0	0	0	0	TGTGT
chr7	55249156	3	T	0	3	0	0	0	0	0	0	0	0	0	GTGTG
chr7	55249157	3	G	0	3	0	0	0	0	0	0	0	0	0	TGTGC
chr7	55249158	3	T	0	3	0	0	0	0	0	0	0	0	0	GTGCA
chr7	55249159	3	G	0	3	0	0	0	0	0	0	0	0	0	TGCAG
chr7	55249160	3	C	0	3	0	0	0	0	0	0	0	0	0	GCAGA
chr7	55249161	3	A	0	3	0	0	0	0	0	0	0	0	0	CAGAT
chr7	55249162	3	G	0	3	0	0	0	0	0	0	0	0	0	AGATC
chr7	55249163	3	A	0	3	0	0	0	0	0	0	0	0	0	GATCG
chr7	55249164	3	T	0	3	0	0	0	0	0	0	0	0	0	ATCGC
chr7	55249165	3	C	0	3	0	0	0	0	0	0	0	0	0	TCGCA
chr7	55249166	3	G	0	3	0	0	0	0	0	0	0	0	0	CGCAA
chr7	55249167	3	C	0	3	0	0	0	0	0	0	0	0	0	GCAAA
chr7	55249168	3	A	0	3	0	0	0	0	0	0	0	0	0	CAAAG
chr7	55249169	3	A	0	3	0	0	0	0	0	0	0	0	0	AAAGG
chr7	55249170	3	A	0	3	0	0	0	0	0	0	0	0	0	AAGGT
chr7	55249171	3	G	0	3	0	0	0	0	0	0	0	0	0	AGGTA
chr7	55259514	2	C	0	2	0	0	0	0	0	0	0	0	0	GCTGG
chr7	55259515	2	T	0	2	0	0	0	0	0	0	0	0	0	CTGGC
chr7	55259516	2	G	0	2	0	0	0	0	0	0	0	0	0	TGGCC
chr7	55259523	2	C	0	2	0	0	0	0	0	0	0	0	0	ACTGC
chr7	55259524	2	T	0	2	0	0	0	0	0	0	0	0	0	CTGCT
chr7	55259525	2	G	0	2	0	0	0	0	0	0	0	0	0	TGCTG
chr7	140453135	439	C	147	292	0	0	0	0	0	0	0	0	0	TCACT
chr7	140453136	440	A	148	292	0	0	0	0	0	0	0	0	0	CACTG
chr7	140453137	425	C	150	271	0	0	0	0	0	4	0	0	0	ACTGT
chr12	346476	1	A	1	0	0	0	0	0	0	0	0	0	0	AACCT
chr12	25380274	1277	C	712	565	0	0	0	0	0	0	0	0	0	TCTTG
chr12	25380275	1276	T	715	561	0	0	0	0	0	0	0	0	0	CTTGA
chr12	25380276	1274	T	703	558	0	0	13	0	0	0	0	0	0	TTGAC
chr12	25380277	1283	G	719	564	0	0	0	0	0	0	0	0	0	TGACC
chr12	25380278	1274	A	708	565	0	0	0	0	0	0	0	1	0	GACCT
chr12	25398283	655	A	155	499	0	0	0	0	1	0	0	0	0	CACCA
chr12	25398284	658	C	157	500	1	0	0	0	0	0	0	0	0	ACCAG
chr12	25398285	655	C	156	499	0	0	0	0	0	0	0	0	0	CCAGC
chr12	25398286	656	A	153	502	0	0	0	0	0	0	0	1	0	CAGCT
