CHR	POS	DEPTH	REF	R+	R-	A+	A-	C+	C-	T+	T-	G+	G-	PAD	MOTIF
chr7	1028489	1	C	0	1	0	0	0	0	0	0	0	0	31	CCACT
chr7	55241706	1	G	0	1	0	0	0	0	0	0	0	0	0	TGGGC
chr7	55241707	1	G	0	1	0	0	0	0	0	0	0	0	0	GGGCT
chr7	55241708	1	G	0	1	0	0	0	0	0	0	0	0	0	GGCTC
chr7	55241709	1	C	0	1	0	0	0	0	0	0	0	0	0	GCTCC
chr7	55242415	1	G	0	1	0	0	0	0	0	0	0	0	0	GGGAC
chr7	55242416	1	G	0	1	0	0	0	0	0	0	0	0	0	GGACT
chr7	55242417	1	A	0	1	0	0	0	0	0	0	0	0	0	GACTC
chr7	55242418	1	C	0	1	0	0	0	0	0	0	0	0	0	ACTCT
chr7	55242419	1	T	0	1	0	0	0	0	0	0	0	0	0	CTCTG
chr7	55242420	1	C	0	1	0	0	0	0	0	0	0	0	0	TCTGG
chr7	55242421	1	T	0	1	0	0	0	0	0	0	0	0	0	CTGGA
chr7	55242422	1	G	0	1	0	0	0	0	0	0	0	0	0	TGGAT
chr7	55242423	1	G	0	1	0	0	0	0	0	0	0	0	0	GGATC
chr7	55242424	1	A	0	1	0	0	0	0	0	0	0	0	0	GATCC
chr7	55242425	1	T	0	1	0	0	0	0	0	0	0	0	0	ATCCC
chr7	55242426	1	C	0	1	0	0	0	0	0	0	0	0	0	TCCCA
chr7	55259514	1	C	1	0	0	0	0	0	0	0	0	0	0	GCTGG
chr7	55259515	1	T	1	0	0	0	0	0	0	0	0	0	0	CTGGC
chr7	55259516	1	G	1	0	0	0	0	0	0	0	0	0	0	TGGCC
chr7	55259523	1	C	1	0	0	0	0	0	0	0	0	0	0	ACTGC
chr7	55259524	1	T	1	0	0	0	0	0	0	0	0	0	0	CTGCT
chr7	55259525	1	G	1	0	0	0	0	0	0	0	0	0	0	TGCTG
chr7	140453135	407	C	139	267	0	0	0	0	1	0	0	0	0	TCACT
chr7	140453136	404	A	143	261	0	0	0	0	0	0	0	0	0	CACTG
chr7	140453137	387	C	140	246	0	0	0	0	0	1	0	0	0	ACTGT
chr12	335800	1	G	1	0	0	0	0	0	0	0	0	0	4	GGACG
chr12	25380274	1054	C	558	495	0	0	0	0	1	0	0	0	0	TCTTG
chr12	25380275	1050	T	561	489	0	0	0	0	0	0	0	0	0	CTTGA
chr12	25380276	1056	T	544	493	0	0	17	1	0	0	0	0	0	TTGAC
chr12	25380277	1059	G	558	499	1	0	0	0	0	0	0	0	0	TGACC
chr12	25380278	1062	A	559	502	0	0	0	0	0	0	0	0	0	GACCT
chr12	25398283	792	A	355	436	0	0	0	0	0	0	0	0	0	CACCA
chr12	25398284	799	C	357	442	0	0	0	0	0	0	0	0	0	ACCAG
chr12	25398285	796	C	356	440	0	0	0	0	0	0	0	0	0	CCAGC
chr12	25398286	803	A	354	447	0	0	0	1	0	1	0	0	0	CAGCT
