CHR	POS	DEPTH	REF	R+	R-	A+	A-	C+	C-	T+	T-	G+	G-	PAD	MOTIF
chr7	1023780	1	C	1	0	0	0	0	0	0	0	0	0	267	GCTTG
chr7	55241706	1	G	0	1	0	0	0	0	0	0	0	0	0	TGGGC
chr7	55241707	1	G	0	1	0	0	0	0	0	0	0	0	0	GGGCT
chr7	55241708	1	G	0	1	0	0	0	0	0	0	0	0	0	GGCTC
chr7	55241709	1	C	0	1	0	0	0	0	0	0	0	0	0	GCTCC
chr7	55242415	1	G	0	1	0	0	0	0	0	0	0	0	0	GGGAC
chr7	55242416	1	G	0	1	0	0	0	0	0	0	0	0	0	GGACT
chr7	55242417	1	A	0	1	0	0	0	0	0	0	0	0	0	GACTC
chr7	55242418	1	C	0	1	0	0	0	0	0	0	0	0	0	ACTCT
chr7	55242419	1	T	0	1	0	0	0	0	0	0	0	0	0	CTCTG
chr7	55242420	1	C	0	1	0	0	0	0	0	0	0	0	0	TCTGG
chr7	55242421	1	T	0	1	0	0	0	0	0	0	0	0	0	CTGGA
chr7	55242422	1	G	0	1	0	0	0	0	0	0	0	0	0	TGGAT
chr7	55242423	1	G	0	1	0	0	0	0	0	0	0	0	0	GGATC
chr7	55242424	1	A	0	1	0	0	0	0	0	0	0	0	0	GATCC
chr7	55242425	1	T	0	1	0	0	0	0	0	0	0	0	0	ATCCC
chr7	55242426	1	C	0	1	0	0	0	0	0	0	0	0	0	TCCCA
chr7	55242427	1	C	0	1	0	0	0	0	0	0	0	0	0	CCCAG
chr7	55242428	1	C	0	1	0	0	0	0	0	0	0	0	0	CCAGA
chr7	55242429	1	A	0	1	0	0	0	0	0	0	0	0	0	CAGAA
chr7	55242430	1	G	0	1	0	0	0	0	0	0	0	0	0	AGAAG
chr7	55242431	1	A	0	1	0	0	0	0	0	0	0	0	0	GAAGG
chr7	55242432	1	A	0	1	0	0	0	0	0	0	0	0	0	AAGGT
chr7	55242433	1	G	0	1	0	0	0	0	0	0	0	0	0	AGGTG
chr7	55242434	1	G	0	1	0	0	0	0	0	0	0	0	0	GGTGA
chr7	55242435	1	T	0	1	0	0	0	0	0	0	0	0	0	GTGAG
chr7	55242436	1	G	0	1	0	0	0	0	0	0	0	0	0	TGAGA
chr7	55242437	1	A	0	1	0	0	0	0	0	0	0	0	0	GAGAA
chr7	55242438	1	G	0	1	0	0	0	0	0	0	0	0	0	AGAAA
chr7	55242439	1	A	0	1	0	0	0	0	0	0	0	0	0	GAAAG
chr7	55242440	1	A	0	1	0	0	0	0	0	0	0	0	0	AAAGT
chr7	55242441	1	A	0	1	0	0	0	0	0	0	0	0	0	AAGTT
chr7	55242442	1	G	0	1	0	0	0	0	0	0	0	0	0	AGTTA
chr7	55242443	1	T	0	1	0	0	0	0	0	0	0	0	0	GTTAA
chr7	55242444	1	T	0	1	0	0	0	0	0	0	0	0	0	TTAAA
chr7	55242445	1	A	0	1	0	0	0	0	0	0	0	0	0	TAAAA
chr7	55242446	1	A	0	1	0	0	0	0	0	0	0	0	0	AAAAT
chr7	55242447	1	A	0	1	0	0	0	0	0	0	0	0	0	AAATT
chr7	55242448	1	A	0	1	0	0	0	0	0	0	0	0	0	AATTC
chr7	55242449	1	T	0	1	0	0	0	0	0	0	0	0	0	ATTCC
chr7	55242450	1	T	0	1	0	0	0	0	0	0	0	0	0	TTCCC
chr7	55242451	1	C	0	1	0	0	0	0	0	0	0	0	0	TCCCG
chr7	55242452	1	C	0	1	0	0	0	0	0	0	0	0	0	CCCGT
chr7	55242453	1	C	0	1	0	0	0	0	0	0	0	0	0	CCGTC
chr7	55242454	1	G	0	1	0	0	0	0	0	0	0	0	0	CGTCG
chr7	55242455	1	T	0	1	0	0	0	0	0	0	0	0	0	GTCGC
chr7	55242456	1	C	0	1	0	0	0	0	0	0	0	0	0	TCGCT
chr7	55242457	1	G	0	1	0	0	0	0	0	0	0	0	0	CGCTA
chr7	55242458	1	C	0	1	0	0	0	0	0	0	0	0	0	GCTAT
chr7	55242459	1	T	0	1	0	0	0	0	0	0	0	0	0	CTATC
chr7	55242460	1	A	0	1	0	0	0	0	0	0	0	0	0	TATCA
chr7	55242461	1	T	0	1	0	0	0	0	0	0	0	0	0	ATCAA
chr7	55242462	1	C	0	1	0	0	0	0	0	0	0	0	0	TCAAG
chr7	55242463	1	A	0	1	0	0	0	0	0	0	0	0	0	CAAGG
chr7	55242464	1	A	0	1	0	0	0	0	0	0	0	0	0	AAGGA
chr7	55242480	1	A	1	0	0	0	0	0	0	0	0	0	0	CAACA
chr7	55242481	1	A	1	0	0	0	0	0	0	0	0	0	0	AACAT
chr7	55242482	1	C	1	0	0	0	0	0	0	0	0	0	0	ACATC
chr7	55242483	1	A	1	0	0	0	0	0	0	0	0	0	0	CATCT
chr7	55242484	1	T	1	0	0	0	0	0	0	0	0	0	0	ATCTC
chr7	55242485	1	C	1	0	0	0	0	0	0	0	0	0	0	TCTCC
chr7	55242486	1	T	1	0	0	0	0	0	0	0	0	0	0	CTCCG
chr7	55242487	1	C	1	0	0	0	0	0	0	0	0	0	0	TCCGA
chr7	55242488	1	C	1	0	0	0	0	0	0	0	0	0	0	CCGAA
chr7	55242489	1	G	1	0	0	0	0	0	0	0	0	0	0	CGAAA
chr7	55242490	1	A	1	0	0	0	0	0	0	0	0	0	0	GAAAG
chr7	55242491	1	A	1	0	0	0	0	0	0	0	0	0	0	AAAGC
chr7	55242492	1	A	1	0	0	0	0	0	0	0	0	0	0	AAGCC
chr7	55242493	1	G	1	0	0	0	0	0	0	0	0	0	0	AGCCA
chr7	55242494	1	C	1	0	0	0	0	0	0	0	0	0	0	GCCAA
chr7	55242495	1	C	1	0	0	0	0	0	0	0	0	0	0	CCAAC
chr7	55242496	1	A	1	0	0	0	0	0	0	0	0	0	0	CAACA
chr7	55242497	1	A	1	0	0	0	0	0	0	0	0	0	0	AACAA
chr7	55242498	1	C	1	0	0	0	0	0	0	0	0	0	0	ACAAG
chr7	55242499	1	A	1	0	0	0	0	0	0	0	0	0	0	CAAGG
chr7	55242500	1	A	1	0	0	0	0	0	0	0	0	0	0	AAGGA
chr7	55242501	1	G	1	0	0	0	0	0	0	0	0	0	0	AGGAA
chr7	55242502	1	G	1	0	0	0	0	0	0	0	0	0	0	GGAAA
chr7	55242503	1	A	1	0	0	0	0	0	0	0	0	0	0	GAAAT
chr7	55242504	1	A	1	0	0	0	0	0	0	0	0	0	0	AAATC
chr7	55242505	1	A	1	0	0	0	0	0	0	0	0	0	0	AATCC
chr7	55242506	1	T	1	0	0	0	0	0	0	0	0	0	0	ATCCT
chr7	55242507	1	C	1	0	0	0	0	0	0	0	0	0	0	TCCTC
chr7	55242508	1	C	1	0	0	0	0	0	0	0	0	0	0	CCTCG
chr7	55242509	1	T	1	0	0	0	0	0	0	0	0	0	0	CTCGA
chr7	55242510	1	C	1	0	0	0	0	0	0	0	0	0	0	TCGAT
chr7	55242511	1	G	1	0	0	0	0	0	0	0	0	0	0	CGATG
chr7	55242512	1	A	1	0	0	0	0	0	0	0	0	0	0	GATGT
chr7	55242513	1	T	1	0	0	0	0	0	0	0	0	0	0	ATGTG
chr7	55248986	1	G	1	0	0	0	0	0	0	0	0	0	0	GGAAG
chr7	55248987	1	A	1	0	0	0	0	0	0	0	0	0	0	GAAGC
chr7	55248988	1	A	1	0	0	0	0	0	0	0	0	0	0	AAGCC
chr7	55248989	1	G	1	0	0	0	0	0	0	0	0	0	0	AGCCT
chr7	55248990	1	C	1	0	0	0	0	0	0	0	0	0	0	GCCTA
chr7	55248991	1	C	1	0	0	0	0	0	0	0	0	0	0	CCTAC
chr7	55248992	1	T	1	0	0	0	0	0	0	0	0	0	0	CTACG
chr7	55248993	1	A	1	0	0	0	0	0	0	0	0	0	0	TACGT
chr7	55248994	1	C	1	0	0	0	0	0	0	0	0	0	0	ACGTG
chr7	55248995	1	G	1	0	0	0	0	0	0	0	0	0	0	CGTGA
chr7	55248996	1	T	1	0	0	0	0	0	0	0	0	0	0	GTGAT
chr7	55248997	1	G	1	0	0	0	0	0	0	0	0	0	0	TGATG
chr7	55248998	1	A	1	0	0	0	0	0	0	0	0	0	0	GATGG
chr7	55248999	1	T	1	0	0	0	0	0	0	0	0	0	0	ATGGC
chr7	55249000	1	G	1	0	0	0	0	0	0	0	0	0	0	TGGCC
chr7	55249001	1	G	1	0	0	0	0	0	0	0	0	0	0	GGCCA
chr7	55249002	1	C	1	0	0	0	0	0	0	0	0	0	0	GCCAG
chr7	55249003	1	C	1	0	0	0	0	0	0	0	0	0	0	CCAGC
chr7	55249004	1	A	1	0	0	0	0	0	0	0	0	0	0	CAGCG
chr7	55249005	1	G	1	0	0	0	0	0	0	0	0	0	0	AGCGT
chr7	55249006	1	C	1	0	0	0	0	0	0	0	0	0	0	GCGTG
chr7	55249007	1	G	1	0	0	0	0	0	0	0	0	0	0	CGTGG
chr7	55249008	1	T	1	0	0	0	0	0	0	0	0	0	0	GTGGA
chr7	55249009	1	G	1	0	0	0	0	0	0	0	0	0	0	TGGAC
chr7	55249010	1	G	1	0	0	0	0	0	0	0	0	0	0	GGACA
chr7	55249011	1	A	1	0	0	0	0	0	0	0	0	0	0	GACAA
chr7	55249012	1	C	1	0	0	0	0	0	0	0	0	0	0	ACAAC
chr7	55249013	1	A	1	0	0	0	0	0	0	0	0	0	0	CAACC
chr7	55249014	1	A	1	0	0	0	0	0	0	0	0	0	0	AACCC
chr7	55249015	1	C	1	0	0	0	0	0	0	0	0	0	0	ACCCC
chr7	55249016	1	C	1	0	0	0	0	0	0	0	0	0	0	CCCCC
chr7	55249017	1	C	1	0	0	0	0	0	0	0	0	0	0	CCCCA
chr7	55249018	1	C	1	0	0	0	0	0	0	0	0	0	0	CCCAC
chr7	55249019	1	C	1	0	0	0	0	0	0	0	0	0	0	CCACG
chr7	55249020	1	A	1	0	0	0	0	0	0	0	0	0	0	CACGT
chr7	55249021	1	C	1	0	0	0	0	0	0	0	0	0	0	ACGTG
chr7	55249022	1	G	1	0	0	0	0	0	0	0	0	0	0	CGTGT
chr7	55249023	1	T	1	0	0	0	0	0	0	0	0	0	0	GTGTG
chr7	55249024	1	G	1	0	0	0	0	0	0	0	0	0	0	TGTGC
chr7	55249025	1	T	1	0	0	0	0	0	0	0	0	0	0	GTGCC
chr7	55249026	1	G	1	0	0	0	0	0	0	0	0	0	0	TGCCG
chr7	55249027	1	C	1	0	0	0	0	0	0	0	0	0	0	GCCGC
chr7	55249028	2	C	2	0	0	0	0	0	0	0	0	0	0	CCGCC
chr7	55249029	2	G	2	0	0	0	0	0	0	0	0	0	0	CGCCT
chr7	55249030	2	C	2	0	0	0	0	0	0	0	0	0	0	GCCTG
chr7	55249031	2	C	2	0	0	0	0	0	0	0	0	0	0	CCTGC
chr7	55249032	2	T	2	0	0	0	0	0	0	0	0	0	0	CTGCT
chr7	55249033	2	G	2	0	0	0	0	0	0	0	0	0	0	TGCTG
chr7	55249034	2	C	2	0	0	0	0	0	0	0	0	0	0	GCTGG
chr7	55249035	2	T	2	0	0	0	0	0	0	0	0	0	0	CTGGG
chr7	55249036	2	G	2	0	0	0	0	0	0	0	0	0	0	TGGGC
chr7	55249037	2	G	2	0	0	0	0	0	0	0	0	0	0	GGGCA
chr7	55249038	2	G	2	0	0	0	0	0	0	0	0	0	0	GGCAT
chr7	55249039	2	C	2	0	0	0	0	0	0	0	0	0	0	GCATC
chr7	55249040	2	A	2	0	0	0	0	0	0	0	0	0	0	CATCT
chr7	55249041	2	T	2	0	0	0	0	0	0	0	0	0	0	ATCTG
chr7	55249042	2	C	2	0	0	0	0	0	0	0	0	0	0	TCTGC
chr7	55249043	2	T	2	0	0	0	0	0	0	0	0	0	0	CTGCC
chr7	55249044	2	G	2	0	0	0	0	0	0	0	0	0	0	TGCCT
chr7	55249045	2	C	2	0	0	0	0	0	0	0	0	0	0	GCCTC
chr7	55249046	2	C	2	0	0	0	0	0	0	0	0	0	0	CCTCA
chr7	55249047	2	T	2	0	0	0	0	0	0	0	0	0	0	CTCAC
chr7	55249048	2	C	2	0	0	0	0	0	0	0	0	0	0	TCACC
chr7	55249049	2	A	2	0	0	0	0	0	0	0	0	0	0	CACCT
chr7	55249050	2	C	2	0	0	0	0	0	0	0	0	0	0	ACCTC
chr7	55249051	2	C	2	0	0	0	0	0	0	0	0	0	0	CCTCC
chr7	55249052	2	T	2	0	0	0	0	0	0	0	0	0	0	CTCCA
chr7	55249053	2	C	2	0	0	0	0	0	0	0	0	0	0	TCCAC
chr7	55249054	2	C	2	0	0	0	0	0	0	0	0	0	0	CCACC
chr7	55249055	2	A	2	0	0	0	0	0	0	0	0	0	0	CACCG
chr7	55249056	2	C	2	0	0	0	0	0	0	0	0	0	0	ACCGT
chr7	55249057	2	C	2	0	0	0	0	0	0	0	0	0	0	CCGTG
chr7	55249058	2	G	2	0	0	0	0	0	0	0	0	0	0	CGTGC
chr7	55249059	2	T	2	0	0	0	0	0	0	0	0	0	0	GTGCA
chr7	55249060	2	G	2	0	0	0	0	0	0	0	0	0	0	TGCAG
chr7	55249061	2	C	2	0	0	0	0	0	0	0	0	0	0	GCAGC
chr7	55249062	3	A	2	1	0	0	0	0	0	0	0	0	0	CAGCT
chr7	55249063	2	G	0	0	1	1	0	0	0	0	0	0	0	AGCTC
chr7	55249064	2	C	1	1	0	0	0	0	0	0	0	0	0	GCTCA
chr7	55249065	3	T	2	1	0	0	0	0	0	0	0	0	0	CTCAT
chr7	55249066	3	C	2	1	0	0	0	0	0	0	0	0	0	TCATC
chr7	55249067	3	A	2	1	0	0	0	0	0	0	0	0	0	CATCA
chr7	55249068	3	T	2	1	0	0	0	0	0	0	0	0	0	ATCAC
chr7	55249069	3	C	2	1	0	0	0	0	0	0	0	0	0	TCACG
chr7	55249070	3	A	2	1	0	0	0	0	0	0	0	0	0	CACGC
chr7	55249071	3	C	1	0	0	0	0	0	1	1	0	0	0	ACGCA
chr7	55249072	3	G	2	1	0	0	0	0	0	0	0	0	0	CGCAG
chr7	55249073	2	C	1	1	0	0	0	0	0	0	0	0	0	GCAGC
chr7	55249074	3	A	2	1	0	0	0	0	0	0	0	0	0	CAGCT
chr7	55249075	3	G	2	1	0	0	0	0	0	0	0	0	0	AGCTC
chr7	55249076	3	C	2	1	0	0	0	0	0	0	0	0	0	GCTCA
chr7	55249077	2	T	2	0	0	0	0	0	0	0	0	0	0	CTCAT
chr7	55249078	2	C	2	0	0	0	0	0	0	0	0	0	0	TCATG
chr7	55249079	2	A	2	0	0	0	0	0	0	0	0	0	0	CATGC
chr7	55249080	2	T	2	0	0	0	0	0	0	0	0	0	0	ATGCC
chr7	55249081	2	G	2	0	0	0	0	0	0	0	0	0	0	TGCCC
chr7	55249082	3	C	3	0	0	0	0	0	0	0	0	0	0	GCCCT
chr7	55249083	3	C	3	0	0	0	0	0	0	0	0	0	0	CCCTT
chr7	55249084	3	C	3	0	0	0	0	0	0	0	0	0	0	CCTTC
chr7	55249085	3	T	3	0	0	0	0	0	0	0	0	0	0	CTTCG
chr7	55249086	3	T	3	0	0	0	0	0	0	0	0	0	0	TTCGG
chr7	55249087	3	C	3	0	0	0	0	0	0	0	0	0	0	TCGGC
chr7	55249088	3	G	3	0	0	0	0	0	0	0	0	0	0	CGGCT
chr7	55249089	3	G	3	0	0	0	0	0	0	0	0	0	0	GGCTG
chr7	55249090	3	C	3	0	0	0	0	0	0	0	0	0	0	GCTGC
chr7	55249091	3	T	2	0	1	0	0	0	0	0	0	0	0	CTGCC
chr7	55249092	3	G	3	0	0	0	0	0	0	0	0	0	0	TGCCT
chr7	55249093	3	C	3	0	0	0	0	0	0	0	0	0	0	GCCTC
chr7	55249094	3	C	3	0	0	0	0	0	0	0	0	0	0	CCTCC
chr7	55249095	3	T	3	0	0	0	0	0	0	0	0	0	0	CTCCT
chr7	55249096	3	C	3	0	0	0	0	0	0	0	0	0	0	TCCTG
chr7	55249097	3	C	3	0	0	0	0	0	0	0	0	0	0	CCTGG
chr7	55249098	3	T	3	0	0	0	0	0	0	0	0	0	0	CTGGA
chr7	55249099	3	G	3	0	0	0	0	0	0	0	0	0	0	TGGAC
chr7	55249100	4	G	4	0	0	0	0	0	0	0	0	0	0	GGACT
chr7	55249101	4	A	3	0	0	0	0	0	0	0	1	0	0	GACTA
chr7	55249102	4	C	4	0	0	0	0	0	0	0	0	0	0	ACTAT
chr7	55249103	4	T	4	0	0	0	0	0	0	0	0	0	0	CTATG
chr7	55249104	4	A	4	0	0	0	0	0	0	0	0	0	0	TATGT
chr7	55249105	4	T	4	0	0	0	0	0	0	0	0	0	0	ATGTC
chr7	55249106	4	G	4	0	0	0	0	0	0	0	0	0	0	TGTCC
chr7	55249107	4	T	4	0	0	0	0	0	0	0	0	0	0	GTCCG
chr7	55249108	4	C	4	0	0	0	0	0	0	0	0	0	0	TCCGG
chr7	55249109	4	C	4	0	0	0	0	0	0	0	0	0	0	CCGGG
chr7	55249110	4	G	4	0	0	0	0	0	0	0	0	0	0	CGGGA
chr7	55249111	4	G	4	0	0	0	0	0	0	0	0	0	0	GGGAA
chr7	55249112	4	G	4	0	0	0	0	0	0	0	0	0	0	GGAAC
chr7	55249113	4	A	4	0	0	0	0	0	0	0	0	0	0	GAACA
chr7	55249114	4	A	4	0	0	0	0	0	0	0	0	0	0	AACAC
chr7	55249115	4	C	4	0	0	0	0	0	0	0	0	0	0	ACACA
chr7	55249116	4	A	4	0	0	0	0	0	0	0	0	0	0	CACAA
chr7	55249117	4	C	4	0	0	0	0	0	0	0	0	0	0	ACAAA
chr7	55249118	4	A	4	0	0	0	0	0	0	0	0	0	0	CAAAG
chr7	55249119	3	A	3	0	0	0	0	0	0	0	0	0	0	AAAGA
chr7	55249120	4	A	4	0	0	0	0	0	0	0	0	0	0	AAGAC
chr7	55249121	4	G	4	0	0	0	0	0	0	0	0	0	0	AGACA
chr7	55249122	4	A	4	0	0	0	0	0	0	0	0	0	0	GACAA
chr7	55249123	4	C	4	0	0	0	0	0	0	0	0	0	0	ACAAT
chr7	55249124	4	A	4	0	0	0	0	0	0	0	0	0	0	CAATA
chr7	55249125	4	A	4	0	0	0	0	0	0	0	0	0	0	AATAT
chr7	55249126	4	T	4	0	0	0	0	0	0	0	0	0	0	ATATT
chr7	55249127	4	A	4	0	0	0	0	0	0	0	0	0	0	TATTG
chr7	55249128	4	T	4	0	0	0	0	0	0	0	0	0	0	ATTGG
chr7	55249129	4	T	4	0	0	0	0	0	0	0	0	0	0	TTGGC
chr7	55249130	4	G	4	0	0	0	0	0	0	0	0	0	0	TGGCT
chr7	55249131	4	G	4	0	0	0	0	0	0	0	0	0	0	GGCTC
chr7	55249132	4	C	4	0	0	0	0	0	0	0	0	0	0	GCTCC
chr7	55249133	4	T	3	1	0	0	0	0	0	0	0	0	0	CTCCC
chr7	55249134	4	C	3	1	0	0	0	0	0	0	0	0	0	TCCCA
chr7	55249135	4	C	3	1	0	0	0	0	0	0	0	0	0	CCCAG
chr7	55249136	4	C	3	1	0	0	0	0	0	0	0	0	0	CCAGT
chr7	55249137	4	A	3	1	0	0	0	0	0	0	0	0	0	CAGTA
chr7	55249138	4	G	3	1	0	0	0	0	0	0	0	0	0	AGTAC
chr7	55249139	4	T	3	1	0	0	0	0	0	0	0	0	0	GTACC
chr7	55249140	4	A	3	1	0	0	0	0	0	0	0	0	0	TACCT
chr7	55249141	4	C	3	1	0	0	0	0	0	0	0	0	0	ACCTG
chr7	55249142	4	C	3	1	0	0	0	0	0	0	0	0	0	CCTGC
chr7	55249143	4	T	3	1	0	0	0	0	0	0	0	0	0	CTGCT
chr7	55249144	4	G	3	1	0	0	0	0	0	0	0	0	0	TGCTC
chr7	55249145	4	C	3	1	0	0	0	0	0	0	0	0	0	GCTCA
chr7	55249146	4	T	3	1	0	0	0	0	0	0	0	0	0	CTCAA
chr7	55249147	3	C	2	1	0	0	0	0	0	0	0	0	0	TCAAC
chr7	55249148	3	A	2	1	0	0	0	0	0	0	0	0	0	CAACT
chr7	55249149	3	A	2	1	0	0	0	0	0	0	0	0	0	AACTG
chr7	55249150	3	C	2	1	0	0	0	0	0	0	0	0	0	ACTGG
chr7	55249151	3	T	2	1	0	0	0	0	0	0	0	0	0	CTGGT
chr7	55249152	3	G	2	1	0	0	0	0	0	0	0	0	0	TGGTG
chr7	55249153	3	G	2	1	0	0	0	0	0	0	0	0	0	GGTGT
chr7	55249154	3	T	2	1	0	0	0	0	0	0	0	0	0	GTGTG
chr7	55249155	3	G	2	1	0	0	0	0	0	0	0	0	0	TGTGT
chr7	55249156	3	T	2	1	0	0	0	0	0	0	0	0	0	GTGTG
chr7	55249157	3	G	2	1	0	0	0	0	0	0	0	0	0	TGTGC
chr7	55249158	3	T	2	1	0	0	0	0	0	0	0	0	0	GTGCA
chr7	55249159	3	G	2	1	0	0	0	0	0	0	0	0	0	TGCAG
chr7	55249160	3	C	2	1	0	0	0	0	0	0	0	0	0	GCAGA
chr7	55249161	3	A	2	1	0	0	0	0	0	0	0	0	0	CAGAT
chr7	55249162	3	G	2	1	0	0	0	0	0	0	0	0	0	AGATC
chr7	55249163	3	A	2	1	0	0	0	0	0	0	0	0	0	GATCG
chr7	55249164	3	T	2	1	0	0	0	0	0	0	0	0	0	ATCGC
chr7	55249165	3	C	2	1	0	0	0	0	0	0	0	0	0	TCGCA
chr7	55249166	3	G	2	1	0	0	0	0	0	0	0	0	0	CGCAA
chr7	55249167	3	C	2	1	0	0	0	0	0	0	0	0	0	GCAAA
chr7	55249168	3	A	2	1	0	0	0	0	0	0	0	0	0	CAAAG
chr7	55249169	3	A	2	1	0	0	0	0	0	0	0	0	0	AAAGG
chr7	55249170	3	A	2	1	0	0	0	0	0	0	0	0	0	AAGGT
chr7	55249171	3	G	2	1	0	0	0	0	0	0	0	0	0	AGGTA
chr7	55259514	1	C	1	0	0	0	0	0	0	0	0	0	0	GCTGG
chr7	55259515	1	T	1	0	0	0	0	0	0	0	0	0	0	CTGGC
chr7	55259516	1	G	1	0	0	0	0	0	0	0	0	0	0	TGGCC
chr7	55259523	1	C	1	0	0	0	0	0	0	0	0	0	0	ACTGC
chr7	55259524	1	T	1	0	0	0	0	0	0	0	0	0	0	CTGCT
chr7	55259525	1	G	1	0	0	0	0	0	0	0	0	0	0	TGCTG
chr7	140453135	223	C	103	120	0	0	0	0	0	0	0	0	0	TCACT
chr7	140453136	229	A	105	124	0	0	0	0	0	0	0	0	0	CACTG
chr7	140453137	222	C	104	114	0	1	0	0	0	3	0	0	0	ACTGT
chr12	336831	1	A	1	0	0	0	0	0	0	0	0	0	0	CACAC
chr12	25380274	207	C	125	82	0	0	0	0	0	0	0	0	0	TCTTG
chr12	25380275	207	T	124	83	0	0	0	0	0	0	0	0	0	CTTGA
chr12	25380276	213	T	127	85	0	0	1	0	0	0	0	0	0	TTGAC
chr12	25380277	214	G	129	85	0	0	0	0	0	0	0	0	0	TGACC
chr12	25380278	213	A	127	86	0	0	0	0	0	0	0	0	0	GACCT
chr12	25398283	290	A	111	178	0	0	1	0	0	0	0	0	0	CACCA
chr12	25398284	295	C	111	183	0	0	0	0	1	0	0	0	0	ACCAG
chr12	25398285	292	C	109	183	0	0	0	0	0	0	0	0	0	CCAGC
chr12	25398286	293	A	111	182	0	0	0	0	0	0	0	0	0	CAGCT
