CHR	POS	DEPTH	REF	R+	R-	A+	A-	C+	C-	T+	T-	G+	G-	PAD	MOTIF
chr7	1022987	1	T	1	0	0	0	0	0	0	0	0	0	0	CTGCG
chr7	55241706	9	G	6	3	0	0	0	0	0	0	0	0	0	TGGGC
chr7	55241707	9	G	6	3	0	0	0	0	0	0	0	0	0	GGGCT
chr7	55241708	9	G	6	3	0	0	0	0	0	0	0	0	0	GGCTC
chr7	55241709	9	C	6	3	0	0	0	0	0	0	0	0	0	GCTCC
chr7	55242415	6	G	2	4	0	0	0	0	0	0	0	0	0	GGGAC
chr7	55242416	6	G	2	4	0	0	0	0	0	0	0	0	0	GGACT
chr7	55242417	6	A	2	4	0	0	0	0	0	0	0	0	0	GACTC
chr7	55242418	6	C	1	4	0	0	0	0	1	0	0	0	0	ACTCT
chr7	55242419	6	T	2	4	0	0	0	0	0	0	0	0	0	CTCTG
chr7	55242420	6	C	2	4	0	0	0	0	0	0	0	0	0	TCTGG
chr7	55242421	6	T	2	4	0	0	0	0	0	0	0	0	0	CTGGA
chr7	55242422	6	G	2	4	0	0	0	0	0	0	0	0	0	TGGAT
chr7	55242423	6	G	2	4	0	0	0	0	0	0	0	0	0	GGATC
chr7	55242424	6	A	2	4	0	0	0	0	0	0	0	0	0	GATCC
chr7	55242425	6	T	2	4	0	0	0	0	0	0	0	0	0	ATCCC
chr7	55242426	6	C	2	4	0	0	0	0	0	0	0	0	0	TCCCA
chr7	55242427	6	C	2	4	0	0	0	0	0	0	0	0	0	CCCAG
chr7	55242428	6	C	2	4	0	0	0	0	0	0	0	0	0	CCAGA
chr7	55242429	5	A	2	3	0	0	0	0	0	0	0	0	0	CAGAA
chr7	55242430	5	G	2	3	0	0	0	0	0	0	0	0	0	AGAAG
chr7	55242431	5	A	2	3	0	0	0	0	0	0	0	0	0	GAAGG
chr7	55242432	5	A	2	3	0	0	0	0	0	0	0	0	0	AAGGT
chr7	55242433	5	G	2	3	0	0	0	0	0	0	0	0	0	AGGTG
chr7	55242434	5	G	2	3	0	0	0	0	0	0	0	0	0	GGTGA
chr7	55242435	5	T	2	3	0	0	0	0	0	0	0	0	0	GTGAG
chr7	55242436	5	G	2	3	0	0	0	0	0	0	0	0	0	TGAGA
chr7	55242437	5	A	2	3	0	0	0	0	0	0	0	0	0	GAGAA
chr7	55242438	5	G	2	3	0	0	0	0	0	0	0	0	0	AGAAA
chr7	55242439	5	A	2	3	0	0	0	0	0	0	0	0	0	GAAAG
chr7	55242440	5	A	2	3	0	0	0	0	0	0	0	0	0	AAAGT
chr7	55242441	5	A	2	3	0	0	0	0	0	0	0	0	0	AAGTT
chr7	55242442	5	G	2	3	0	0	0	0	0	0	0	0	0	AGTTA
chr7	55242443	5	T	3	2	0	0	0	0	0	0	0	0	0	GTTAA
chr7	55242444	5	T	3	2	0	0	0	0	0	0	0	0	0	TTAAA
chr7	55242445	5	A	3	2	0	0	0	0	0	0	0	0	0	TAAAA
chr7	55242446	5	A	3	2	0	0	0	0	0	0	0	0	0	AAAAT
chr7	55242447	6	A	3	3	0	0	0	0	0	0	0	0	0	AAATT
chr7	55242448	5	A	2	3	0	0	0	0	0	0	0	0	0	AATTC
chr7	55242449	5	T	2	3	0	0	0	0	0	0	0	0	0	ATTCC
chr7	55242450	5	T	2	3	0	0	0	0	0	0	0	0	0	TTCCC
chr7	55242451	3	C	1	2	0	0	0	0	0	0	0	0	0	TCCCG
chr7	55242452	5	C	2	3	0	0	0	0	0	0	0	0	0	CCCGT
chr7	55242453	5	C	2	3	0	0	0	0	0	0	0	0	0	CCGTC
chr7	55242454	4	G	2	2	0	0	0	0	0	0	0	0	0	CGTCG
chr7	55242455	4	T	2	2	0	0	0	0	0	0	0	0	0	GTCGC
chr7	55242456	4	C	2	2	0	0	0	0	0	0	0	0	0	TCGCT
chr7	55242457	3	G	2	1	0	0	0	0	0	0	0	0	0	CGCTA
chr7	55242458	4	C	2	2	0	0	0	0	0	0	0	0	0	GCTAT
chr7	55242459	4	T	2	2	0	0	0	0	0	0	0	0	0	CTATC
chr7	55242460	4	A	2	2	0	0	0	0	0	0	0	0	0	TATCA
chr7	55242461	4	T	2	2	0	0	0	0	0	0	0	0	0	ATCAA
chr7	55242462	4	C	2	2	0	0	0	0	0	0	0	0	0	TCAAG
chr7	55242463	4	A	2	2	0	0	0	0	0	0	0	0	0	CAAGG
chr7	55242464	4	A	2	2	0	0	0	0	0	0	0	0	0	AAGGA
chr7	55242465	3	G	2	1	0	0	0	0	0	0	0	0	0	AGGAA
chr7	55242466	4	G	2	1	0	0	0	0	0	0	0	0	0	GGAAT
chr7	55242467	4	A	1	2	0	0	0	0	0	0	0	0	0	GAATT
chr7	55242468	4	A	1	2	0	0	0	0	0	0	0	0	0	AATTA
chr7	55242469	4	T	1	2	0	0	0	0	0	0	0	0	0	ATTAA
chr7	55242470	4	T	1	2	0	0	0	0	0	0	0	0	0	TTAAG
chr7	55242471	4	A	1	2	0	0	0	0	0	0	0	0	0	TAAGA
chr7	55242472	4	A	1	2	0	0	0	0	0	0	0	0	0	AAGAG
chr7	55242473	4	G	1	2	0	0	0	0	0	0	0	0	0	AGAGA
chr7	55242474	4	A	1	2	0	0	0	0	0	0	0	0	0	GAGAA
chr7	55242475	4	G	1	2	0	0	0	0	0	0	0	0	0	AGAAG
chr7	55242476	4	A	1	2	0	0	0	0	0	0	0	0	0	GAAGC
chr7	55242477	4	A	1	2	0	0	0	0	0	0	0	0	0	AAGCA
chr7	55242478	4	G	1	2	0	0	0	0	0	0	0	0	0	AGCAA
chr7	55242479	4	C	1	2	0	0	0	0	0	0	0	0	0	GCAAC
chr7	55242480	4	A	1	2	0	0	0	0	0	0	0	0	0	CAACA
chr7	55242481	5	A	2	3	0	0	0	0	0	0	0	0	0	AACAT
chr7	55242482	5	C	2	3	0	0	0	0	0	0	0	0	0	ACATC
chr7	55242483	5	A	2	3	0	0	0	0	0	0	0	0	0	CATCT
chr7	55242484	5	T	2	3	0	0	0	0	0	0	0	0	0	ATCTC
chr7	55242485	5	C	2	3	0	0	0	0	0	0	0	0	0	TCTCC
chr7	55242486	5	T	2	3	0	0	0	0	0	0	0	0	0	CTCCG
chr7	55242487	4	C	2	2	0	0	0	0	0	0	0	0	0	TCCGA
chr7	55242488	4	C	2	2	0	0	0	0	0	0	0	0	0	CCGAA
chr7	55242489	5	G	2	3	0	0	0	0	0	0	0	0	0	CGAAA
chr7	55242490	5	A	2	3	0	0	0	0	0	0	0	0	0	GAAAG
chr7	55242491	5	A	2	3	0	0	0	0	0	0	0	0	0	AAAGC
chr7	55242492	5	A	2	3	0	0	0	0	0	0	0	0	0	AAGCC
chr7	55242493	5	G	2	3	0	0	0	0	0	0	0	0	0	AGCCA
chr7	55242494	5	C	2	3	0	0	0	0	0	0	0	0	0	GCCAA
chr7	55242495	5	C	2	2	0	0	0	0	0	1	0	0	0	CCAAC
chr7	55242496	5	A	2	3	0	0	0	0	0	0	0	0	0	CAACA
chr7	55242497	5	A	2	3	0	0	0	0	0	0	0	0	0	AACAA
chr7	55242498	5	C	2	3	0	0	0	0	0	0	0	0	0	ACAAG
chr7	55242499	5	A	2	3	0	0	0	0	0	0	0	0	0	CAAGG
chr7	55242500	6	A	2	4	0	0	0	0	0	0	0	0	0	AAGGA
chr7	55242501	5	G	2	3	0	0	0	0	0	0	0	0	0	AGGAA
chr7	55242502	5	G	2	3	0	0	0	0	0	0	0	0	0	GGAAA
chr7	55242503	5	A	2	3	0	0	0	0	0	0	0	0	0	GAAAT
chr7	55242504	5	A	2	3	0	0	0	0	0	0	0	0	0	AAATC
chr7	55242505	5	A	2	3	0	0	0	0	0	0	0	0	0	AATCC
chr7	55242506	5	T	2	3	0	0	0	0	0	0	0	0	0	ATCCT
chr7	55242507	5	C	2	3	0	0	0	0	0	0	0	0	0	TCCTC
chr7	55242508	5	C	2	3	0	0	0	0	0	0	0	0	0	CCTCG
chr7	55242509	5	T	2	3	0	0	0	0	0	0	0	0	0	CTCGA
chr7	55242510	5	C	2	3	0	0	0	0	0	0	0	0	0	TCGAT
chr7	55242511	5	G	2	3	0	0	0	0	0	0	0	0	0	CGATG
chr7	55242512	5	A	2	3	0	0	0	0	0	0	0	0	0	GATGT
chr7	55242513	5	T	2	3	0	0	0	0	0	0	0	0	0	ATGTG
chr7	55248986	10	G	7	3	0	0	0	0	0	0	0	0	0	GGAAG
chr7	55248987	10	A	7	3	0	0	0	0	0	0	0	0	0	GAAGC
chr7	55248988	10	A	7	3	0	0	0	0	0	0	0	0	0	AAGCC
chr7	55248989	10	G	7	3	0	0	0	0	0	0	0	0	0	AGCCT
chr7	55248990	10	C	7	3	0	0	0	0	0	0	0	0	0	GCCTA
chr7	55248991	10	C	7	3	0	0	0	0	0	0	0	0	0	CCTAC
chr7	55248992	10	T	7	3	0	0	0	0	0	0	0	0	0	CTACG
chr7	55248993	9	A	7	2	0	0	0	0	0	0	0	0	0	TACGT
chr7	55248994	9	C	7	2	0	0	0	0	0	0	0	0	0	ACGTG
chr7	55248995	9	G	7	2	0	0	0	0	0	0	0	0	0	CGTGA
chr7	55248996	9	T	7	2	0	0	0	0	0	0	0	0	0	GTGAT
chr7	55248997	9	G	7	2	0	0	0	0	0	0	0	0	0	TGATG
chr7	55248998	9	A	6	3	0	0	0	0	0	0	0	0	0	GATGG
chr7	55248999	9	T	6	3	0	0	0	0	0	0	0	0	0	ATGGC
chr7	55249000	9	G	6	3	0	0	0	0	0	0	0	0	0	TGGCC
chr7	55249001	9	G	6	3	0	0	0	0	0	0	0	0	0	GGCCA
chr7	55249002	9	C	6	3	0	0	0	0	0	0	0	0	0	GCCAG
chr7	55249003	9	C	6	3	0	0	0	0	0	0	0	0	0	CCAGC
chr7	55249004	9	A	6	3	0	0	0	0	0	0	0	0	0	CAGCG
chr7	55249005	9	G	6	3	0	0	0	0	0	0	0	0	0	AGCGT
chr7	55249006	9	C	6	3	0	0	0	0	0	0	0	0	0	GCGTG
chr7	55249007	9	G	6	3	0	0	0	0	0	0	0	0	0	CGTGG
chr7	55249008	9	T	6	3	0	0	0	0	0	0	0	0	0	GTGGA
chr7	55249009	9	G	6	3	0	0	0	0	0	0	0	0	0	TGGAC
chr7	55249010	9	G	6	3	0	0	0	0	0	0	0	0	0	GGACA
chr7	55249011	9	A	5	4	0	0	0	0	0	0	0	0	0	GACAA
chr7	55249012	9	C	5	4	0	0	0	0	0	0	0	0	0	ACAAC
chr7	55249013	9	A	5	4	0	0	0	0	0	0	0	0	0	CAACC
chr7	55249014	9	A	5	4	0	0	0	0	0	0	0	0	0	AACCC
chr7	55249015	9	C	5	4	0	0	0	0	0	0	0	0	0	ACCCC
chr7	55249016	9	C	5	4	0	0	0	0	0	0	0	0	0	CCCCC
chr7	55249017	9	C	5	4	0	0	0	0	0	0	0	0	0	CCCCA
chr7	55249018	9	C	5	4	0	0	0	0	0	0	0	0	0	CCCAC
chr7	55249019	9	C	5	4	0	0	0	0	0	0	0	0	0	CCACG
chr7	55249020	9	A	5	4	0	0	0	0	0	0	0	0	0	CACGT
chr7	55249021	9	C	5	4	0	0	0	0	0	0	0	0	0	ACGTG
chr7	55249022	9	G	5	4	0	0	0	0	0	0	0	0	0	CGTGT
chr7	55249023	8	T	4	4	0	0	0	0	0	0	0	0	0	GTGTG
chr7	55249024	9	G	5	4	0	0	0	0	0	0	0	0	0	TGTGC
chr7	55249025	9	T	5	4	0	0	0	0	0	0	0	0	0	GTGCC
chr7	55249026	9	G	5	4	0	0	0	0	0	0	0	0	0	TGCCG
chr7	55249027	10	C	7	3	0	0	0	0	0	0	0	0	0	GCCGC
chr7	55249028	10	C	7	3	0	0	0	0	0	0	0	0	0	CCGCC
chr7	55249029	10	G	7	3	0	0	0	0	0	0	0	0	0	CGCCT
chr7	55249030	10	C	7	3	0	0	0	0	0	0	0	0	0	GCCTG
chr7	55249031	11	C	8	3	0	0	0	0	0	0	0	0	0	CCTGC
chr7	55249032	10	T	8	2	0	0	0	0	0	0	0	0	0	CTGCT
chr7	55249033	10	G	8	2	0	0	0	0	0	0	0	0	0	TGCTG
chr7	55249034	10	C	8	2	0	0	0	0	0	0	0	0	0	GCTGG
chr7	55249035	10	T	8	2	0	0	0	0	0	0	0	0	0	CTGGG
chr7	55249036	9	G	8	1	0	0	0	0	0	0	0	0	0	TGGGC
chr7	55249037	9	G	8	1	0	0	0	0	0	0	0	0	0	GGGCA
chr7	55249038	9	G	8	1	0	0	0	0	0	0	0	0	0	GGCAT
chr7	55249039	9	C	8	1	0	0	0	0	0	0	0	0	0	GCATC
chr7	55249040	9	A	8	0	0	0	0	0	0	1	0	0	0	CATCT
chr7	55249041	9	T	8	1	0	0	0	0	0	0	0	0	0	ATCTG
chr7	55249042	8	C	7	1	0	0	0	0	0	0	0	0	0	TCTGC
chr7	55249043	8	T	7	1	0	0	0	0	0	0	0	0	0	CTGCC
chr7	55249044	8	G	7	1	0	0	0	0	0	0	0	0	0	TGCCT
chr7	55249045	7	C	6	1	0	0	0	0	0	0	0	0	0	GCCTC
chr7	55249046	7	C	6	1	0	0	0	0	0	0	0	0	0	CCTCA
chr7	55249047	7	T	6	1	0	0	0	0	0	0	0	0	0	CTCAC
chr7	55249048	7	C	6	1	0	0	0	0	0	0	0	0	0	TCACC
chr7	55249049	7	A	6	1	0	0	0	0	0	0	0	0	0	CACCT
chr7	55249050	7	C	6	1	0	0	0	0	0	0	0	0	0	ACCTC
chr7	55249051	7	C	6	1	0	0	0	0	0	0	0	0	0	CCTCC
chr7	55249052	8	T	6	2	0	0	0	0	0	0	0	0	0	CTCCA
chr7	55249053	7	C	5	2	0	0	0	0	0	0	0	0	0	TCCAC
chr7	55249054	7	C	5	2	0	0	0	0	0	0	0	0	0	CCACC
chr7	55249055	7	A	5	2	0	0	0	0	0	0	0	0	0	CACCG
chr7	55249056	7	C	5	2	0	0	0	0	0	0	0	0	0	ACCGT
chr7	55249057	7	C	5	2	0	0	0	0	0	0	0	0	0	CCGTG
chr7	55249058	7	G	5	2	0	0	0	0	0	0	0	0	0	CGTGC
chr7	55249059	7	T	5	2	0	0	0	0	0	0	0	0	0	GTGCA
chr7	55249060	7	G	5	2	0	0	0	0	0	0	0	0	0	TGCAG
chr7	55249061	7	C	4	3	0	0	0	0	0	0	0	0	0	GCAGC
chr7	55249062	7	A	4	3	0	0	0	0	0	0	0	0	0	CAGCT
chr7	55249063	7	G	2	1	2	2	0	0	0	0	0	0	0	AGCTC
chr7	55249064	7	C	4	3	0	0	0	0	0	0	0	0	0	GCTCA
chr7	55249065	7	T	4	3	0	0	0	0	0	0	0	0	0	CTCAT
chr7	55249066	7	C	4	3	0	0	0	0	0	0	0	0	0	TCATC
chr7	55249067	7	A	5	2	0	0	0	0	0	0	0	0	0	CATCA
chr7	55249068	7	T	5	2	0	0	0	0	0	0	0	0	0	ATCAC
chr7	55249069	7	C	5	2	0	0	0	0	0	0	0	0	0	TCACG
chr7	55249070	7	A	5	2	0	0	0	0	0	0	0	0	0	CACGC
chr7	55249071	7	C	5	2	0	0	0	0	0	0	0	0	0	ACGCA
chr7	55249072	7	G	5	2	0	0	0	0	0	0	0	0	0	CGCAG
chr7	55249073	7	C	5	1	0	0	0	0	0	1	0	0	0	GCAGC
chr7	55249074	7	A	4	3	0	0	0	0	0	0	0	0	0	CAGCT
chr7	55249075	7	G	4	3	0	0	0	0	0	0	0	0	0	AGCTC
chr7	55249076	8	C	5	3	0	0	0	0	0	0	0	0	0	GCTCA
chr7	55249077	7	T	4	3	0	0	0	0	0	0	0	0	0	CTCAT
chr7	55249078	6	C	4	2	0	0	0	0	0	0	0	0	0	TCATG
chr7	55249079	6	A	4	2	0	0	0	0	0	0	0	0	0	CATGC
chr7	55249080	8	T	5	3	0	0	0	0	0	0	0	0	0	ATGCC
chr7	55249081	8	G	5	3	0	0	0	0	0	0	0	0	0	TGCCC
chr7	55249082	8	C	5	3	0	0	0	0	0	0	0	0	0	GCCCT
chr7	55249083	8	C	5	3	0	0	0	0	0	0	0	0	0	CCCTT
chr7	55249084	8	C	5	3	0	0	0	0	0	0	0	0	0	CCTTC
chr7	55249085	8	T	5	3	0	0	0	0	0	0	0	0	0	CTTCG
chr7	55249086	8	T	5	3	0	0	0	0	0	0	0	0	0	TTCGG
chr7	55249087	8	C	5	3	0	0	0	0	0	0	0	0	0	TCGGC
chr7	55249088	8	G	5	3	0	0	0	0	0	0	0	0	0	CGGCT
chr7	55249089	8	G	5	3	0	0	0	0	0	0	0	0	0	GGCTG
chr7	55249090	8	C	5	3	0	0	0	0	0	0	0	0	0	GCTGC
chr7	55249091	8	T	5	3	0	0	0	0	0	0	0	0	0	CTGCC
chr7	55249092	8	G	5	3	0	0	0	0	0	0	0	0	0	TGCCT
chr7	55249093	8	C	5	3	0	0	0	0	0	0	0	0	0	GCCTC
chr7	55249094	8	C	5	3	0	0	0	0	0	0	0	0	0	CCTCC
chr7	55249095	8	T	5	3	0	0	0	0	0	0	0	0	0	CTCCT
chr7	55249096	8	C	5	3	0	0	0	0	0	0	0	0	0	TCCTG
chr7	55249097	8	C	5	3	0	0	0	0	0	0	0	0	0	CCTGG
chr7	55249098	8	T	5	3	0	0	0	0	0	0	0	0	0	CTGGA
chr7	55249099	8	G	5	3	0	0	0	0	0	0	0	0	0	TGGAC
chr7	55249100	8	G	5	3	0	0	0	0	0	0	0	0	0	GGACT
chr7	55249101	8	A	5	3	0	0	0	0	0	0	0	0	0	GACTA
chr7	55249102	8	C	5	3	0	0	0	0	0	0	0	0	0	ACTAT
chr7	55249103	9	T	5	4	0	0	0	0	0	0	0	0	0	CTATG
chr7	55249104	9	A	4	5	0	0	0	0	0	0	0	0	0	TATGT
chr7	55249105	9	T	4	5	0	0	0	0	0	0	0	0	0	ATGTC
chr7	55249106	9	G	4	5	0	0	0	0	0	0	0	0	0	TGTCC
chr7	55249107	9	T	4	5	0	0	0	0	0	0	0	0	0	GTCCG
chr7	55249108	9	C	4	5	0	0	0	0	0	0	0	0	0	TCCGG
chr7	55249109	9	C	4	5	0	0	0	0	0	0	0	0	0	CCGGG
chr7	55249110	9	G	4	5	0	0	0	0	0	0	0	0	0	CGGGA
chr7	55249111	9	G	4	5	0	0	0	0	0	0	0	0	0	GGGAA
chr7	55249112	9	G	4	5	0	0	0	0	0	0	0	0	0	GGAAC
chr7	55249113	9	A	4	5	0	0	0	0	0	0	0	0	0	GAACA
chr7	55249114	9	A	4	5	0	0	0	0	0	0	0	0	0	AACAC
chr7	55249115	9	C	4	5	0	0	0	0	0	0	0	0	0	ACACA
chr7	55249116	9	A	4	5	0	0	0	0	0	0	0	0	0	CACAA
chr7	55249117	8	C	4	4	0	0	0	0	0	0	0	0	0	ACAAA
chr7	55249118	8	A	4	4	0	0	0	0	0	0	0	0	0	CAAAG
chr7	55249119	8	A	4	4	0	0	0	0	0	0	0	0	0	AAAGA
chr7	55249120	8	A	4	4	0	0	0	0	0	0	0	0	0	AAGAC
chr7	55249121	7	G	4	3	0	0	0	0	0	0	0	0	0	AGACA
chr7	55249122	7	A	4	3	0	0	0	0	0	0	0	0	0	GACAA
chr7	55249123	7	C	4	3	0	0	0	0	0	0	0	0	0	ACAAT
chr7	55249124	7	A	4	3	0	0	0	0	0	0	0	0	0	CAATA
chr7	55249125	7	A	4	3	0	0	0	0	0	0	0	0	0	AATAT
chr7	55249126	7	T	4	3	0	0	0	0	0	0	0	0	0	ATATT
chr7	55249127	6	A	4	2	0	0	0	0	0	0	0	0	0	TATTG
chr7	55249128	6	T	4	2	0	0	0	0	0	0	0	0	0	ATTGG
chr7	55249129	6	T	4	2	0	0	0	0	0	0	0	0	0	TTGGC
chr7	55249130	6	G	4	2	0	0	0	0	0	0	0	0	0	TGGCT
chr7	55249131	6	G	4	2	0	0	0	0	0	0	0	0	0	GGCTC
chr7	55249132	6	C	4	2	0	0	0	0	0	0	0	0	0	GCTCC
chr7	55249133	6	T	4	2	0	0	0	0	0	0	0	0	0	CTCCC
chr7	55249134	6	C	4	2	0	0	0	0	0	0	0	0	0	TCCCA
chr7	55249135	6	C	4	2	0	0	0	0	0	0	0	0	0	CCCAG
chr7	55249136	6	C	4	2	0	0	0	0	0	0	0	0	0	CCAGT
chr7	55249137	6	A	4	2	0	0	0	0	0	0	0	0	0	CAGTA
chr7	55249138	6	G	4	2	0	0	0	0	0	0	0	0	0	AGTAC
chr7	55249139	6	T	4	2	0	0	0	0	0	0	0	0	0	GTACC
chr7	55249140	6	A	4	2	0	0	0	0	0	0	0	0	0	TACCT
chr7	55249141	6	C	4	2	0	0	0	0	0	0	0	0	0	ACCTG
chr7	55249142	6	C	4	2	0	0	0	0	0	0	0	0	0	CCTGC
chr7	55249143	6	T	4	2	0	0	0	0	0	0	0	0	0	CTGCT
chr7	55249144	6	G	4	2	0	0	0	0	0	0	0	0	0	TGCTC
chr7	55249145	6	C	4	2	0	0	0	0	0	0	0	0	0	GCTCA
chr7	55249146	6	T	4	2	0	0	0	0	0	0	0	0	0	CTCAA
chr7	55249147	6	C	2	4	0	0	0	0	0	0	0	0	0	TCAAC
chr7	55249148	6	A	2	4	0	0	0	0	0	0	0	0	0	CAACT
chr7	55249149	6	A	2	4	0	0	0	0	0	0	0	0	0	AACTG
chr7	55249150	6	C	2	4	0	0	0	0	0	0	0	0	0	ACTGG
chr7	55249151	6	T	2	4	0	0	0	0	0	0	0	0	0	CTGGT
chr7	55249152	6	G	2	4	0	0	0	0	0	0	0	0	0	TGGTG
chr7	55249153	5	G	2	3	0	0	0	0	0	0	0	0	0	GGTGT
chr7	55249154	6	T	2	4	0	0	0	0	0	0	0	0	0	GTGTG
chr7	55249155	6	G	2	4	0	0	0	0	0	0	0	0	0	TGTGT
chr7	55249156	6	T	2	4	0	0	0	0	0	0	0	0	0	GTGTG
chr7	55249157	6	G	2	4	0	0	0	0	0	0	0	0	0	TGTGC
chr7	55249158	6	T	2	4	0	0	0	0	0	0	0	0	0	GTGCA
chr7	55249159	6	G	2	4	0	0	0	0	0	0	0	0	0	TGCAG
chr7	55249160	6	C	2	4	0	0	0	0	0	0	0	0	0	GCAGA
chr7	55249161	6	A	2	4	0	0	0	0	0	0	0	0	0	CAGAT
chr7	55249162	6	G	2	4	0	0	0	0	0	0	0	0	0	AGATC
chr7	55249163	6	A	2	4	0	0	0	0	0	0	0	0	0	GATCG
chr7	55249164	6	T	2	4	0	0	0	0	0	0	0	0	0	ATCGC
chr7	55249165	6	C	2	4	0	0	0	0	0	0	0	0	0	TCGCA
chr7	55249166	6	G	2	4	0	0	0	0	0	0	0	0	0	CGCAA
chr7	55249167	6	C	2	4	0	0	0	0	0	0	0	0	0	GCAAA
chr7	55249168	6	A	2	4	0	0	0	0	0	0	0	0	0	CAAAG
chr7	55249169	6	A	2	4	0	0	0	0	0	0	0	0	0	AAAGG
chr7	55249170	6	A	2	4	0	0	0	0	0	0	0	0	0	AAGGT
chr7	55249171	5	G	2	3	0	0	0	0	0	0	0	0	0	AGGTA
chr7	55259514	9	C	5	4	0	0	0	0	0	0	0	0	0	GCTGG
chr7	55259515	10	T	5	5	0	0	0	0	0	0	0	0	0	CTGGC
chr7	55259516	10	G	5	5	0	0	0	0	0	0	0	0	0	TGGCC
chr7	55259523	9	C	5	4	0	0	0	0	0	0	0	0	0	ACTGC
chr7	55259524	7	T	3	4	0	0	0	0	0	0	0	0	0	CTGCT
chr7	55259525	7	G	4	3	0	0	0	0	0	0	0	0	0	TGCTG
chr7	140453135	218	C	94	124	0	0	0	0	0	0	0	0	0	TCACT
chr7	140453136	217	A	93	124	0	0	0	0	0	0	0	0	0	CACTG
chr7	140453137	216	C	97	118	0	1	0	0	0	0	0	0	0	ACTGT
chr12	331763	1	T	1	0	0	0	0	0	0	0	0	0	0	ATCAT
chr12	25380274	468	C	286	181	0	0	0	0	0	1	0	0	0	TCTTG
chr12	25380275	465	T	286	179	0	0	0	0	0	0	0	0	0	CTTGA
chr12	25380276	471	T	284	181	0	0	6	0	0	0	0	0	0	TTGAC
chr12	25380277	468	G	292	176	0	0	0	0	0	0	0	0	0	TGACC
chr12	25380278	466	A	291	172	0	0	0	0	0	0	0	3	0	GACCT
chr12	25398283	373	A	158	214	0	0	0	0	0	0	1	0	0	CACCA
chr12	25398284	374	C	157	216	0	0	0	0	0	0	0	0	0	ACCAG
chr12	25398285	375	C	157	218	0	0	0	0	0	0	0	0	0	CCAGC
chr12	25398286	378	A	156	221	0	0	0	0	0	0	0	1	0	CAGCT
