CHR	POS	DEPTH	REF	R+	R-	A+	A-	C+	C-	T+	T-	G+	G-	PAD	MOTIF
chr7	1579577	22	G	11	11	0	0	0	0	0	0	0	0	0	GGTCA	nan	nan	nan	nan
chr7	55249057	1	C	1	0	0	0	0	0	0	0	0	0	0	CCGTG
chr7	55249058	1	G	1	0	0	0	0	0	0	0	0	0	0	CGTGC
chr7	55249059	1	T	1	0	0	0	0	0	0	0	0	0	0	GTGCA
chr7	55249060	2	G	2	0	0	0	0	0	0	0	0	0	0	TGCAG
chr7	55249061	3	C	3	0	0	0	0	0	0	0	0	0	0	GCAGC
chr7	55249062	3	A	3	0	0	0	0	0	0	0	0	0	0	CAGCT
chr7	55249063	3	G	3	0	0	0	0	0	0	0	0	0	0	AGCTC
chr7	55249064	3	C	3	0	0	0	0	0	0	0	0	0	0	GCTCA
chr7	55249065	3	T	3	0	0	0	0	0	0	0	0	0	0	CTCAT
chr7	55249066	3	C	3	0	0	0	0	0	0	0	0	0	0	TCATC
chr7	55249067	3	A	3	0	0	0	0	0	0	0	0	0	0	CATCA
chr7	55249068	3	T	3	0	0	0	0	0	0	0	0	0	0	ATCAC
chr7	55249069	3	C	3	0	0	0	0	0	0	0	0	0	0	TCACG
chr7	55249070	3	A	3	0	0	0	0	0	0	0	0	0	0	CACGC
chr7	55249071	3	C	3	0	0	0	0	0	0	0	0	0	0	ACGCA
chr7	55249072	3	G	3	0	0	0	0	0	0	0	0	0	0	CGCAG
chr7	55249073	3	C	3	0	0	0	0	0	0	0	0	0	0	GCAGC
chr7	55249074	3	A	3	0	0	0	0	0	0	0	0	0	0	CAGCT
chr7	55249075	3	G	3	0	0	0	0	0	0	0	0	0	0	AGCTC
chr7	55249076	3	C	3	0	0	0	0	0	0	0	0	0	0	GCTCA
chr7	55249077	3	T	3	0	0	0	0	0	0	0	0	0	0	CTCAT
chr7	55249078	3	C	3	0	0	0	0	0	0	0	0	0	0	TCATG
chr7	55249079	3	A	3	0	0	0	0	0	0	0	0	0	0	CATGC
chr7	55249080	3	T	3	0	0	0	0	0	0	0	0	0	0	ATGCC
chr7	55249081	3	G	3	0	0	0	0	0	0	0	0	0	0	TGCCC
chr7	55249082	3	C	3	0	0	0	0	0	0	0	0	0	0	GCCCT
chr7	55249083	3	C	3	0	0	0	0	0	0	0	0	0	0	CCCTT
chr7	55249084	3	C	3	0	0	0	0	0	0	0	0	0	0	CCTTC
chr7	55249085	3	T	3	0	0	0	0	0	0	0	0	0	0	CTTCG
chr7	55249086	3	T	3	0	0	0	0	0	0	0	0	0	0	TTCGG
chr7	55249087	3	C	3	0	0	0	0	0	0	0	0	0	0	TCGGC
chr7	55249088	3	G	3	0	0	0	0	0	0	0	0	0	0	CGGCT
chr7	55249089	2	G	2	0	0	0	0	0	0	0	0	0	0	GGCTG
chr7	55249090	3	C	3	0	0	0	0	0	0	0	0	0	0	GCTGC
chr7	55249091	3	T	3	0	0	0	0	0	0	0	0	0	0	CTGCC
chr7	55249092	3	G	3	0	0	0	0	0	0	0	0	0	0	TGCCT
chr7	55249093	3	C	3	0	0	0	0	0	0	0	0	0	0	GCCTC
chr7	55249094	3	C	3	0	0	0	0	0	0	0	0	0	0	CCTCC
chr7	55249095	3	T	3	0	0	0	0	0	0	0	0	0	0	CTCCT
chr7	55249096	3	C	3	0	0	0	0	0	0	0	0	0	0	TCCTG
chr7	55249097	3	C	3	0	0	0	0	0	0	0	0	0	0	CCTGG
chr7	55249098	3	T	3	0	0	0	0	0	0	0	0	0	0	CTGGA
chr7	55249099	3	G	3	0	0	0	0	0	0	0	0	0	0	TGGAC
chr7	55249100	3	G	3	0	0	0	0	0	0	0	0	0	0	GGACT
chr7	55249101	3	A	3	0	0	0	0	0	0	0	0	0	0	GACTA
chr7	55249102	3	C	3	0	0	0	0	0	0	0	0	0	0	ACTAT
chr7	55249103	3	T	3	0	0	0	0	0	0	0	0	0	0	CTATG
chr7	55249104	3	A	3	0	0	0	0	0	0	0	0	0	0	TATGT
chr7	55249105	3	T	3	0	0	0	0	0	0	0	0	0	0	ATGTC
chr7	55249106	3	G	3	0	0	0	0	0	0	0	0	0	0	TGTCC
chr7	55249107	3	T	3	0	0	0	0	0	0	0	0	0	0	GTCCG
chr7	55249108	3	C	3	0	0	0	0	0	0	0	0	0	0	TCCGG
chr7	55249109	3	C	3	0	0	0	0	0	0	0	0	0	0	CCGGG
chr7	55249110	3	G	3	0	0	0	0	0	0	0	0	0	0	CGGGA
chr7	55249111	3	G	3	0	0	0	0	0	0	0	0	0	0	GGGAA
chr7	55249112	3	G	3	0	0	0	0	0	0	0	0	0	0	GGAAC
chr7	55249113	3	A	3	0	0	0	0	0	0	0	0	0	0	GAACA
chr7	55249114	3	A	3	0	0	0	0	0	0	0	0	0	0	AACAC
chr7	55249115	3	C	3	0	0	0	0	0	0	0	0	0	0	ACACA
chr7	55249116	3	A	3	0	0	0	0	0	0	0	0	0	0	CACAA
chr7	55249117	3	C	3	0	0	0	0	0	0	0	0	0	0	ACAAA
chr7	55249118	3	A	3	0	0	0	0	0	0	0	0	0	0	CAAAG
chr7	55249119	3	A	3	0	0	0	0	0	0	0	0	0	0	AAAGA
chr7	55249120	3	A	3	0	0	0	0	0	0	0	0	0	0	AAGAC
chr7	55249121	3	G	3	0	0	0	0	0	0	0	0	0	0	AGACA
chr7	55249122	3	A	3	0	0	0	0	0	0	0	0	0	0	GACAA
chr7	55249123	3	C	3	0	0	0	0	0	0	0	0	0	0	ACAAT
chr7	55249124	3	A	3	0	0	0	0	0	0	0	0	0	0	CAATA
chr7	55249125	3	A	3	0	0	0	0	0	0	0	0	0	0	AATAT
chr7	55249126	3	T	3	0	0	0	0	0	0	0	0	0	0	ATATT
chr7	55249127	3	A	3	0	0	0	0	0	0	0	0	0	0	TATTG
chr7	55249128	3	T	3	0	0	0	0	0	0	0	0	0	0	ATTGG
chr7	55249129	3	T	3	0	0	0	0	0	0	0	0	0	0	TTGGC
chr7	55249130	3	G	3	0	0	0	0	0	0	0	0	0	0	TGGCT
chr7	55249131	3	G	3	0	0	0	0	0	0	0	0	0	0	GGCTC
chr7	55249132	3	C	3	0	0	0	0	0	0	0	0	0	0	GCTCC
chr7	55249133	3	T	3	0	0	0	0	0	0	0	0	0	0	CTCCC
chr7	55249134	3	C	3	0	0	0	0	0	0	0	0	0	0	TCCCA
chr7	55249135	3	C	3	0	0	0	0	0	0	0	0	0	0	CCCAG
chr7	55249136	3	C	3	0	0	0	0	0	0	0	0	0	0	CCAGT
chr7	55249137	3	A	3	0	0	0	0	0	0	0	0	0	0	CAGTA
chr7	55249138	3	G	3	0	0	0	0	0	0	0	0	0	0	AGTAC
chr7	55249139	3	T	3	0	0	0	0	0	0	0	0	0	0	GTACC
chr7	55249140	3	A	3	0	0	0	0	0	0	0	0	0	0	TACCT
chr7	55249141	3	C	3	0	0	0	0	0	0	0	0	0	0	ACCTG
chr7	55249142	3	C	3	0	0	0	0	0	0	0	0	0	0	CCTGC
chr7	55249143	3	T	3	0	0	0	0	0	0	0	0	0	0	CTGCT
chr7	55249144	3	G	3	0	0	0	0	0	0	0	0	0	0	TGCTC
chr7	55249145	2	C	2	0	0	0	0	0	0	0	0	0	0	GCTCA
chr7	55249146	3	T	3	0	0	0	0	0	0	0	0	0	0	CTCAA
chr7	55249147	3	C	3	0	0	0	0	0	0	0	0	0	0	TCAAC
chr7	55249148	3	A	3	0	0	0	0	0	0	0	0	0	0	CAACT
chr7	55249149	3	A	3	0	0	0	0	0	0	0	0	0	0	AACTG
chr7	55249150	3	C	3	0	0	0	0	0	0	0	0	0	0	ACTGG
chr7	55249151	3	T	3	0	0	0	0	0	0	0	0	0	0	CTGGT
chr7	55249152	3	G	3	0	0	0	0	0	0	0	0	0	0	TGGTG
chr7	55249153	3	G	3	0	0	0	0	0	0	0	0	0	0	GGTGT
chr7	55249154	3	T	3	0	0	0	0	0	0	0	0	0	0	GTGTG
chr7	55249155	3	G	3	0	0	0	0	0	0	0	0	0	0	TGTGT
chr7	55249156	3	T	3	0	0	0	0	0	0	0	0	0	0	GTGTG
chr7	55249157	3	G	3	0	0	0	0	0	0	0	0	0	0	TGTGC
chr7	55249158	3	T	3	0	0	0	0	0	0	0	0	0	0	GTGCA
chr7	55249159	3	G	3	0	0	0	0	0	0	0	0	0	0	TGCAG
chr7	55249160	3	C	3	0	0	0	0	0	0	0	0	0	0	GCAGA
chr7	55249161	3	A	3	0	0	0	0	0	0	0	0	0	0	CAGAT
chr7	55249162	3	G	3	0	0	0	0	0	0	0	0	0	0	AGATC
chr7	55249163	3	A	3	0	0	0	0	0	0	0	0	0	0	GATCG
chr7	55249164	3	T	3	0	0	0	0	0	0	0	0	0	0	ATCGC
chr7	55249165	3	C	3	0	0	0	0	0	0	0	0	0	0	TCGCA
chr7	55249166	3	G	3	0	0	0	0	0	0	0	0	0	0	CGCAA
chr7	55249167	3	C	3	0	0	0	0	0	0	0	0	0	0	GCAAA
chr7	55249168	2	A	2	0	0	0	0	0	0	0	0	0	0	CAAAG
chr7	55249169	2	A	2	0	0	0	0	0	0	0	0	0	0	AAAGG
chr7	55249170	2	A	2	0	0	0	0	0	0	0	0	0	0	AAGGT
chr7	55249171	2	G	2	0	0	0	0	0	0	0	0	0	0	AGGTA
chr7	55259514	2	C	2	0	0	0	0	0	0	0	0	0	0	GCTGG
chr7	55259515	2	T	2	0	0	0	0	0	0	0	0	0	0	CTGGC
chr7	55259516	2	G	0	0	0	0	0	0	2	0	0	0	0	TGGCC
chr7	55259523	2	C	2	0	0	0	0	0	0	0	0	0	0	ACTGC
chr7	55259524	2	T	2	0	0	0	0	0	0	0	0	0	0	CTGCT
chr7	55259525	2	G	2	0	0	0	0	0	0	0	0	0	0	TGCTG
chr7	140453135	30	C	11	19	0	0	0	0	0	0	0	0	0	TCACT
chr7	140453136	30	A	11	19	0	0	0	0	0	0	0	0	0	CACTG
chr7	140453137	30	C	11	19	0	0	0	0	0	0	0	0	0	ACTGT
chr12	330656	1	G	0	1	0	0	0	0	0	0	0	0	0	TGTAC	nan	nan	nan	nan
chr12	25380274	79	C	41	38	0	0	0	0	0	0	0	0	0	TCTTG
chr12	25380275	81	T	42	39	0	0	0	0	0	0	0	0	0	CTTGA
chr12	25380276	80	T	42	38	0	0	0	0	0	0	0	0	0	TTGAC
chr12	25380277	77	G	42	35	0	0	0	0	0	0	0	0	0	TGACC
chr12	25380278	76	A	40	36	0	0	0	0	0	0	0	0	0	GACCT
chr12	25398283	42	A	17	25	0	0	0	0	0	0	0	0	0	CACCA
chr12	25398284	45	C	16	27	0	0	0	0	0	0	2	0	0	ACCAG
chr12	25398285	45	C	18	27	0	0	0	0	0	0	0	0	0	CCAGC
chr12	25398286	43	A	16	27	0	0	0	0	0	0	0	0	0	CAGCT
