CHR	POS	DEPTH	REF	R+	R-	A+	A-	C+	C-	T+	T-	G+	G-	PAD	MOTIF
chr7	1022771	1	C	1	0	0	0	0	0	0	0	0	0	76	GCCCT
chr7	55241706	19	G	8	10	0	0	0	0	1	0	0	0	0	TGGGC
chr7	55241707	18	G	9	9	0	0	0	0	0	0	0	0	0	GGGCT
chr7	55241708	19	G	9	10	0	0	0	0	0	0	0	0	0	GGCTC
chr7	55241709	18	C	8	10	0	0	0	0	0	0	0	0	0	GCTCC
chr7	55242415	13	G	5	8	0	0	0	0	0	0	0	0	0	GGGAC
chr7	55242416	13	G	5	8	0	0	0	0	0	0	0	0	0	GGACT
chr7	55242417	13	A	5	8	0	0	0	0	0	0	0	0	0	GACTC
chr7	55242418	13	C	5	8	0	0	0	0	0	0	0	0	0	ACTCT
chr7	55242419	13	T	5	8	0	0	0	0	0	0	0	0	0	CTCTG
chr7	55242420	13	C	5	8	0	0	0	0	0	0	0	0	0	TCTGG
chr7	55242421	13	T	5	8	0	0	0	0	0	0	0	0	0	CTGGA
chr7	55242422	14	G	6	8	0	0	0	0	0	0	0	0	0	TGGAT
chr7	55242423	15	G	6	9	0	0	0	0	0	0	0	0	0	GGATC
chr7	55242424	15	A	6	9	0	0	0	0	0	0	0	0	0	GATCC
chr7	55242425	15	T	5	9	0	0	0	0	0	0	1	0	0	ATCCC
chr7	55242426	15	C	7	8	0	0	0	0	0	0	0	0	0	TCCCA
chr7	55242427	15	C	7	8	0	0	0	0	0	0	0	0	0	CCCAG
chr7	55242428	16	C	7	9	0	0	0	0	0	0	0	0	0	CCAGA
chr7	55242429	15	A	6	9	0	0	0	0	0	0	0	0	0	CAGAA
chr7	55242430	15	G	6	9	0	0	0	0	0	0	0	0	0	AGAAG
chr7	55242431	14	A	5	9	0	0	0	0	0	0	0	0	0	GAAGG
chr7	55242432	15	A	6	9	0	0	0	0	0	0	0	0	0	AAGGT
chr7	55242433	15	G	6	9	0	0	0	0	0	0	0	0	0	AGGTG
chr7	55242434	15	G	6	9	0	0	0	0	0	0	0	0	0	GGTGA
chr7	55242435	15	T	6	9	0	0	0	0	0	0	0	0	0	GTGAG
chr7	55242436	16	G	6	10	0	0	0	0	0	0	0	0	0	TGAGA
chr7	55242437	16	A	6	10	0	0	0	0	0	0	0	0	0	GAGAA
chr7	55242438	16	G	6	10	0	0	0	0	0	0	0	0	0	AGAAA
chr7	55242439	16	A	6	10	0	0	0	0	0	0	0	0	0	GAAAG
chr7	55242440	16	A	6	10	0	0	0	0	0	0	0	0	0	AAAGT
chr7	55242441	17	A	7	10	0	0	0	0	0	0	0	0	0	AAGTT
chr7	55242442	15	G	7	8	0	0	0	0	0	0	0	0	0	AGTTA
chr7	55242443	15	T	7	8	0	0	0	0	0	0	0	0	0	GTTAA
chr7	55242444	15	T	7	8	0	0	0	0	0	0	0	0	0	TTAAA
chr7	55242445	15	A	7	8	0	0	0	0	0	0	0	0	0	TAAAA
chr7	55242446	15	A	7	8	0	0	0	0	0	0	0	0	0	AAAAT
chr7	55242447	15	A	7	8	0	0	0	0	0	0	0	0	0	AAATT
chr7	55242448	15	A	7	8	0	0	0	0	0	0	0	0	0	AATTC
chr7	55242449	15	T	7	8	0	0	0	0	0	0	0	0	0	ATTCC
chr7	55242450	15	T	7	8	0	0	0	0	0	0	0	0	0	TTCCC
chr7	55242451	16	C	7	9	0	0	0	0	0	0	0	0	0	TCCCG
chr7	55242452	14	C	5	9	0	0	0	0	0	0	0	0	0	CCCGT
chr7	55242453	14	C	5	9	0	0	0	0	0	0	0	0	0	CCGTC
chr7	55242454	14	G	5	9	0	0	0	0	0	0	0	0	0	CGTCG
chr7	55242455	14	T	5	9	0	0	0	0	0	0	0	0	0	GTCGC
chr7	55242456	14	C	5	9	0	0	0	0	0	0	0	0	0	TCGCT
chr7	55242457	13	G	4	9	0	0	0	0	0	0	0	0	0	CGCTA
chr7	55242458	14	C	5	9	0	0	0	0	0	0	0	0	0	GCTAT
chr7	55242459	14	T	5	9	0	0	0	0	0	0	0	0	0	CTATC
chr7	55242460	14	A	5	9	0	0	0	0	0	0	0	0	0	TATCA
chr7	55242461	14	T	5	9	0	0	0	0	0	0	0	0	0	ATCAA
chr7	55242462	14	C	5	9	0	0	0	0	0	0	0	0	0	TCAAG
chr7	55242463	14	A	5	9	0	0	0	0	0	0	0	0	0	CAAGG
chr7	55242464	14	A	5	9	0	0	0	0	0	0	0	0	0	AAGGA
chr7	55242465	11	G	2	4	0	0	0	0	0	0	0	0	0	AGGAA
chr7	55242466	11	G	2	4	0	0	0	0	0	0	0	0	0	GGAAT
chr7	55242467	11	A	2	4	0	0	0	0	0	0	0	0	0	GAATT
chr7	55242468	11	A	2	4	0	0	0	0	0	0	0	0	0	AATTA
chr7	55242469	11	T	2	4	0	0	0	0	0	0	0	0	0	ATTAA
chr7	55242470	11	T	2	4	0	0	0	0	0	0	0	0	0	TTAAG
chr7	55242471	11	A	2	4	0	0	0	0	0	0	0	0	0	TAAGA
chr7	55242472	11	A	2	4	0	0	0	0	0	0	0	0	0	AAGAG
chr7	55242473	11	G	2	4	0	0	0	0	0	0	0	0	0	AGAGA
chr7	55242474	10	A	2	3	0	0	0	0	0	0	0	0	0	GAGAA
chr7	55242475	10	G	2	3	0	0	0	0	0	0	0	0	0	AGAAG
chr7	55242476	10	A	2	3	0	0	0	0	0	0	0	0	0	GAAGC
chr7	55242477	10	A	2	3	0	0	0	0	0	0	0	0	0	AAGCA
chr7	55242478	12	G	2	5	0	0	0	0	0	0	0	0	0	AGCAA
chr7	55242479	12	C	2	5	0	0	0	0	0	0	0	0	0	GCAAC
chr7	55242480	16	A	6	10	0	0	0	0	0	0	0	0	0	CAACA
chr7	55242481	16	A	6	10	0	0	0	0	0	0	0	0	0	AACAT
chr7	55242482	16	C	6	10	0	0	0	0	0	0	0	0	0	ACATC
chr7	55242483	17	A	7	10	0	0	0	0	0	0	0	0	0	CATCT
chr7	55242484	17	T	7	10	0	0	0	0	0	0	0	0	0	ATCTC
chr7	55242485	17	C	7	10	0	0	0	0	0	0	0	0	0	TCTCC
chr7	55242486	17	T	7	10	0	0	0	0	0	0	0	0	0	CTCCG
chr7	55242487	18	C	8	10	0	0	0	0	0	0	0	0	0	TCCGA
chr7	55242488	17	C	7	10	0	0	0	0	0	0	0	0	0	CCGAA
chr7	55242489	18	G	9	9	0	0	0	0	0	0	0	0	0	CGAAA
chr7	55242490	20	A	9	11	0	0	0	0	0	0	0	0	0	GAAAG
chr7	55242491	20	A	9	9	0	0	0	0	0	2	0	0	0	AAAGC
chr7	55242492	21	A	9	12	0	0	0	0	0	0	0	0	0	AAGCC
chr7	55242493	21	G	9	12	0	0	0	0	0	0	0	0	0	AGCCA
chr7	55242494	21	C	9	12	0	0	0	0	0	0	0	0	0	GCCAA
chr7	55242495	21	C	9	12	0	0	0	0	0	0	0	0	0	CCAAC
chr7	55242496	22	A	10	12	0	0	0	0	0	0	0	0	0	CAACA
chr7	55242497	22	A	10	12	0	0	0	0	0	0	0	0	0	AACAA
chr7	55242498	21	C	10	11	0	0	0	0	0	0	0	0	0	ACAAG
chr7	55242499	21	A	10	11	0	0	0	0	0	0	0	0	0	CAAGG
chr7	55242500	21	A	10	11	0	0	0	0	0	0	0	0	0	AAGGA
chr7	55242501	22	G	10	12	0	0	0	0	0	0	0	0	0	AGGAA
chr7	55242502	22	G	10	12	0	0	0	0	0	0	0	0	0	GGAAA
chr7	55242503	22	A	10	12	0	0	0	0	0	0	0	0	0	GAAAT
chr7	55242504	22	A	10	12	0	0	0	0	0	0	0	0	0	AAATC
chr7	55242505	22	A	10	12	0	0	0	0	0	0	0	0	0	AATCC
chr7	55242506	23	T	11	12	0	0	0	0	0	0	0	0	0	ATCCT
chr7	55242507	23	C	11	12	0	0	0	0	0	0	0	0	0	TCCTC
chr7	55242508	24	C	12	12	0	0	0	0	0	0	0	0	0	CCTCG
chr7	55242509	24	T	12	12	0	0	0	0	0	0	0	0	0	CTCGA
chr7	55242510	25	C	12	13	0	0	0	0	0	0	0	0	0	TCGAT
chr7	55242511	25	G	12	13	0	0	0	0	0	0	0	0	0	CGATG
chr7	55242512	25	A	12	13	0	0	0	0	0	0	0	0	0	GATGT
chr7	55242513	25	T	12	13	0	0	0	0	0	0	0	0	0	ATGTG
chr7	55248986	25	G	12	13	0	0	0	0	0	0	0	0	0	GGAAG
chr7	55248987	25	A	12	13	0	0	0	0	0	0	0	0	0	GAAGC
chr7	55248988	26	A	13	13	0	0	0	0	0	0	0	0	0	AAGCC
chr7	55248989	27	G	14	13	0	0	0	0	0	0	0	0	0	AGCCT
chr7	55248990	27	C	14	13	0	0	0	0	0	0	0	0	0	GCCTA
chr7	55248991	27	C	14	13	0	0	0	0	0	0	0	0	0	CCTAC
chr7	55248992	27	T	14	13	0	0	0	0	0	0	0	0	0	CTACG
chr7	55248993	27	A	14	13	0	0	0	0	0	0	0	0	0	TACGT
chr7	55248994	27	C	14	13	0	0	0	0	0	0	0	0	0	ACGTG
chr7	55248995	27	G	14	13	0	0	0	0	0	0	0	0	0	CGTGA
chr7	55248996	27	T	14	13	0	0	0	0	0	0	0	0	0	GTGAT
chr7	55248997	27	G	14	13	0	0	0	0	0	0	0	0	0	TGATG
chr7	55248998	27	A	14	13	0	0	0	0	0	0	0	0	0	GATGG
chr7	55248999	28	T	14	14	0	0	0	0	0	0	0	0	0	ATGGC
chr7	55249000	28	G	14	14	0	0	0	0	0	0	0	0	0	TGGCC
chr7	55249001	29	G	14	15	0	0	0	0	0	0	0	0	0	GGCCA
chr7	55249002	29	C	14	15	0	0	0	0	0	0	0	0	0	GCCAG
chr7	55249003	29	C	14	15	0	0	0	0	0	0	0	0	0	CCAGC
chr7	55249004	29	A	14	15	0	0	0	0	0	0	0	0	0	CAGCG
chr7	55249005	29	G	14	15	0	0	0	0	0	0	0	0	0	AGCGT
chr7	55249006	29	C	14	15	0	0	0	0	0	0	0	0	0	GCGTG
chr7	55249007	28	G	14	14	0	0	0	0	0	0	0	0	0	CGTGG
chr7	55249008	27	T	14	13	0	0	0	0	0	0	0	0	0	GTGGA
chr7	55249009	27	G	14	13	0	0	0	0	0	0	0	0	0	TGGAC
chr7	55249010	27	G	14	13	0	0	0	0	0	0	0	0	0	GGACA
chr7	55249011	27	A	14	13	0	0	0	0	0	0	0	0	0	GACAA
chr7	55249012	27	C	14	13	0	0	0	0	0	0	0	0	0	ACAAC
chr7	55249013	27	A	14	13	0	0	0	0	0	0	0	0	0	CAACC
chr7	55249014	27	A	14	13	0	0	0	0	0	0	0	0	0	AACCC
chr7	55249015	27	C	14	13	0	0	0	0	0	0	0	0	0	ACCCC
chr7	55249016	27	C	14	13	0	0	0	0	0	0	0	0	0	CCCCC
chr7	55249017	27	C	14	13	0	0	0	0	0	0	0	0	0	CCCCA
chr7	55249018	27	C	14	13	0	0	0	0	0	0	0	0	0	CCCAC
chr7	55249019	27	C	14	13	0	0	0	0	0	0	0	0	0	CCACG
chr7	55249020	27	A	14	13	0	0	0	0	0	0	0	0	0	CACGT
chr7	55249021	27	C	14	13	0	0	0	0	0	0	0	0	0	ACGTG
chr7	55249022	27	G	14	13	0	0	0	0	0	0	0	0	0	CGTGT
chr7	55249023	27	T	14	13	0	0	0	0	0	0	0	0	0	GTGTG
chr7	55249024	27	G	14	13	0	0	0	0	0	0	0	0	0	TGTGC
chr7	55249025	28	T	15	13	0	0	0	0	0	0	0	0	0	GTGCC
chr7	55249026	27	G	15	12	0	0	0	0	0	0	0	0	0	TGCCG
chr7	55249027	28	C	15	13	0	0	0	0	0	0	0	0	0	GCCGC
chr7	55249028	28	C	15	13	0	0	0	0	0	0	0	0	0	CCGCC
chr7	55249029	28	G	15	13	0	0	0	0	0	0	0	0	0	CGCCT
chr7	55249030	27	C	15	12	0	0	0	0	0	0	0	0	0	GCCTG
chr7	55249031	27	C	15	12	0	0	0	0	0	0	0	0	0	CCTGC
chr7	55249032	27	T	15	12	0	0	0	0	0	0	0	0	0	CTGCT
chr7	55249033	28	G	16	12	0	0	0	0	0	0	0	0	0	TGCTG
chr7	55249034	28	C	15	13	0	0	0	0	0	0	0	0	0	GCTGG
chr7	55249035	30	T	17	13	0	0	0	0	0	0	0	0	0	CTGGG
chr7	55249036	29	G	17	12	0	0	0	0	0	0	0	0	0	TGGGC
chr7	55249037	29	G	17	12	0	0	0	0	0	0	0	0	0	GGGCA
chr7	55249038	30	G	17	13	0	0	0	0	0	0	0	0	0	GGCAT
chr7	55249039	29	C	17	12	0	0	0	0	0	0	0	0	0	GCATC
chr7	55249040	29	A	17	12	0	0	0	0	0	0	0	0	0	CATCT
chr7	55249041	28	T	17	11	0	0	0	0	0	0	0	0	0	ATCTG
chr7	55249042	28	C	17	11	0	0	0	0	0	0	0	0	0	TCTGC
chr7	55249043	28	T	17	11	0	0	0	0	0	0	0	0	0	CTGCC
chr7	55249044	28	G	17	11	0	0	0	0	0	0	0	0	0	TGCCT
chr7	55249045	28	C	17	11	0	0	0	0	0	0	0	0	0	GCCTC
chr7	55249046	29	C	18	11	0	0	0	0	0	0	0	0	0	CCTCA
chr7	55249047	27	T	18	9	0	0	0	0	0	0	0	0	0	CTCAC
chr7	55249048	27	C	18	9	0	0	0	0	0	0	0	0	0	TCACC
chr7	55249049	27	A	18	9	0	0	0	0	0	0	0	0	0	CACCT
chr7	55249050	26	C	17	9	0	0	0	0	0	0	0	0	0	ACCTC
chr7	55249051	26	C	17	9	0	0	0	0	0	0	0	0	0	CCTCC
chr7	55249052	26	T	17	9	0	0	0	0	0	0	0	0	0	CTCCA
chr7	55249053	26	C	17	9	0	0	0	0	0	0	0	0	0	TCCAC
chr7	55249054	25	C	16	9	0	0	0	0	0	0	0	0	0	CCACC
chr7	55249055	24	A	15	9	0	0	0	0	0	0	0	0	0	CACCG
chr7	55249056	24	C	15	9	0	0	0	0	0	0	0	0	0	ACCGT
chr7	55249057	23	C	14	9	0	0	0	0	0	0	0	0	0	CCGTG
chr7	55249058	24	G	15	9	0	0	0	0	0	0	0	0	0	CGTGC
chr7	55249059	24	T	16	8	0	0	0	0	0	0	0	0	0	GTGCA
chr7	55249060	22	G	15	7	0	0	0	0	0	0	0	0	0	TGCAG
chr7	55249061	22	C	15	7	0	0	0	0	0	0	0	0	0	GCAGC
chr7	55249062	22	A	15	7	0	0	0	0	0	0	0	0	0	CAGCT
chr7	55249063	22	G	14	8	0	0	0	0	0	0	0	0	0	AGCTC
chr7	55249064	22	C	14	8	0	0	0	0	0	0	0	0	0	GCTCA
chr7	55249065	22	T	14	8	0	0	0	0	0	0	0	0	0	CTCAT
chr7	55249066	22	C	14	8	0	0	0	0	0	0	0	0	0	TCATC
chr7	55249067	22	A	14	8	0	0	0	0	0	0	0	0	0	CATCA
chr7	55249068	21	T	13	8	0	0	0	0	0	0	0	0	0	ATCAC
chr7	55249069	20	C	12	8	0	0	0	0	0	0	0	0	0	TCACG
chr7	55249070	19	A	11	8	0	0	0	0	0	0	0	0	0	CACGC
chr7	55249071	19	C	10	6	0	0	0	0	1	2	0	0	0	ACGCA
chr7	55249072	20	G	12	8	0	0	0	0	0	0	0	0	0	CGCAG
chr7	55249073	20	C	12	8	0	0	0	0	0	0	0	0	0	GCAGC
chr7	55249074	19	A	11	8	0	0	0	0	0	0	0	0	0	CAGCT
chr7	55249075	21	G	12	9	0	0	0	0	0	0	0	0	0	AGCTC
chr7	55249076	19	C	11	8	0	0	0	0	0	0	0	0	0	GCTCA
chr7	55249077	17	T	9	8	0	0	0	0	0	0	0	0	0	CTCAT
chr7	55249078	18	C	10	8	0	0	0	0	0	0	0	0	0	TCATG
chr7	55249079	19	A	11	8	0	0	0	0	0	0	0	0	0	CATGC
chr7	55249080	19	T	11	8	0	0	0	0	0	0	0	0	0	ATGCC
chr7	55249081	19	G	11	8	0	0	0	0	0	0	0	0	0	TGCCC
chr7	55249082	19	C	11	8	0	0	0	0	0	0	0	0	0	GCCCT
chr7	55249083	19	C	11	8	0	0	0	0	0	0	0	0	0	CCCTT
chr7	55249084	19	C	11	8	0	0	0	0	0	0	0	0	0	CCTTC
chr7	55249085	19	T	10	8	0	0	0	0	0	0	1	0	0	CTTCG
chr7	55249086	18	T	10	8	0	0	0	0	0	0	0	0	0	TTCGG
chr7	55249087	17	C	9	8	0	0	0	0	0	0	0	0	0	TCGGC
chr7	55249088	18	G	9	9	0	0	0	0	0	0	0	0	0	CGGCT
chr7	55249089	18	G	9	9	0	0	0	0	0	0	0	0	0	GGCTG
chr7	55249090	18	C	10	8	0	0	0	0	0	0	0	0	0	GCTGC
chr7	55249091	18	T	10	8	0	0	0	0	0	0	0	0	0	CTGCC
chr7	55249092	18	G	10	8	0	0	0	0	0	0	0	0	0	TGCCT
chr7	55249093	18	C	10	8	0	0	0	0	0	0	0	0	0	GCCTC
chr7	55249094	18	C	10	8	0	0	0	0	0	0	0	0	0	CCTCC
chr7	55249095	18	T	10	8	0	0	0	0	0	0	0	0	0	CTCCT
chr7	55249096	18	C	10	8	0	0	0	0	0	0	0	0	0	TCCTG
chr7	55249097	19	C	9	10	0	0	0	0	0	0	0	0	0	CCTGG
chr7	55249098	20	T	10	10	0	0	0	0	0	0	0	0	0	CTGGA
chr7	55249099	19	G	8	11	0	0	0	0	0	0	0	0	0	TGGAC
chr7	55249100	19	G	8	11	0	0	0	0	0	0	0	0	0	GGACT
chr7	55249101	19	A	8	11	0	0	0	0	0	0	0	0	0	GACTA
chr7	55249102	19	C	8	11	0	0	0	0	0	0	0	0	0	ACTAT
chr7	55249103	17	T	8	9	0	0	0	0	0	0	0	0	0	CTATG
chr7	55249104	17	A	8	9	0	0	0	0	0	0	0	0	0	TATGT
chr7	55249105	18	T	9	9	0	0	0	0	0	0	0	0	0	ATGTC
chr7	55249106	18	G	9	9	0	0	0	0	0	0	0	0	0	TGTCC
chr7	55249107	18	T	8	10	0	0	0	0	0	0	0	0	0	GTCCG
chr7	55249108	17	C	8	9	0	0	0	0	0	0	0	0	0	TCCGG
chr7	55249109	17	C	8	9	0	0	0	0	0	0	0	0	0	CCGGG
chr7	55249110	16	G	8	8	0	0	0	0	0	0	0	0	0	CGGGA
chr7	55249111	16	G	8	8	0	0	0	0	0	0	0	0	0	GGGAA
chr7	55249112	16	G	8	8	0	0	0	0	0	0	0	0	0	GGAAC
chr7	55249113	16	A	8	8	0	0	0	0	0	0	0	0	0	GAACA
chr7	55249114	16	A	8	8	0	0	0	0	0	0	0	0	0	AACAC
chr7	55249115	17	C	8	9	0	0	0	0	0	0	0	0	0	ACACA
chr7	55249116	17	A	8	9	0	0	0	0	0	0	0	0	0	CACAA
chr7	55249117	17	C	8	9	0	0	0	0	0	0	0	0	0	ACAAA
chr7	55249118	16	A	7	8	0	0	0	0	1	0	0	0	0	CAAAG
chr7	55249119	16	A	8	8	0	0	0	0	0	0	0	0	0	AAAGA
chr7	55249120	16	A	8	8	0	0	0	0	0	0	0	0	0	AAGAC
chr7	55249121	15	G	8	7	0	0	0	0	0	0	0	0	0	AGACA
chr7	55249122	12	A	8	4	0	0	0	0	0	0	0	0	0	GACAA
chr7	55249123	11	C	7	4	0	0	0	0	0	0	0	0	0	ACAAT
chr7	55249124	12	A	8	4	0	0	0	0	0	0	0	0	0	CAATA
chr7	55249125	12	A	8	4	0	0	0	0	0	0	0	0	0	AATAT
chr7	55249126	12	T	8	4	0	0	0	0	0	0	0	0	0	ATATT
chr7	55249127	12	A	8	4	0	0	0	0	0	0	0	0	0	TATTG
chr7	55249128	12	T	8	4	0	0	0	0	0	0	0	0	0	ATTGG
chr7	55249129	12	T	8	4	0	0	0	0	0	0	0	0	0	TTGGC
chr7	55249130	12	G	8	4	0	0	0	0	0	0	0	0	0	TGGCT
chr7	55249131	12	G	8	4	0	0	0	0	0	0	0	0	0	GGCTC
chr7	55249132	12	C	8	4	0	0	0	0	0	0	0	0	0	GCTCC
chr7	55249133	12	T	8	4	0	0	0	0	0	0	0	0	0	CTCCC
chr7	55249134	11	C	8	3	0	0	0	0	0	0	0	0	0	TCCCA
chr7	55249135	11	C	8	3	0	0	0	0	0	0	0	0	0	CCCAG
chr7	55249136	11	C	8	3	0	0	0	0	0	0	0	0	0	CCAGT
chr7	55249137	11	A	8	3	0	0	0	0	0	0	0	0	0	CAGTA
chr7	55249138	11	G	8	3	0	0	0	0	0	0	0	0	0	AGTAC
chr7	55249139	11	T	8	3	0	0	0	0	0	0	0	0	0	GTACC
chr7	55249140	11	A	8	3	0	0	0	0	0	0	0	0	0	TACCT
chr7	55249141	10	C	7	3	0	0	0	0	0	0	0	0	0	ACCTG
chr7	55249142	12	C	8	4	0	0	0	0	0	0	0	0	0	CCTGC
chr7	55249143	12	T	8	4	0	0	0	0	0	0	0	0	0	CTGCT
chr7	55249144	11	G	7	4	0	0	0	0	0	0	0	0	0	TGCTC
chr7	55249145	11	C	7	4	0	0	0	0	0	0	0	0	0	GCTCA
chr7	55249146	11	T	7	4	0	0	0	0	0	0	0	0	0	CTCAA
chr7	55249147	11	C	7	4	0	0	0	0	0	0	0	0	0	TCAAC
chr7	55249148	11	A	7	4	0	0	0	0	0	0	0	0	0	CAACT
chr7	55249149	11	A	6	5	0	0	0	0	0	0	0	0	0	AACTG
chr7	55249150	11	C	6	5	0	0	0	0	0	0	0	0	0	ACTGG
chr7	55249151	11	T	6	5	0	0	0	0	0	0	0	0	0	CTGGT
chr7	55249152	11	G	6	5	0	0	0	0	0	0	0	0	0	TGGTG
chr7	55249153	10	G	6	4	0	0	0	0	0	0	0	0	0	GGTGT
chr7	55249154	11	T	6	5	0	0	0	0	0	0	0	0	0	GTGTG
chr7	55249155	10	G	5	5	0	0	0	0	0	0	0	0	0	TGTGT
chr7	55249156	11	T	5	6	0	0	0	0	0	0	0	0	0	GTGTG
chr7	55249157	12	G	6	6	0	0	0	0	0	0	0	0	0	TGTGC
chr7	55249158	12	T	6	6	0	0	0	0	0	0	0	0	0	GTGCA
chr7	55249159	12	G	6	6	0	0	0	0	0	0	0	0	0	TGCAG
chr7	55249160	12	C	6	6	0	0	0	0	0	0	0	0	0	GCAGA
chr7	55249161	12	A	6	6	0	0	0	0	0	0	0	0	0	CAGAT
chr7	55249162	12	G	6	6	0	0	0	0	0	0	0	0	0	AGATC
chr7	55249163	12	A	6	6	0	0	0	0	0	0	0	0	0	GATCG
chr7	55249164	11	T	6	5	0	0	0	0	0	0	0	0	0	ATCGC
chr7	55249165	12	C	6	6	0	0	0	0	0	0	0	0	0	TCGCA
chr7	55249166	13	G	7	6	0	0	0	0	0	0	0	0	0	CGCAA
chr7	55249167	14	C	7	7	0	0	0	0	0	0	0	0	0	GCAAA
chr7	55249168	14	A	7	7	0	0	0	0	0	0	0	0	0	CAAAG
chr7	55249169	14	A	7	7	0	0	0	0	0	0	0	0	0	AAAGG
chr7	55249170	13	A	7	6	0	0	0	0	0	0	0	0	0	AAGGT
chr7	55249171	13	G	7	6	0	0	0	0	0	0	0	0	0	AGGTA
chr7	55259514	15	C	6	9	0	0	0	0	0	0	0	0	0	GCTGG
chr7	55259515	15	T	6	9	0	0	0	0	0	0	0	0	0	CTGGC
chr7	55259516	15	G	6	9	0	0	0	0	0	0	0	0	0	TGGCC
chr7	55259523	15	C	5	10	0	0	0	0	0	0	0	0	0	ACTGC
chr7	55259524	14	T	4	10	0	0	0	0	0	0	0	0	0	CTGCT
chr7	55259525	14	G	4	10	0	0	0	0	0	0	0	0	0	TGCTG
chr7	140453135	254	C	78	174	0	1	0	0	0	1	0	0	0	TCACT
chr7	140453136	254	A	78	176	0	0	0	0	0	0	0	0	0	CACTG
chr7	140453137	242	C	77	162	0	1	0	0	0	2	0	0	0	ACTGT
chr12	330085	2	C	2	0	0	0	0	0	0	0	0	0	29	GCACA
chr12	25380274	704	C	368	336	0	0	0	0	0	0	0	0	0	TCTTG
chr12	25380275	704	T	369	335	0	0	0	0	0	0	0	0	0	CTTGA
chr12	25380276	706	T	367	332	0	0	7	0	0	0	0	0	0	TTGAC
chr12	25380277	703	G	368	335	0	0	0	0	0	0	0	0	0	TGACC
chr12	25380278	702	A	363	333	0	0	0	0	0	0	0	6	0	GACCT
chr12	25398283	394	A	133	259	0	0	0	0	0	0	0	1	0	CACCA
chr12	25398284	402	C	135	266	0	0	0	0	0	1	0	0	0	ACCAG
chr12	25398285	404	C	136	268	0	0	0	0	0	0	0	0	0	CCAGC
chr12	25398286	406	A	136	269	0	0	0	0	0	0	0	1	0	CAGCT
