CHR	POS	DEPTH	REF	R+	R-	A+	A-	C+	C-	T+	T-	G+	G-	PAD	MOTIF
chr7	1022779	1	C	1	0	0	0	0	0	0	0	0	0	68	GCGGA	nan	nan	nan	nan
chr7	55241706	4	G	0	4	0	0	0	0	0	0	0	0	0	TGGGC
chr7	55241707	4	G	0	4	0	0	0	0	0	0	0	0	0	GGGCT
chr7	55241708	4	G	0	4	0	0	0	0	0	0	0	0	0	GGCTC
chr7	55241709	4	C	0	4	0	0	0	0	0	0	0	0	0	GCTCC
chr7	55242415	3	G	0	3	0	0	0	0	0	0	0	0	0	GGGAC
chr7	55242416	3	G	0	3	0	0	0	0	0	0	0	0	0	GGACT
chr7	55242417	3	A	0	3	0	0	0	0	0	0	0	0	0	GACTC
chr7	55242418	3	C	0	3	0	0	0	0	0	0	0	0	0	ACTCT
chr7	55242419	3	T	0	3	0	0	0	0	0	0	0	0	0	CTCTG
chr7	55242420	3	C	0	3	0	0	0	0	0	0	0	0	0	TCTGG
chr7	55242421	3	T	0	3	0	0	0	0	0	0	0	0	0	CTGGA
chr7	55242422	3	G	0	3	0	0	0	0	0	0	0	0	0	TGGAT
chr7	55242423	3	G	0	3	0	0	0	0	0	0	0	0	0	GGATC
chr7	55242424	3	A	0	3	0	0	0	0	0	0	0	0	0	GATCC
chr7	55242425	3	T	0	3	0	0	0	0	0	0	0	0	0	ATCCC
chr7	55242426	3	C	0	3	0	0	0	0	0	0	0	0	0	TCCCA
chr7	55242427	3	C	0	3	0	0	0	0	0	0	0	0	0	CCCAG
chr7	55242428	3	C	0	3	0	0	0	0	0	0	0	0	0	CCAGA
chr7	55242429	3	A	0	3	0	0	0	0	0	0	0	0	0	CAGAA
chr7	55242430	3	G	0	3	0	0	0	0	0	0	0	0	0	AGAAG
chr7	55242431	3	A	0	3	0	0	0	0	0	0	0	0	0	GAAGG
chr7	55242432	3	A	0	3	0	0	0	0	0	0	0	0	0	AAGGT
chr7	55242433	3	G	0	3	0	0	0	0	0	0	0	0	0	AGGTG
chr7	55242434	3	G	0	3	0	0	0	0	0	0	0	0	0	GGTGA
chr7	55242435	3	T	0	3	0	0	0	0	0	0	0	0	0	GTGAG
chr7	55242436	3	G	0	3	0	0	0	0	0	0	0	0	0	TGAGA
chr7	55242437	3	A	0	3	0	0	0	0	0	0	0	0	0	GAGAA
chr7	55242438	3	G	0	3	0	0	0	0	0	0	0	0	0	AGAAA
chr7	55242439	3	A	0	3	0	0	0	0	0	0	0	0	0	GAAAG
chr7	55242440	3	A	0	3	0	0	0	0	0	0	0	0	0	AAAGT
chr7	55242441	3	A	0	3	0	0	0	0	0	0	0	0	0	AAGTT
chr7	55242442	4	G	1	3	0	0	0	0	0	0	0	0	0	AGTTA
chr7	55242443	2	T	1	1	0	0	0	0	0	0	0	0	0	GTTAA
chr7	55242444	2	T	1	1	0	0	0	0	0	0	0	0	0	TTAAA
chr7	55242445	2	A	1	1	0	0	0	0	0	0	0	0	0	TAAAA
chr7	55242446	3	A	2	1	0	0	0	0	0	0	0	0	0	AAAAT
chr7	55242447	2	A	2	0	0	0	0	0	0	0	0	0	0	AAATT
chr7	55242448	2	A	2	0	0	0	0	0	0	0	0	0	0	AATTC
chr7	55242449	2	T	2	0	0	0	0	0	0	0	0	0	0	ATTCC
chr7	55242450	2	T	2	0	0	0	0	0	0	0	0	0	0	TTCCC
chr7	55242451	2	C	2	0	0	0	0	0	0	0	0	0	0	TCCCG
chr7	55242452	2	C	2	0	0	0	0	0	0	0	0	0	0	CCCGT
chr7	55242453	1	C	1	0	0	0	0	0	0	0	0	0	0	CCGTC
chr7	55242454	1	G	1	0	0	0	0	0	0	0	0	0	0	CGTCG
chr7	55242455	1	T	1	0	0	0	0	0	0	0	0	0	0	GTCGC
chr7	55242456	1	C	1	0	0	0	0	0	0	0	0	0	0	TCGCT
chr7	55242475	1	G	1	0	0	0	0	0	0	0	0	0	0	AGAAG
chr7	55242476	1	A	1	0	0	0	0	0	0	0	0	0	0	GAAGC
chr7	55242477	1	A	1	0	0	0	0	0	0	0	0	0	0	AAGCA
chr7	55242478	1	G	1	0	0	0	0	0	0	0	0	0	0	AGCAA
chr7	55242479	1	C	1	0	0	0	0	0	0	0	0	0	0	GCAAC
chr7	55242480	2	A	2	0	0	0	0	0	0	0	0	0	0	CAACA
chr7	55242481	2	A	2	0	0	0	0	0	0	0	0	0	0	AACAT
chr7	55242482	2	C	2	0	0	0	0	0	0	0	0	0	0	ACATC
chr7	55242483	2	A	2	0	0	0	0	0	0	0	0	0	0	CATCT
chr7	55242484	2	T	2	0	0	0	0	0	0	0	0	0	0	ATCTC
chr7	55242485	2	C	2	0	0	0	0	0	0	0	0	0	0	TCTCC
chr7	55242486	2	T	2	0	0	0	0	0	0	0	0	0	0	CTCCG
chr7	55242487	2	C	2	0	0	0	0	0	0	0	0	0	0	TCCGA
chr7	55242488	2	C	2	0	0	0	0	0	0	0	0	0	0	CCGAA
chr7	55242489	2	G	2	0	0	0	0	0	0	0	0	0	0	CGAAA
chr7	55242490	2	A	2	0	0	0	0	0	0	0	0	0	0	GAAAG
chr7	55242491	2	A	2	0	0	0	0	0	0	0	0	0	0	AAAGC
chr7	55242492	2	A	2	0	0	0	0	0	0	0	0	0	0	AAGCC
chr7	55242493	2	G	2	0	0	0	0	0	0	0	0	0	0	AGCCA
chr7	55242494	2	C	2	0	0	0	0	0	0	0	0	0	0	GCCAA
chr7	55242495	2	C	2	0	0	0	0	0	0	0	0	0	0	CCAAC
chr7	55242496	2	A	2	0	0	0	0	0	0	0	0	0	0	CAACA
chr7	55242497	2	A	2	0	0	0	0	0	0	0	0	0	0	AACAA
chr7	55242498	2	C	2	0	0	0	0	0	0	0	0	0	0	ACAAG
chr7	55242499	2	A	2	0	0	0	0	0	0	0	0	0	0	CAAGG
chr7	55242500	2	A	2	0	0	0	0	0	0	0	0	0	0	AAGGA
chr7	55242501	2	G	2	0	0	0	0	0	0	0	0	0	0	AGGAA
chr7	55242502	2	G	2	0	0	0	0	0	0	0	0	0	0	GGAAA
chr7	55242503	2	A	2	0	0	0	0	0	0	0	0	0	0	GAAAT
chr7	55242504	3	A	3	0	0	0	0	0	0	0	0	0	0	AAATC
chr7	55242505	3	A	2	0	0	0	0	0	1	0	0	0	0	AATCC
chr7	55242506	3	T	3	0	0	0	0	0	0	0	0	0	0	ATCCT
chr7	55242507	3	C	3	0	0	0	0	0	0	0	0	0	0	TCCTC
chr7	55242508	3	C	3	0	0	0	0	0	0	0	0	0	0	CCTCG
chr7	55242509	3	T	3	0	0	0	0	0	0	0	0	0	0	CTCGA
chr7	55242510	3	C	3	0	0	0	0	0	0	0	0	0	0	TCGAT
chr7	55242511	3	G	3	0	0	0	0	0	0	0	0	0	0	CGATG
chr7	55242512	3	A	3	0	0	0	0	0	0	0	0	0	0	GATGT
chr7	55242513	3	T	3	0	0	0	0	0	0	0	0	0	0	ATGTG
chr7	55248986	3	G	3	0	0	0	0	0	0	0	0	0	0	GGAAG
chr7	55248987	3	A	3	0	0	0	0	0	0	0	0	0	0	GAAGC
chr7	55248988	3	A	3	0	0	0	0	0	0	0	0	0	0	AAGCC
chr7	55248989	3	G	3	0	0	0	0	0	0	0	0	0	0	AGCCT
chr7	55248990	3	C	3	0	0	0	0	0	0	0	0	0	0	GCCTA
chr7	55248991	3	C	3	0	0	0	0	0	0	0	0	0	0	CCTAC
chr7	55248992	3	T	3	0	0	0	0	0	0	0	0	0	0	CTACG
chr7	55248993	3	A	3	0	0	0	0	0	0	0	0	0	0	TACGT
chr7	55248994	3	C	3	0	0	0	0	0	0	0	0	0	0	ACGTG
chr7	55248995	3	G	3	0	0	0	0	0	0	0	0	0	0	CGTGA
chr7	55248996	3	T	3	0	0	0	0	0	0	0	0	0	0	GTGAT
chr7	55248997	3	G	2	0	0	0	0	0	0	0	0	0	0	TGATG
chr7	55248998	3	A	3	0	0	0	0	0	0	0	0	0	0	GATGG
chr7	55248999	3	T	3	0	0	0	0	0	0	0	0	0	0	ATGGC
chr7	55249000	3	G	3	0	0	0	0	0	0	0	0	0	0	TGGCC
chr7	55249001	4	G	3	1	0	0	0	0	0	0	0	0	0	GGCCA
chr7	55249002	4	C	3	1	0	0	0	0	0	0	0	0	0	GCCAG
chr7	55249003	4	C	3	1	0	0	0	0	0	0	0	0	0	CCAGC
chr7	55249004	4	A	3	1	0	0	0	0	0	0	0	0	0	CAGCG
chr7	55249005	4	G	3	1	0	0	0	0	0	0	0	0	0	AGCGT
chr7	55249006	4	C	3	1	0	0	0	0	0	0	0	0	0	GCGTG
chr7	55249007	4	G	3	1	0	0	0	0	0	0	0	0	0	CGTGG
chr7	55249008	4	T	3	1	0	0	0	0	0	0	0	0	0	GTGGA
chr7	55249009	4	G	3	1	0	0	0	0	0	0	0	0	0	TGGAC
chr7	55249010	4	G	3	1	0	0	0	0	0	0	0	0	0	GGACA
chr7	55249011	4	A	3	1	0	0	0	0	0	0	0	0	0	GACAA
chr7	55249012	4	C	3	1	0	0	0	0	0	0	0	0	0	ACAAC
chr7	55249013	4	A	3	1	0	0	0	0	0	0	0	0	0	CAACC
chr7	55249014	4	A	3	1	0	0	0	0	0	0	0	0	0	AACCC
chr7	55249015	4	C	3	1	0	0	0	0	0	0	0	0	0	ACCCC
chr7	55249016	4	C	3	1	0	0	0	0	0	0	0	0	0	CCCCC
chr7	55249017	4	C	3	1	0	0	0	0	0	0	0	0	0	CCCCA
chr7	55249018	4	C	3	1	0	0	0	0	0	0	0	0	0	CCCAC
chr7	55249019	4	C	3	1	0	0	0	0	0	0	0	0	0	CCACG
chr7	55249020	4	A	3	1	0	0	0	0	0	0	0	0	0	CACGT
chr7	55249021	4	C	3	1	0	0	0	0	0	0	0	0	0	ACGTG
chr7	55249022	4	G	3	1	0	0	0	0	0	0	0	0	0	CGTGT
chr7	55249023	4	T	3	1	0	0	0	0	0	0	0	0	0	GTGTG
chr7	55249024	4	G	3	1	0	0	0	0	0	0	0	0	0	TGTGC
chr7	55249025	4	T	3	1	0	0	0	0	0	0	0	0	0	GTGCC
chr7	55249026	4	G	3	1	0	0	0	0	0	0	0	0	0	TGCCG
chr7	55249027	4	C	3	1	0	0	0	0	0	0	0	0	0	GCCGC
chr7	55249028	4	C	3	1	0	0	0	0	0	0	0	0	0	CCGCC
chr7	55249029	4	G	3	1	0	0	0	0	0	0	0	0	0	CGCCT
chr7	55249030	4	C	3	1	0	0	0	0	0	0	0	0	0	GCCTG
chr7	55249031	4	C	3	1	0	0	0	0	0	0	0	0	0	CCTGC
chr7	55249032	4	T	3	1	0	0	0	0	0	0	0	0	0	CTGCT
chr7	55249033	4	G	3	1	0	0	0	0	0	0	0	0	0	TGCTG
chr7	55249034	4	C	3	1	0	0	0	0	0	0	0	0	0	GCTGG
chr7	55249035	4	T	3	1	0	0	0	0	0	0	0	0	0	CTGGG
chr7	55249036	4	G	3	1	0	0	0	0	0	0	0	0	0	TGGGC
chr7	55249037	4	G	3	1	0	0	0	0	0	0	0	0	0	GGGCA
chr7	55249038	4	G	3	1	0	0	0	0	0	0	0	0	0	GGCAT
chr7	55249039	4	C	3	1	0	0	0	0	0	0	0	0	0	GCATC
chr7	55249040	4	A	3	1	0	0	0	0	0	0	0	0	0	CATCT
chr7	55249041	4	T	3	1	0	0	0	0	0	0	0	0	0	ATCTG
chr7	55249042	4	C	3	1	0	0	0	0	0	0	0	0	0	TCTGC
chr7	55249043	4	T	3	1	0	0	0	0	0	0	0	0	0	CTGCC
chr7	55249044	4	G	3	1	0	0	0	0	0	0	0	0	0	TGCCT
chr7	55249045	5	C	4	1	0	0	0	0	0	0	0	0	0	GCCTC
chr7	55249046	5	C	4	1	0	0	0	0	0	0	0	0	0	CCTCA
chr7	55249047	5	T	4	1	0	0	0	0	0	0	0	0	0	CTCAC
chr7	55249048	5	C	4	1	0	0	0	0	0	0	0	0	0	TCACC
chr7	55249049	5	A	4	1	0	0	0	0	0	0	0	0	0	CACCT
chr7	55249050	5	C	4	1	0	0	0	0	0	0	0	0	0	ACCTC
chr7	55249051	5	C	4	1	0	0	0	0	0	0	0	0	0	CCTCC
chr7	55249052	5	T	4	1	0	0	0	0	0	0	0	0	0	CTCCA
chr7	55249053	5	C	4	1	0	0	0	0	0	0	0	0	0	TCCAC
chr7	55249054	5	C	4	1	0	0	0	0	0	0	0	0	0	CCACC
chr7	55249055	5	A	4	1	0	0	0	0	0	0	0	0	0	CACCG
chr7	55249056	5	C	4	1	0	0	0	0	0	0	0	0	0	ACCGT
chr7	55249057	5	C	4	1	0	0	0	0	0	0	0	0	0	CCGTG
chr7	55249058	5	G	4	1	0	0	0	0	0	0	0	0	0	CGTGC
chr7	55249059	5	T	4	1	0	0	0	0	0	0	0	0	0	GTGCA
chr7	55249060	5	G	4	1	0	0	0	0	0	0	0	0	0	TGCAG
chr7	55249061	5	C	4	1	0	0	0	0	0	0	0	0	0	GCAGC
chr7	55249062	5	A	4	1	0	0	0	0	0	0	0	0	0	CAGCT
chr7	55249063	5	G	3	0	1	1	0	0	0	0	0	0	0	AGCTC
chr7	55249064	5	C	4	1	0	0	0	0	0	0	0	0	0	GCTCA
chr7	55249065	5	T	4	1	0	0	0	0	0	0	0	0	0	CTCAT
chr7	55249066	5	C	4	1	0	0	0	0	0	0	0	0	0	TCATC
chr7	55249067	5	A	3	2	0	0	0	0	0	0	0	0	0	CATCA
chr7	55249068	5	T	3	2	0	0	0	0	0	0	0	0	0	ATCAC
chr7	55249069	5	C	3	2	0	0	0	0	0	0	0	0	0	TCACG
chr7	55249070	6	A	3	3	0	0	0	0	0	0	0	0	0	CACGC
chr7	55249071	6	C	3	3	0	0	0	0	0	0	0	0	0	ACGCA
chr7	55249072	5	G	2	3	0	0	0	0	0	0	0	0	0	CGCAG
chr7	55249073	5	C	2	3	0	0	0	0	0	0	0	0	0	GCAGC
chr7	55249074	5	A	2	3	0	0	0	0	0	0	0	0	0	CAGCT
chr7	55249075	5	G	2	3	0	0	0	0	0	0	0	0	0	AGCTC
chr7	55249076	5	C	2	3	0	0	0	0	0	0	0	0	0	GCTCA
chr7	55249077	5	T	2	3	0	0	0	0	0	0	0	0	0	CTCAT
chr7	55249078	5	C	2	3	0	0	0	0	0	0	0	0	0	TCATG
chr7	55249079	5	A	2	3	0	0	0	0	0	0	0	0	0	CATGC
chr7	55249080	5	T	2	3	0	0	0	0	0	0	0	0	0	ATGCC
chr7	55249081	5	G	2	3	0	0	0	0	0	0	0	0	0	TGCCC
chr7	55249082	5	C	2	3	0	0	0	0	0	0	0	0	0	GCCCT
chr7	55249083	5	C	2	3	0	0	0	0	0	0	0	0	0	CCCTT
chr7	55249084	5	C	2	3	0	0	0	0	0	0	0	0	0	CCTTC
chr7	55249085	5	T	2	3	0	0	0	0	0	0	0	0	0	CTTCG
chr7	55249086	5	T	2	3	0	0	0	0	0	0	0	0	0	TTCGG
chr7	55249087	6	C	2	4	0	0	0	0	0	0	0	0	0	TCGGC
chr7	55249088	6	G	2	4	0	0	0	0	0	0	0	0	0	CGGCT
chr7	55249089	6	G	2	4	0	0	0	0	0	0	0	0	0	GGCTG
chr7	55249090	6	C	2	4	0	0	0	0	0	0	0	0	0	GCTGC
chr7	55249091	5	T	2	3	0	0	0	0	0	0	0	0	0	CTGCC
chr7	55249092	5	G	2	3	0	0	0	0	0	0	0	0	0	TGCCT
chr7	55249093	5	C	2	3	0	0	0	0	0	0	0	0	0	GCCTC
chr7	55249094	5	C	2	3	0	0	0	0	0	0	0	0	0	CCTCC
chr7	55249095	5	T	2	3	0	0	0	0	0	0	0	0	0	CTCCT
chr7	55249096	5	C	2	3	0	0	0	0	0	0	0	0	0	TCCTG
chr7	55249097	5	C	1	4	0	0	0	0	0	0	0	0	0	CCTGG
chr7	55249098	5	T	1	4	0	0	0	0	0	0	0	0	0	CTGGA
chr7	55249099	5	G	1	4	0	0	0	0	0	0	0	0	0	TGGAC
chr7	55249100	5	G	1	4	0	0	0	0	0	0	0	0	0	GGACT
chr7	55249101	5	A	1	4	0	0	0	0	0	0	0	0	0	GACTA
chr7	55249102	5	C	1	4	0	0	0	0	0	0	0	0	0	ACTAT
chr7	55249103	5	T	1	4	0	0	0	0	0	0	0	0	0	CTATG
chr7	55249104	5	A	1	4	0	0	0	0	0	0	0	0	0	TATGT
chr7	55249105	5	T	1	4	0	0	0	0	0	0	0	0	0	ATGTC
chr7	55249106	5	G	1	4	0	0	0	0	0	0	0	0	0	TGTCC
chr7	55249107	5	T	1	4	0	0	0	0	0	0	0	0	0	GTCCG
chr7	55249108	5	C	2	3	0	0	0	0	0	0	0	0	0	TCCGG
chr7	55249109	5	C	2	3	0	0	0	0	0	0	0	0	0	CCGGG
chr7	55249110	5	G	2	3	0	0	0	0	0	0	0	0	0	CGGGA
chr7	55249111	5	G	2	3	0	0	0	0	0	0	0	0	0	GGGAA
chr7	55249112	5	G	2	3	0	0	0	0	0	0	0	0	0	GGAAC
chr7	55249113	5	A	2	3	0	0	0	0	0	0	0	0	0	GAACA
chr7	55249114	5	A	2	3	0	0	0	0	0	0	0	0	0	AACAC
chr7	55249115	5	C	2	3	0	0	0	0	0	0	0	0	0	ACACA
chr7	55249116	5	A	2	3	0	0	0	0	0	0	0	0	0	CACAA
chr7	55249117	5	C	2	3	0	0	0	0	0	0	0	0	0	ACAAA
chr7	55249118	4	A	1	3	0	0	0	0	0	0	0	0	0	CAAAG
chr7	55249119	4	A	1	3	0	0	0	0	0	0	0	0	0	AAAGA
chr7	55249120	4	A	1	3	0	0	0	0	0	0	0	0	0	AAGAC
chr7	55249121	4	G	1	3	0	0	0	0	0	0	0	0	0	AGACA
chr7	55249122	4	A	1	3	0	0	0	0	0	0	0	0	0	GACAA
chr7	55249123	4	C	1	3	0	0	0	0	0	0	0	0	0	ACAAT
chr7	55249124	4	A	1	3	0	0	0	0	0	0	0	0	0	CAATA
chr7	55249125	4	A	1	3	0	0	0	0	0	0	0	0	0	AATAT
chr7	55249126	4	T	1	3	0	0	0	0	0	0	0	0	0	ATATT
chr7	55249127	4	A	1	3	0	0	0	0	0	0	0	0	0	TATTG
chr7	55249128	3	T	1	2	0	0	0	0	0	0	0	0	0	ATTGG
chr7	55249129	3	T	1	2	0	0	0	0	0	0	0	0	0	TTGGC
chr7	55249130	3	G	1	2	0	0	0	0	0	0	0	0	0	TGGCT
chr7	55249131	3	G	1	2	0	0	0	0	0	0	0	0	0	GGCTC
chr7	55249132	3	C	1	2	0	0	0	0	0	0	0	0	0	GCTCC
chr7	55249133	3	T	1	2	0	0	0	0	0	0	0	0	0	CTCCC
chr7	55249134	3	C	1	2	0	0	0	0	0	0	0	0	0	TCCCA
chr7	55249135	3	C	1	2	0	0	0	0	0	0	0	0	0	CCCAG
chr7	55249136	3	C	1	2	0	0	0	0	0	0	0	0	0	CCAGT
chr7	55249137	3	A	1	2	0	0	0	0	0	0	0	0	0	CAGTA
chr7	55249138	3	G	1	2	0	0	0	0	0	0	0	0	0	AGTAC
chr7	55249139	3	T	1	2	0	0	0	0	0	0	0	0	0	GTACC
chr7	55249140	3	A	1	2	0	0	0	0	0	0	0	0	0	TACCT
chr7	55249141	3	C	1	2	0	0	0	0	0	0	0	0	0	ACCTG
chr7	55249142	3	C	1	2	0	0	0	0	0	0	0	0	0	CCTGC
chr7	55249143	3	T	1	2	0	0	0	0	0	0	0	0	0	CTGCT
chr7	55249144	3	G	1	2	0	0	0	0	0	0	0	0	0	TGCTC
chr7	55249145	3	C	1	2	0	0	0	0	0	0	0	0	0	GCTCA
chr7	55249146	3	T	1	2	0	0	0	0	0	0	0	0	0	CTCAA
chr7	55249147	3	C	1	2	0	0	0	0	0	0	0	0	0	TCAAC
chr7	55249148	3	A	1	2	0	0	0	0	0	0	0	0	0	CAACT
chr7	55249149	3	A	1	2	0	0	0	0	0	0	0	0	0	AACTG
chr7	55249150	3	C	1	2	0	0	0	0	0	0	0	0	0	ACTGG
chr7	55249151	3	T	1	2	0	0	0	0	0	0	0	0	0	CTGGT
chr7	55249152	3	G	1	2	0	0	0	0	0	0	0	0	0	TGGTG
chr7	55249153	3	G	1	2	0	0	0	0	0	0	0	0	0	GGTGT
chr7	55249154	3	T	1	2	0	0	0	0	0	0	0	0	0	GTGTG
chr7	55249155	3	G	1	2	0	0	0	0	0	0	0	0	0	TGTGT
chr7	55249156	3	T	1	2	0	0	0	0	0	0	0	0	0	GTGTG
chr7	55249157	3	G	1	2	0	0	0	0	0	0	0	0	0	TGTGC
chr7	55249158	4	T	1	2	0	1	0	0	0	0	0	0	0	GTGCA
chr7	55249159	4	G	1	3	0	0	0	0	0	0	0	0	0	TGCAG
chr7	55249160	4	C	1	3	0	0	0	0	0	0	0	0	0	GCAGA
chr7	55249161	4	A	1	3	0	0	0	0	0	0	0	0	0	CAGAT
chr7	55249162	4	G	1	3	0	0	0	0	0	0	0	0	0	AGATC
chr7	55249163	4	A	0	4	0	0	0	0	0	0	0	0	0	GATCG
chr7	55249164	4	T	0	4	0	0	0	0	0	0	0	0	0	ATCGC
chr7	55249165	4	C	0	4	0	0	0	0	0	0	0	0	0	TCGCA
chr7	55249166	4	G	0	4	0	0	0	0	0	0	0	0	0	CGCAA
chr7	55249167	4	C	0	4	0	0	0	0	0	0	0	0	0	GCAAA
chr7	55249168	4	A	0	4	0	0	0	0	0	0	0	0	0	CAAAG
chr7	55249169	4	A	0	4	0	0	0	0	0	0	0	0	0	AAAGG
chr7	55249170	4	A	0	4	0	0	0	0	0	0	0	0	0	AAGGT
chr7	55249171	4	G	0	4	0	0	0	0	0	0	0	0	0	AGGTA
chr7	55259514	3	C	2	1	0	0	0	0	0	0	0	0	0	GCTGG
chr7	55259515	3	T	2	1	0	0	0	0	0	0	0	0	0	CTGGC
chr7	55259516	2	G	1	1	0	0	0	0	0	0	0	0	0	TGGCC
chr7	55259523	2	C	1	1	0	0	0	0	0	0	0	0	0	ACTGC
chr7	55259524	2	T	1	1	0	0	0	0	0	0	0	0	0	CTGCT
chr7	55259525	2	G	1	1	0	0	0	0	0	0	0	0	0	TGCTG
chr7	140453135	805	C	332	470	1	0	0	0	1	0	0	0	0	TCACT
chr7	140453136	791	A	332	457	0	0	0	0	0	1	0	0	0	CACTG
chr7	140453137	772	C	336	433	0	0	0	0	0	2	0	0	0	ACTGT
chr12	335658	1	G	0	1	0	0	0	0	0	0	0	0	0	AGGAA	nan	nan	nan	nan
chr12	25380274	1109	C	631	476	0	0	0	0	0	2	0	0	0	TCTTG
chr12	25380275	1106	T	625	481	0	0	0	0	0	0	0	0	0	CTTGA
chr12	25380276	1112	T	610	490	0	0	12	0	0	0	0	0	0	TTGAC
chr12	25380277	1105	G	624	481	0	0	0	0	0	0	0	0	0	TGACC
chr12	25380278	1110	A	625	484	0	0	0	0	0	0	0	1	0	GACCT
chr12	25398283	951	A	441	506	0	0	0	1	1	0	0	2	0	CACCA
chr12	25398284	955	C	438	515	1	0	0	0	0	0	1	0	0	ACCAG
chr12	25398285	958	C	439	519	0	0	0	0	0	0	0	0	0	CCAGC
chr12	25398286	956	A	441	514	0	0	0	0	0	1	0	0	0	CAGCT
