CHR	POS	DEPTH	REF	R+	R-	A+	A-	C+	C-	T+	T-	G+	G-	PAD	MOTIF
chr7	1022896	1	C	1	0	0	0	0	0	0	0	0	0	0	GCTGC	nan	nan	nan	nan
chr7	55241706	3	G	1	2	0	0	0	0	0	0	0	0	0	TGGGC
chr7	55241707	3	G	1	2	0	0	0	0	0	0	0	0	0	GGGCT
chr7	55241708	3	G	1	2	0	0	0	0	0	0	0	0	0	GGCTC
chr7	55241709	3	C	1	2	0	0	0	0	0	0	0	0	0	GCTCC
chr7	55242415	1	G	1	0	0	0	0	0	0	0	0	0	0	GGGAC
chr7	55242416	2	G	1	1	0	0	0	0	0	0	0	0	0	GGACT
chr7	55242417	1	A	1	0	0	0	0	0	0	0	0	0	0	GACTC
chr7	55242418	2	C	1	1	0	0	0	0	0	0	0	0	0	ACTCT
chr7	55242419	2	T	1	1	0	0	0	0	0	0	0	0	0	CTCTG
chr7	55242420	2	C	1	1	0	0	0	0	0	0	0	0	0	TCTGG
chr7	55242421	2	T	1	1	0	0	0	0	0	0	0	0	0	CTGGA
chr7	55242422	2	G	1	1	0	0	0	0	0	0	0	0	0	TGGAT
chr7	55242423	2	G	1	1	0	0	0	0	0	0	0	0	0	GGATC
chr7	55242424	2	A	1	1	0	0	0	0	0	0	0	0	0	GATCC
chr7	55242425	1	T	1	0	0	0	0	0	0	0	0	0	0	ATCCC
chr7	55242426	1	C	1	0	0	0	0	0	0	0	0	0	0	TCCCA
chr7	55242427	1	C	1	0	0	0	0	0	0	0	0	0	0	CCCAG
chr7	55242428	2	C	1	1	0	0	0	0	0	0	0	0	0	CCAGA
chr7	55242429	2	A	1	1	0	0	0	0	0	0	0	0	0	CAGAA
chr7	55242430	2	G	1	1	0	0	0	0	0	0	0	0	0	AGAAG
chr7	55242431	2	A	1	1	0	0	0	0	0	0	0	0	0	GAAGG
chr7	55242432	2	A	1	1	0	0	0	0	0	0	0	0	0	AAGGT
chr7	55242433	1	G	1	0	0	0	0	0	0	0	0	0	0	AGGTG
chr7	55242434	2	G	1	1	0	0	0	0	0	0	0	0	0	GGTGA
chr7	55242435	2	T	1	1	0	0	0	0	0	0	0	0	0	GTGAG
chr7	55242436	2	G	1	1	0	0	0	0	0	0	0	0	0	TGAGA
chr7	55242437	2	A	1	1	0	0	0	0	0	0	0	0	0	GAGAA
chr7	55242438	2	G	1	1	0	0	0	0	0	0	0	0	0	AGAAA
chr7	55242439	2	A	1	1	0	0	0	0	0	0	0	0	0	GAAAG
chr7	55242440	2	A	1	1	0	0	0	0	0	0	0	0	0	AAAGT
chr7	55242441	2	A	1	1	0	0	0	0	0	0	0	0	0	AAGTT
chr7	55242442	2	G	1	1	0	0	0	0	0	0	0	0	0	AGTTA
chr7	55242443	2	T	1	1	0	0	0	0	0	0	0	0	0	GTTAA
chr7	55242444	2	T	1	1	0	0	0	0	0	0	0	0	0	TTAAA
chr7	55242445	2	A	1	1	0	0	0	0	0	0	0	0	0	TAAAA
chr7	55242446	2	A	1	1	0	0	0	0	0	0	0	0	0	AAAAT
chr7	55242447	2	A	1	1	0	0	0	0	0	0	0	0	0	AAATT
chr7	55242448	2	A	1	1	0	0	0	0	0	0	0	0	0	AATTC
chr7	55242449	1	T	1	0	0	0	0	0	0	0	0	0	0	ATTCC
chr7	55242450	2	T	1	1	0	0	0	0	0	0	0	0	0	TTCCC
chr7	55242451	2	C	1	1	0	0	0	0	0	0	0	0	0	TCCCG
chr7	55242452	2	C	1	1	0	0	0	0	0	0	0	0	0	CCCGT
chr7	55242453	2	C	1	1	0	0	0	0	0	0	0	0	0	CCGTC
chr7	55242454	2	G	1	1	0	0	0	0	0	0	0	0	0	CGTCG
chr7	55242455	1	T	1	0	0	0	0	0	0	0	0	0	0	GTCGC
chr7	55242456	3	C	2	1	0	0	0	0	0	0	0	0	0	TCGCT
chr7	55242457	3	G	2	1	0	0	0	0	0	0	0	0	0	CGCTA
chr7	55242458	2	C	2	0	0	0	0	0	0	0	0	0	0	GCTAT
chr7	55242459	3	T	2	1	0	0	0	0	0	0	0	0	0	CTATC
chr7	55242460	3	A	2	1	0	0	0	0	0	0	0	0	0	TATCA
chr7	55242461	3	T	2	1	0	0	0	0	0	0	0	0	0	ATCAA
chr7	55242462	3	C	2	1	0	0	0	0	0	0	0	0	0	TCAAG
chr7	55242463	3	A	2	1	0	0	0	0	0	0	0	0	0	CAAGG
chr7	55242464	3	A	2	1	0	0	0	0	0	0	0	0	0	AAGGA
chr7	55242465	3	G	2	1	0	0	0	0	0	0	0	0	0	AGGAA
chr7	55242466	3	G	2	1	0	0	0	0	0	0	0	0	0	GGAAT
chr7	55242467	3	A	2	1	0	0	0	0	0	0	0	0	0	GAATT
chr7	55242468	3	A	2	1	0	0	0	0	0	0	0	0	0	AATTA
chr7	55242469	3	T	2	1	0	0	0	0	0	0	0	0	0	ATTAA
chr7	55242470	2	T	2	0	0	0	0	0	0	0	0	0	0	TTAAG
chr7	55242471	3	A	2	1	0	0	0	0	0	0	0	0	0	TAAGA
chr7	55242472	3	A	2	1	0	0	0	0	0	0	0	0	0	AAGAG
chr7	55242473	2	G	2	0	0	0	0	0	0	0	0	0	0	AGAGA
chr7	55242474	3	A	2	1	0	0	0	0	0	0	0	0	0	GAGAA
chr7	55242475	3	G	2	1	0	0	0	0	0	0	0	0	0	AGAAG
chr7	55242476	3	A	2	1	0	0	0	0	0	0	0	0	0	GAAGC
chr7	55242477	3	A	2	1	0	0	0	0	0	0	0	0	0	AAGCA
chr7	55242478	3	G	2	1	0	0	0	0	0	0	0	0	0	AGCAA
chr7	55242479	3	C	2	1	0	0	0	0	0	0	0	0	0	GCAAC
chr7	55242480	2	A	1	1	0	0	0	0	0	0	0	0	0	CAACA
chr7	55242481	2	A	1	1	0	0	0	0	0	0	0	0	0	AACAT
chr7	55242482	2	C	1	1	0	0	0	0	0	0	0	0	0	ACATC
chr7	55242483	2	A	1	1	0	0	0	0	0	0	0	0	0	CATCT
chr7	55242484	2	T	1	1	0	0	0	0	0	0	0	0	0	ATCTC
chr7	55242485	2	C	1	1	0	0	0	0	0	0	0	0	0	TCTCC
chr7	55242486	2	T	1	1	0	0	0	0	0	0	0	0	0	CTCCG
chr7	55242487	2	C	1	1	0	0	0	0	0	0	0	0	0	TCCGA
chr7	55242488	2	C	1	1	0	0	0	0	0	0	0	0	0	CCGAA
chr7	55242489	2	G	1	1	0	0	0	0	0	0	0	0	0	CGAAA
chr7	55242490	2	A	1	1	0	0	0	0	0	0	0	0	0	GAAAG
chr7	55242491	2	A	1	1	0	0	0	0	0	0	0	0	0	AAAGC
chr7	55242492	2	A	1	1	0	0	0	0	0	0	0	0	0	AAGCC
chr7	55242493	2	G	1	1	0	0	0	0	0	0	0	0	0	AGCCA
chr7	55242494	1	C	1	0	0	0	0	0	0	0	0	0	0	GCCAA
chr7	55242495	2	C	1	1	0	0	0	0	0	0	0	0	0	CCAAC
chr7	55242496	2	A	1	1	0	0	0	0	0	0	0	0	0	CAACA
chr7	55242497	2	A	1	1	0	0	0	0	0	0	0	0	0	AACAA
chr7	55242498	2	C	1	1	0	0	0	0	0	0	0	0	0	ACAAG
chr7	55242499	2	A	1	1	0	0	0	0	0	0	0	0	0	CAAGG
chr7	55242500	2	A	1	1	0	0	0	0	0	0	0	0	0	AAGGA
chr7	55242501	2	G	1	1	0	0	0	0	0	0	0	0	0	AGGAA
chr7	55242502	2	G	1	1	0	0	0	0	0	0	0	0	0	GGAAA
chr7	55242503	2	A	1	1	0	0	0	0	0	0	0	0	0	GAAAT
chr7	55242504	2	A	1	1	0	0	0	0	0	0	0	0	0	AAATC
chr7	55242505	2	A	1	1	0	0	0	0	0	0	0	0	0	AATCC
chr7	55242506	2	T	1	1	0	0	0	0	0	0	0	0	0	ATCCT
chr7	55242507	2	C	1	1	0	0	0	0	0	0	0	0	0	TCCTC
chr7	55242508	2	C	1	1	0	0	0	0	0	0	0	0	0	CCTCG
chr7	55242509	2	T	1	1	0	0	0	0	0	0	0	0	0	CTCGA
chr7	55242510	2	C	1	1	0	0	0	0	0	0	0	0	0	TCGAT
chr7	55242511	2	G	1	1	0	0	0	0	0	0	0	0	0	CGATG
chr7	55242512	2	A	1	1	0	0	0	0	0	0	0	0	0	GATGT
chr7	55242513	2	T	1	1	0	0	0	0	0	0	0	0	0	ATGTG
chr7	55259514	1	C	0	1	0	0	0	0	0	0	0	0	0	GCTGG
chr7	55259515	1	T	0	1	0	0	0	0	0	0	0	0	0	CTGGC
chr7	55259516	1	G	0	1	0	0	0	0	0	0	0	0	0	TGGCC
chr7	55259523	1	C	0	1	0	0	0	0	0	0	0	0	0	ACTGC
chr7	55259524	1	T	0	1	0	0	0	0	0	0	0	0	0	CTGCT
chr7	55259525	1	G	0	1	0	0	0	0	0	0	0	0	0	TGCTG
chr7	140453135	824	C	310	513	0	0	0	0	0	1	0	0	0	TCACT
chr7	140453136	833	A	317	515	0	0	0	0	0	0	0	1	0	CACTG
chr7	140453137	819	C	317	497	0	1	0	0	1	3	0	0	0	ACTGT
chr12	332055	1	C	1	0	0	0	0	0	0	0	0	0	242	ACAGG	nan	nan	nan	nan
chr12	25380274	677	C	417	260	0	0	0	0	0	0	0	0	0	TCTTG
chr12	25380275	673	T	416	257	0	0	0	0	0	0	0	0	0	CTTGA
chr12	25380276	670	T	410	256	0	0	4	0	0	0	0	0	0	TTGAC
chr12	25380277	662	G	412	250	0	0	0	0	0	0	0	0	0	TGACC
chr12	25380278	660	A	411	248	0	0	0	0	0	0	0	1	0	GACCT
chr12	25398283	585	A	183	400	0	0	0	1	1	0	0	0	0	CACCA
chr12	25398284	591	C	180	408	2	0	0	0	0	0	1	0	0	ACCAG
chr12	25398285	594	C	186	408	0	0	0	0	0	0	0	0	0	CCAGC
chr12	25398286	586	A	184	402	0	0	0	0	0	0	0	0	0	CAGCT
