CHR	POS	DEPTH	REF	R+	R-	A+	A-	C+	C-	T+	T-	G+	G-	PAD	MOTIF
chr7	1026179	1	C	1	0	0	0	0	0	0	0	0	0	80	GCCGC
chr7	55242415	1	G	0	1	0	0	0	0	0	0	0	0	0	GGGAC
chr7	55242416	1	G	0	1	0	0	0	0	0	0	0	0	0	GGACT
chr7	55242417	1	A	0	1	0	0	0	0	0	0	0	0	0	GACTC
chr7	55242418	1	C	0	1	0	0	0	0	0	0	0	0	0	ACTCT
chr7	55242419	1	T	0	1	0	0	0	0	0	0	0	0	0	CTCTG
chr7	55242420	1	C	0	1	0	0	0	0	0	0	0	0	0	TCTGG
chr7	55242421	1	T	0	1	0	0	0	0	0	0	0	0	0	CTGGA
chr7	55242422	1	G	0	1	0	0	0	0	0	0	0	0	0	TGGAT
chr7	55242423	1	G	0	1	0	0	0	0	0	0	0	0	0	GGATC
chr7	55242424	1	A	0	1	0	0	0	0	0	0	0	0	0	GATCC
chr7	55242425	1	T	0	1	0	0	0	0	0	0	0	0	0	ATCCC
chr7	55242426	1	C	0	1	0	0	0	0	0	0	0	0	0	TCCCA
chr7	55242427	1	C	0	1	0	0	0	0	0	0	0	0	0	CCCAG
chr7	55242428	1	C	0	1	0	0	0	0	0	0	0	0	0	CCAGA
chr7	55242429	1	A	0	1	0	0	0	0	0	0	0	0	0	CAGAA
chr7	55242430	1	G	0	1	0	0	0	0	0	0	0	0	0	AGAAG
chr7	55242431	1	A	0	1	0	0	0	0	0	0	0	0	0	GAAGG
chr7	55242432	1	A	0	1	0	0	0	0	0	0	0	0	0	AAGGT
chr7	55242433	1	G	0	1	0	0	0	0	0	0	0	0	0	AGGTG
chr7	55242434	1	G	0	1	0	0	0	0	0	0	0	0	0	GGTGA
chr7	55242435	1	T	0	1	0	0	0	0	0	0	0	0	0	GTGAG
chr7	55242436	1	G	0	1	0	0	0	0	0	0	0	0	0	TGAGA
chr7	55242437	1	A	0	1	0	0	0	0	0	0	0	0	0	GAGAA
chr7	55242438	1	G	0	1	0	0	0	0	0	0	0	0	0	AGAAA
chr7	55242439	1	A	0	1	0	0	0	0	0	0	0	0	0	GAAAG
chr7	55242440	1	A	0	1	0	0	0	0	0	0	0	0	0	AAAGT
chr7	55242441	1	A	0	1	0	0	0	0	0	0	0	0	0	AAGTT
chr7	55242442	1	G	0	1	0	0	0	0	0	0	0	0	0	AGTTA
chr7	55242443	1	T	0	1	0	0	0	0	0	0	0	0	0	GTTAA
chr7	55242444	1	T	0	1	0	0	0	0	0	0	0	0	0	TTAAA
chr7	55242445	1	A	0	1	0	0	0	0	0	0	0	0	0	TAAAA
chr7	55242446	1	A	0	1	0	0	0	0	0	0	0	0	0	AAAAT
chr7	55242447	1	A	0	1	0	0	0	0	0	0	0	0	0	AAATT
chr7	55242448	1	A	0	1	0	0	0	0	0	0	0	0	0	AATTC
chr7	55242449	1	T	0	1	0	0	0	0	0	0	0	0	0	ATTCC
chr7	55242450	1	T	0	1	0	0	0	0	0	0	0	0	0	TTCCC
chr7	55242451	1	C	0	1	0	0	0	0	0	0	0	0	0	TCCCG
chr7	55242452	1	C	0	1	0	0	0	0	0	0	0	0	0	CCCGT
chr7	55242453	1	C	0	1	0	0	0	0	0	0	0	0	0	CCGTC
chr7	55242454	1	G	0	1	0	0	0	0	0	0	0	0	0	CGTCG
chr7	55242455	1	T	0	1	0	0	0	0	0	0	0	0	0	GTCGC
chr7	55242456	1	C	0	1	0	0	0	0	0	0	0	0	0	TCGCT
chr7	55242457	1	G	0	1	0	0	0	0	0	0	0	0	0	CGCTA
chr7	55242458	1	C	0	1	0	0	0	0	0	0	0	0	0	GCTAT
chr7	55242459	1	T	0	1	0	0	0	0	0	0	0	0	0	CTATC
chr7	55242460	1	A	0	1	0	0	0	0	0	0	0	0	0	TATCA
chr7	55242461	1	T	0	1	0	0	0	0	0	0	0	0	0	ATCAA
chr7	55242462	1	C	0	1	0	0	0	0	0	0	0	0	0	TCAAG
chr7	55242463	1	A	0	1	0	0	0	0	0	0	0	0	0	CAAGG
chr7	55242464	1	A	0	1	0	0	0	0	0	0	0	0	0	AAGGA
chr7	55242465	1	G	0	1	0	0	0	0	0	0	0	0	0	AGGAA
chr7	55242466	1	G	0	1	0	0	0	0	0	0	0	0	0	GGAAT
chr7	55242467	1	A	0	1	0	0	0	0	0	0	0	0	0	GAATT
chr7	55242468	1	A	0	1	0	0	0	0	0	0	0	0	0	AATTA
chr7	55242469	1	T	0	1	0	0	0	0	0	0	0	0	0	ATTAA
chr7	55242470	1	T	0	1	0	0	0	0	0	0	0	0	0	TTAAG
chr7	55242471	1	A	0	1	0	0	0	0	0	0	0	0	0	TAAGA
chr7	55242472	1	A	0	1	0	0	0	0	0	0	0	0	0	AAGAG
chr7	55242473	1	G	0	1	0	0	0	0	0	0	0	0	0	AGAGA
chr7	55242474	1	A	0	1	0	0	0	0	0	0	0	0	0	GAGAA
chr7	55242475	1	G	0	1	0	0	0	0	0	0	0	0	0	AGAAG
chr7	55242476	1	A	0	1	0	0	0	0	0	0	0	0	0	GAAGC
chr7	55242477	1	A	0	1	0	0	0	0	0	0	0	0	0	AAGCA
chr7	55242478	1	G	0	1	0	0	0	0	0	0	0	0	0	AGCAA
chr7	55242479	1	C	0	1	0	0	0	0	0	0	0	0	0	GCAAC
chr7	55242480	1	A	0	1	0	0	0	0	0	0	0	0	0	CAACA
chr7	55242481	1	A	0	1	0	0	0	0	0	0	0	0	0	AACAT
chr7	55242482	1	C	0	1	0	0	0	0	0	0	0	0	0	ACATC
chr7	55242483	2	A	0	2	0	0	0	0	0	0	0	0	0	CATCT
chr7	55242484	2	T	0	2	0	0	0	0	0	0	0	0	0	ATCTC
chr7	55242485	2	C	0	2	0	0	0	0	0	0	0	0	0	TCTCC
chr7	55242486	2	T	0	2	0	0	0	0	0	0	0	0	0	CTCCG
chr7	55242487	1	C	0	1	0	0	0	0	0	0	0	0	0	TCCGA
chr7	55242488	1	C	0	1	0	0	0	0	0	0	0	0	0	CCGAA
chr7	55242489	1	G	0	1	0	0	0	0	0	0	0	0	0	CGAAA
chr7	55242490	1	A	0	1	0	0	0	0	0	0	0	0	0	GAAAG
chr7	55242491	1	A	0	1	0	0	0	0	0	0	0	0	0	AAAGC
chr7	55242492	1	A	0	1	0	0	0	0	0	0	0	0	0	AAGCC
chr7	55242493	1	G	0	1	0	0	0	0	0	0	0	0	0	AGCCA
chr7	55242494	1	C	0	1	0	0	0	0	0	0	0	0	0	GCCAA
chr7	55242495	1	C	0	1	0	0	0	0	0	0	0	0	0	CCAAC
chr7	55242496	1	A	0	1	0	0	0	0	0	0	0	0	0	CAACA
chr7	55242497	1	A	0	1	0	0	0	0	0	0	0	0	0	AACAA
chr7	55242498	1	C	0	1	0	0	0	0	0	0	0	0	0	ACAAG
chr7	55242499	1	A	0	1	0	0	0	0	0	0	0	0	0	CAAGG
chr7	55242500	1	A	0	1	0	0	0	0	0	0	0	0	0	AAGGA
chr7	55242501	1	G	0	1	0	0	0	0	0	0	0	0	0	AGGAA
chr7	55242502	1	G	0	1	0	0	0	0	0	0	0	0	0	GGAAA
chr7	55242503	1	A	0	1	0	0	0	0	0	0	0	0	0	GAAAT
chr7	55242504	1	A	0	1	0	0	0	0	0	0	0	0	0	AAATC
chr7	55242505	1	A	0	1	0	0	0	0	0	0	0	0	0	AATCC
chr7	55242506	1	T	0	1	0	0	0	0	0	0	0	0	0	ATCCT
chr7	55242507	1	C	0	1	0	0	0	0	0	0	0	0	0	TCCTC
chr7	55242508	1	C	0	1	0	0	0	0	0	0	0	0	0	CCTCG
chr7	55242509	1	T	0	1	0	0	0	0	0	0	0	0	0	CTCGA
chr7	55242510	1	C	0	1	0	0	0	0	0	0	0	0	0	TCGAT
chr7	55242511	1	G	0	1	0	0	0	0	0	0	0	0	0	CGATG
chr7	55242512	1	A	0	1	0	0	0	0	0	0	0	0	0	GATGT
chr7	55242513	1	T	0	1	0	0	0	0	0	0	0	0	0	ATGTG
chr7	55259514	3	C	0	3	0	0	0	0	0	0	0	0	0	GCTGG
chr7	55259515	3	T	0	3	0	0	0	0	0	0	0	0	0	CTGGC
chr7	55259516	3	G	0	3	0	0	0	0	0	0	0	0	0	TGGCC
chr7	55259523	2	C	0	2	0	0	0	0	0	0	0	0	0	ACTGC
chr7	55259524	2	T	0	2	0	0	0	0	0	0	0	0	0	CTGCT
chr7	55259525	2	G	0	2	0	0	0	0	0	0	0	0	0	TGCTG
chr7	140453135	486	C	193	292	1	0	0	0	0	0	0	0	0	TCACT
chr7	140453136	482	A	196	286	0	0	0	0	0	0	0	0	0	CACTG
chr7	140453137	469	C	195	273	0	1	0	0	0	0	0	0	0	ACTGT
chr12	330333	1	C	1	0	0	0	0	0	0	0	0	0	99	ACCTG
chr12	25380274	311	C	187	124	0	0	0	0	0	0	0	0	0	TCTTG
chr12	25380275	312	T	189	123	0	0	0	0	0	0	0	0	0	CTTGA
chr12	25380276	317	T	191	124	0	0	2	0	0	0	0	0	0	TTGAC
chr12	25380277	316	G	196	120	0	0	0	0	0	0	0	0	0	TGACC
chr12	25380278	315	A	191	124	0	0	0	0	0	0	0	0	0	GACCT
chr12	25398283	305	A	146	158	0	0	0	0	0	0	0	1	0	CACCA
chr12	25398284	307	C	146	161	0	0	0	0	0	0	0	0	0	ACCAG
chr12	25398285	307	C	148	159	0	0	0	0	0	0	0	0	0	CCAGC
chr12	25398286	309	A	145	163	0	0	0	0	1	0	0	0	0	CAGCT
