CHR	POS	DEPTH	REF	R+	R-	A+	A-	C+	C-	T+	T-	G+	G-	PAD	MOTIF
chr7	1028017	1	C	1	0	0	0	0	0	0	0	0	0	0	ACTTT	nan	nan	nan	nan
chr7	55241707	1	G	1	0	0	0	0	0	0	0	0	0	0	GGGCT
chr7	55241708	1	G	1	0	0	0	0	0	0	0	0	0	0	GGCTC
chr7	55241709	1	C	1	0	0	0	0	0	0	0	0	0	0	GCTCC
chr7	55242415	2	G	2	0	0	0	0	0	0	0	0	0	0	GGGAC
chr7	55242416	2	G	2	0	0	0	0	0	0	0	0	0	0	GGACT
chr7	55242417	2	A	2	0	0	0	0	0	0	0	0	0	0	GACTC
chr7	55242418	2	C	2	0	0	0	0	0	0	0	0	0	0	ACTCT
chr7	55242419	2	T	2	0	0	0	0	0	0	0	0	0	0	CTCTG
chr7	55242420	2	C	2	0	0	0	0	0	0	0	0	0	0	TCTGG
chr7	55242421	2	T	2	0	0	0	0	0	0	0	0	0	0	CTGGA
chr7	55242422	1	G	1	0	0	0	0	0	0	0	0	0	0	TGGAT
chr7	55242423	1	G	1	0	0	0	0	0	0	0	0	0	0	GGATC
chr7	55242424	1	A	1	0	0	0	0	0	0	0	0	0	0	GATCC
chr7	55242425	1	T	1	0	0	0	0	0	0	0	0	0	0	ATCCC
chr7	55242426	1	C	1	0	0	0	0	0	0	0	0	0	0	TCCCA
chr7	55242427	1	C	1	0	0	0	0	0	0	0	0	0	0	CCCAG
chr7	55242428	1	C	1	0	0	0	0	0	0	0	0	0	0	CCAGA
chr7	55242429	1	A	1	0	0	0	0	0	0	0	0	0	0	CAGAA
chr7	55242430	1	G	1	0	0	0	0	0	0	0	0	0	0	AGAAG
chr7	55242431	1	A	1	0	0	0	0	0	0	0	0	0	0	GAAGG
chr7	55242432	1	A	1	0	0	0	0	0	0	0	0	0	0	AAGGT
chr7	55242433	1	G	1	0	0	0	0	0	0	0	0	0	0	AGGTG
chr7	55242434	1	G	1	0	0	0	0	0	0	0	0	0	0	GGTGA
chr7	55242435	1	T	1	0	0	0	0	0	0	0	0	0	0	GTGAG
chr7	55242436	1	G	1	0	0	0	0	0	0	0	0	0	0	TGAGA
chr7	55242437	1	A	1	0	0	0	0	0	0	0	0	0	0	GAGAA
chr7	55242438	1	G	1	0	0	0	0	0	0	0	0	0	0	AGAAA
chr7	55242439	1	A	1	0	0	0	0	0	0	0	0	0	0	GAAAG
chr7	55242440	1	A	0	1	0	0	0	0	0	0	0	0	0	AAAGT
chr7	55242441	1	A	0	1	0	0	0	0	0	0	0	0	0	AAGTT
chr7	55242442	1	G	0	1	0	0	0	0	0	0	0	0	0	AGTTA
chr7	55242443	1	T	0	1	0	0	0	0	0	0	0	0	0	GTTAA
chr7	55242444	1	T	0	1	0	0	0	0	0	0	0	0	0	TTAAA
chr7	55242445	1	A	0	1	0	0	0	0	0	0	0	0	0	TAAAA
chr7	55242446	1	A	0	1	0	0	0	0	0	0	0	0	0	AAAAT
chr7	55242447	1	A	0	1	0	0	0	0	0	0	0	0	0	AAATT
chr7	55242448	1	A	0	1	0	0	0	0	0	0	0	0	0	AATTC
chr7	55242450	1	T	0	1	0	0	0	0	0	0	0	0	0	TTCCC
chr7	55242451	1	C	0	1	0	0	0	0	0	0	0	0	0	TCCCG
chr7	55242452	1	C	0	1	0	0	0	0	0	0	0	0	0	CCCGT
chr7	55242453	1	C	0	1	0	0	0	0	0	0	0	0	0	CCGTC
chr7	55242454	1	G	0	1	0	0	0	0	0	0	0	0	0	CGTCG
chr7	55242455	1	T	0	1	0	0	0	0	0	0	0	0	0	GTCGC
chr7	55242456	1	C	0	1	0	0	0	0	0	0	0	0	0	TCGCT
chr7	55242457	1	G	0	1	0	0	0	0	0	0	0	0	0	CGCTA
chr7	55242459	1	T	0	1	0	0	0	0	0	0	0	0	0	CTATC
chr7	55242460	1	A	0	1	0	0	0	0	0	0	0	0	0	TATCA
chr7	55242461	1	T	0	1	0	0	0	0	0	0	0	0	0	ATCAA
chr7	55242462	1	C	0	1	0	0	0	0	0	0	0	0	0	TCAAG
chr7	55242463	1	A	0	1	0	0	0	0	0	0	0	0	0	CAAGG
chr7	55242465	1	G	0	1	0	0	0	0	0	0	0	0	0	AGGAA
chr7	55242466	1	G	0	1	0	0	0	0	0	0	0	0	0	GGAAT
chr7	55242467	1	A	0	1	0	0	0	0	0	0	0	0	0	GAATT
chr7	55242468	1	A	0	1	0	0	0	0	0	0	0	0	0	AATTA
chr7	55242469	1	T	0	1	0	0	0	0	0	0	0	0	0	ATTAA
chr7	55242470	1	T	0	1	0	0	0	0	0	0	0	0	0	TTAAG
chr7	55242471	1	A	0	1	0	0	0	0	0	0	0	0	0	TAAGA
chr7	55242472	1	A	0	1	0	0	0	0	0	0	0	0	0	AAGAG
chr7	55242473	1	G	0	1	0	0	0	0	0	0	0	0	0	AGAGA
chr7	55242474	1	A	0	1	0	0	0	0	0	0	0	0	0	GAGAA
chr7	55242475	1	G	0	1	0	0	0	0	0	0	0	0	0	AGAAG
chr7	55242476	1	A	0	1	0	0	0	0	0	0	0	0	0	GAAGC
chr7	55242478	1	G	0	1	0	0	0	0	0	0	0	0	0	AGCAA
chr7	55242479	1	C	0	1	0	0	0	0	0	0	0	0	0	GCAAC
chr7	55242480	1	A	0	1	0	0	0	0	0	0	0	0	0	CAACA
chr7	55242481	1	A	0	1	0	0	0	0	0	0	0	0	0	AACAT
chr7	55242482	1	C	0	1	0	0	0	0	0	0	0	0	0	ACATC
chr7	55242483	1	A	0	1	0	0	0	0	0	0	0	0	0	CATCT
chr7	55242484	1	T	0	1	0	0	0	0	0	0	0	0	0	ATCTC
chr7	55242485	1	C	0	1	0	0	0	0	0	0	0	0	0	TCTCC
chr7	55242486	1	T	0	1	0	0	0	0	0	0	0	0	0	CTCCG
chr7	55242487	1	C	0	1	0	0	0	0	0	0	0	0	0	TCCGA
chr7	55242488	1	C	0	1	0	0	0	0	0	0	0	0	0	CCGAA
chr7	55242489	1	G	0	1	0	0	0	0	0	0	0	0	0	CGAAA
chr7	55242490	1	A	0	1	0	0	0	0	0	0	0	0	0	GAAAG
chr7	55242491	1	A	0	1	0	0	0	0	0	0	0	0	0	AAAGC
chr7	55242492	1	A	0	1	0	0	0	0	0	0	0	0	0	AAGCC
chr7	55242493	1	G	0	1	0	0	0	0	0	0	0	0	0	AGCCA
chr7	55242494	1	C	0	1	0	0	0	0	0	0	0	0	0	GCCAA
chr7	55242495	1	C	0	1	0	0	0	0	0	0	0	0	0	CCAAC
chr7	55242496	1	A	0	1	0	0	0	0	0	0	0	0	0	CAACA
chr7	55242497	1	A	0	1	0	0	0	0	0	0	0	0	0	AACAA
chr7	55242498	1	C	0	1	0	0	0	0	0	0	0	0	0	ACAAG
chr7	55242499	1	A	0	1	0	0	0	0	0	0	0	0	0	CAAGG
chr7	55242501	1	G	0	1	0	0	0	0	0	0	0	0	0	AGGAA
chr7	55242502	1	G	0	1	0	0	0	0	0	0	0	0	0	GGAAA
chr7	55242503	1	A	0	1	0	0	0	0	0	0	0	0	0	GAAAT
chr7	55242504	1	A	0	1	0	0	0	0	0	0	0	0	0	AAATC
chr7	55242505	1	A	0	1	0	0	0	0	0	0	0	0	0	AATCC
chr7	55242506	1	T	0	1	0	0	0	0	0	0	0	0	0	ATCCT
chr7	55242507	1	C	0	1	0	0	0	0	0	0	0	0	0	TCCTC
chr7	55242508	1	C	0	1	0	0	0	0	0	0	0	0	0	CCTCG
chr7	55242509	1	T	0	1	0	0	0	0	0	0	0	0	0	CTCGA
chr7	55242511	1	G	0	1	0	0	0	0	0	0	0	0	0	CGATG
chr7	55242512	1	A	0	1	0	0	0	0	0	0	0	0	0	GATGT
chr7	55242513	1	T	0	1	0	0	0	0	0	0	0	0	0	ATGTG
chr7	55249134	1	C	0	1	0	0	0	0	0	0	0	0	0	TCCCA
chr7	55249135	1	C	0	1	0	0	0	0	0	0	0	0	0	CCCAG
chr7	55249136	1	C	0	1	0	0	0	0	0	0	0	0	0	CCAGT
chr7	55249137	1	A	0	1	0	0	0	0	0	0	0	0	0	CAGTA
chr7	55249138	1	G	0	1	0	0	0	0	0	0	0	0	0	AGTAC
chr7	55249139	1	T	0	1	0	0	0	0	0	0	0	0	0	GTACC
chr7	55249140	1	A	0	1	0	0	0	0	0	0	0	0	0	TACCT
chr7	55249141	1	C	0	1	0	0	0	0	0	0	0	0	0	ACCTG
chr7	55249142	1	C	0	1	0	0	0	0	0	0	0	0	0	CCTGC
chr7	55249143	1	T	0	1	0	0	0	0	0	0	0	0	0	CTGCT
chr7	55249144	2	G	1	1	0	0	0	0	0	0	0	0	0	TGCTC
chr7	55249145	2	C	1	1	0	0	0	0	0	0	0	0	0	GCTCA
chr7	55249146	2	T	1	1	0	0	0	0	0	0	0	0	0	CTCAA
chr7	55249147	2	C	1	1	0	0	0	0	0	0	0	0	0	TCAAC
chr7	55249148	2	A	1	1	0	0	0	0	0	0	0	0	0	CAACT
chr7	55249149	2	A	1	1	0	0	0	0	0	0	0	0	0	AACTG
chr7	55249150	2	C	1	1	0	0	0	0	0	0	0	0	0	ACTGG
chr7	55249151	2	T	1	1	0	0	0	0	0	0	0	0	0	CTGGT
chr7	55249152	2	G	1	1	0	0	0	0	0	0	0	0	0	TGGTG
chr7	55249153	2	G	1	1	0	0	0	0	0	0	0	0	0	GGTGT
chr7	55249154	2	T	1	1	0	0	0	0	0	0	0	0	0	GTGTG
chr7	55249155	2	G	1	1	0	0	0	0	0	0	0	0	0	TGTGT
chr7	55249156	2	T	1	1	0	0	0	0	0	0	0	0	0	GTGTG
chr7	55249157	1	G	0	1	0	0	0	0	0	0	0	0	0	TGTGC
chr7	55249158	2	T	1	1	0	0	0	0	0	0	0	0	0	GTGCA
chr7	55249159	2	G	1	1	0	0	0	0	0	0	0	0	0	TGCAG
chr7	55249160	2	C	1	1	0	0	0	0	0	0	0	0	0	GCAGA
chr7	55249161	2	A	1	1	0	0	0	0	0	0	0	0	0	CAGAT
chr7	55249162	2	G	1	1	0	0	0	0	0	0	0	0	0	AGATC
chr7	55249163	2	A	1	1	0	0	0	0	0	0	0	0	0	GATCG
chr7	55249164	2	T	1	1	0	0	0	0	0	0	0	0	0	ATCGC
chr7	55249165	2	C	1	1	0	0	0	0	0	0	0	0	0	TCGCA
chr7	55249166	2	G	1	1	0	0	0	0	0	0	0	0	0	CGCAA
chr7	55249167	2	C	1	1	0	0	0	0	0	0	0	0	0	GCAAA
chr7	55249168	2	A	1	1	0	0	0	0	0	0	0	0	0	CAAAG
chr7	55249169	2	A	1	1	0	0	0	0	0	0	0	0	0	AAAGG
chr7	55249170	2	A	1	1	0	0	0	0	0	0	0	0	0	AAGGT
chr7	55249171	2	G	1	1	0	0	0	0	0	0	0	0	0	AGGTA
chr7	55259514	1	C	0	1	0	0	0	0	0	0	0	0	0	GCTGG
chr7	55259515	1	T	0	1	0	0	0	0	0	0	0	0	0	CTGGC
chr7	55259516	1	G	0	1	0	0	0	0	0	0	0	0	0	TGGCC
chr7	55259523	2	C	1	1	0	0	0	0	0	0	0	0	0	ACTGC
chr7	55259524	2	T	1	1	0	0	0	0	0	0	0	0	0	CTGCT
chr7	55259525	2	G	1	1	0	0	0	0	0	0	0	0	0	TGCTG
chr7	140453135	17	C	5	12	0	0	0	0	0	0	0	0	0	TCACT
chr7	140453136	16	A	5	11	0	0	0	0	0	0	0	0	0	CACTG
chr7	140453137	16	C	6	10	0	0	0	0	0	0	0	0	0	ACTGT
chr12	1639574	1	C	1	0	0	0	0	0	0	0	0	0	0	TCCCC	nan	nan	nan	nan
chr12	25380274	34	C	26	8	0	0	0	0	0	0	0	0	0	TCTTG
chr12	25380275	34	T	26	8	0	0	0	0	0	0	0	0	0	CTTGA
chr12	25380276	33	T	25	8	0	0	0	0	0	0	0	0	0	TTGAC
chr12	25380277	35	G	27	8	0	0	0	0	0	0	0	0	0	TGACC
chr12	25380278	32	A	24	8	0	0	0	0	0	0	0	0	0	GACCT
chr12	25398283	33	A	16	17	0	0	0	0	0	0	0	0	0	CACCA
chr12	25398284	34	C	16	18	0	0	0	0	0	0	0	0	0	ACCAG
chr12	25398285	35	C	16	19	0	0	0	0	0	0	0	0	0	CCAGC
chr12	25398286	33	A	16	17	0	0	0	0	0	0	0	0	0	CAGCT
