CHR	POS	DEPTH	REF	R+	R-	A+	A-	C+	C-	T+	T-	G+	G-	PAD	MOTIF
chr7	1022848	1	A	1	0	0	0	0	0	0	0	0	0	0	CATGG	nan	nan	nan	nan
chr7	55241706	1	G	0	1	0	0	0	0	0	0	0	0	0	TGGGC
chr7	55241707	1	G	0	1	0	0	0	0	0	0	0	0	0	GGGCT
chr7	55241708	1	G	0	1	0	0	0	0	0	0	0	0	0	GGCTC
chr7	55241709	1	C	0	1	0	0	0	0	0	0	0	0	0	GCTCC
chr7	55259515	1	T	0	1	0	0	0	0	0	0	0	0	0	CTGGC
chr7	55259516	1	G	0	1	0	0	0	0	0	0	0	0	0	TGGCC
chr7	55259523	1	C	0	1	0	0	0	0	0	0	0	0	0	ACTGC
chr7	55259524	1	T	0	1	0	0	0	0	0	0	0	0	0	CTGCT
chr7	55259525	1	G	0	1	0	0	0	0	0	0	0	0	0	TGCTG
chr7	140453135	235	C	91	144	0	0	0	0	0	0	0	0	0	TCACT
chr7	140453136	234	A	91	142	0	0	0	0	0	1	0	0	0	CACTG
chr7	140453137	229	C	93	134	0	0	0	0	0	2	0	0	0	ACTGT
chr12	329656	1	G	1	0	0	0	0	0	0	0	0	0	458	TGAGT	nan	nan	nan	nan
chr12	25380274	334	C	169	165	0	0	0	0	0	0	0	0	0	TCTTG
chr12	25380275	333	T	167	166	0	0	0	0	0	0	0	0	0	CTTGA
chr12	25380276	338	T	164	168	0	0	6	0	0	0	0	0	0	TTGAC
chr12	25380277	336	G	168	168	0	0	0	0	0	0	0	0	0	TGACC
chr12	25380278	333	A	166	166	0	0	0	0	0	0	0	1	0	GACCT
chr12	25398283	269	A	106	162	0	0	0	0	0	0	0	1	0	CACCA
chr12	25398284	268	C	105	163	0	0	0	0	0	0	0	0	0	ACCAG
chr12	25398285	270	C	106	163	0	1	0	0	0	0	0	0	0	CCAGC
chr12	25398286	271	A	105	165	0	0	0	0	0	0	0	1	0	CAGCT
