CHR	POS	DEPTH	REF	R+	R-	A+	A-	C+	C-	T+	T-	G+	G-	PAD	MOTIF
chr7	1024772	1	G	1	0	0	0	0	0	0	0	0	0	29	TGGAC
chr7	55248986	1	G	1	0	0	0	0	0	0	0	0	0	0	GGAAG
chr7	55248987	1	A	1	0	0	0	0	0	0	0	0	0	0	GAAGC
chr7	55248988	1	A	1	0	0	0	0	0	0	0	0	0	0	AAGCC
chr7	55248989	1	G	1	0	0	0	0	0	0	0	0	0	0	AGCCT
chr7	55248990	1	C	1	0	0	0	0	0	0	0	0	0	0	GCCTA
chr7	55248991	1	C	1	0	0	0	0	0	0	0	0	0	0	CCTAC
chr7	55248992	1	T	1	0	0	0	0	0	0	0	0	0	0	CTACG
chr7	55248993	1	A	1	0	0	0	0	0	0	0	0	0	0	TACGT
chr7	55248994	1	C	1	0	0	0	0	0	0	0	0	0	0	ACGTG
chr7	55248995	1	G	1	0	0	0	0	0	0	0	0	0	0	CGTGA
chr7	55248996	1	T	1	0	0	0	0	0	0	0	0	0	0	GTGAT
chr7	55248997	1	G	1	0	0	0	0	0	0	0	0	0	0	TGATG
chr7	55248998	1	A	1	0	0	0	0	0	0	0	0	0	0	GATGG
chr7	55248999	1	T	1	0	0	0	0	0	0	0	0	0	0	ATGGC
chr7	55249000	1	G	1	0	0	0	0	0	0	0	0	0	0	TGGCC
chr7	55249001	1	G	1	0	0	0	0	0	0	0	0	0	0	GGCCA
chr7	55249002	1	C	1	0	0	0	0	0	0	0	0	0	0	GCCAG
chr7	55249003	1	C	1	0	0	0	0	0	0	0	0	0	0	CCAGC
chr7	55249004	1	A	1	0	0	0	0	0	0	0	0	0	0	CAGCG
chr7	55249005	1	G	1	0	0	0	0	0	0	0	0	0	0	AGCGT
chr7	55249006	1	C	1	0	0	0	0	0	0	0	0	0	0	GCGTG
chr7	140453135	443	C	157	285	0	0	0	0	1	0	0	0	0	TCACT
chr7	140453136	439	A	155	284	0	0	0	0	0	0	0	0	0	CACTG
chr7	140453137	425	C	156	267	0	1	0	0	0	1	0	0	0	ACTGT
chr12	329938	1	T	1	0	0	0	0	0	0	0	0	0	176	CTGAG
chr12	25380274	1170	C	659	509	0	0	0	0	1	1	0	0	0	TCTTG
chr12	25380275	1171	T	668	503	0	0	0	0	0	0	0	0	0	CTTGA
chr12	25380276	1175	T	663	503	0	0	9	0	0	0	0	0	0	TTGAC
chr12	25380277	1173	G	671	502	0	0	0	0	0	0	0	0	0	TGACC
chr12	25380278	1165	A	657	503	0	0	0	0	0	0	0	5	0	GACCT
chr12	25398283	1173	A	538	632	0	0	0	0	0	0	0	2	0	CACCA
chr12	25398284	1181	C	537	643	0	0	0	0	0	0	0	0	0	ACCAG
chr12	25398285	1186	C	539	646	0	0	0	0	1	0	0	0	0	CCAGC
chr12	25398286	1185	A	537	646	0	0	0	0	0	0	0	2	0	CAGCT
