CHR	POS	DEPTH	REF	R+	R-	A+	A-	C+	C-	T+	T-	G+	G-	PAD	MOTIF
chr7	1026409	1	G	1	0	0	0	0	0	0	0	0	0	0	TGGAC	nan	nan	nan	nan
chr7	140453135	1306	C	474	832	0	0	0	0	0	0	0	0	0	TCACT
chr7	140453136	1306	A	474	831	0	0	0	0	0	1	0	0	0	CACTG
chr7	140453137	1269	C	487	773	0	3	0	0	0	6	0	0	0	ACTGT
chr12	330699	1	A	1	0	0	0	0	0	0	0	0	0	0	GAAGA	nan	nan	nan	nan
chr12	25380274	1135	C	670	465	0	0	0	0	0	0	0	0	0	TCTTG
chr12	25380275	1130	T	666	464	0	0	0	0	0	0	0	0	0	CTTGA
chr12	25380276	1134	T	668	461	0	0	4	0	0	0	1	0	0	TTGAC
chr12	25380277	1112	G	662	448	1	1	0	0	0	0	0	0	0	TGACC
chr12	25380278	1124	A	665	456	0	0	0	0	0	1	1	1	0	GACCT
chr12	25398283	1114	A	492	619	0	0	0	0	0	2	0	1	0	CACCA
chr12	25398284	1113	C	486	627	0	0	0	0	0	0	0	0	0	ACCAG
chr12	25398285	1112	C	486	625	0	0	0	0	0	0	1	0	0	CCAGC
chr12	25398286	1108	A	484	624	0	0	0	0	0	0	0	0	0	CAGCT
